0 0 0
0 0 0
0 0 0
0 0 0
0 0 0
0 0 0
0.0625 -0.25 -0.75
0.0625 -0.25 -0.8125
0.0625 -0.25 -0.875
0.0625 -0.25 -1
0 -0.25 -1.0625
359.9375 -0.3125 -1.25
359.875 -0.3125 -1.3125
359.875 -0.375 -1.375
359.8125 -0.375 -1.5
359.8125 -0.375 -1.5625
359.8125 -0.375 -1.625
359.875 -0.375 -1.6875
359.875 -0.4375 -1.8125
359.6875 -3.75 25
359.6875 -3.8125 24.9375
359.75 -3.8125 24.8125
359.75 -3.8125 24.75
359.75 -3.8125 24.6875
359.75 -3.8125 24.625
359.8125 -3.8125 24.5625
359.875 -3.8125 24.5625
359.9375 -3.75 24.5625
0 -3.75 24.625
0 -3.75 24.625
0.0625 -3.8125 24.6875
0.0625 -3.8125 24.6875
0.125 -4.0625 24.5
0.125 -4.0625 24.5
0.1875 -4.375 24.3125
0.3125 -4.5625 24.375
0.4375 -4.75 24.375
0.5625 -5.0625 24.3125
0.5625 -5.0625 24.3125
0.8125 -5.375 24.0625
1 -5.6875 23.625
1.4375 -6.3125 22.5
1.6875 -6.5 21.9375
1.6875 -6.5 21.9375
1.9375 -6.625 21.375
2.1875 -6.625 20.75
2.4375 -6.5625 20.125
3 -6.25 18.625
3.1875 -5.9375 17.9375
3.375 -5.4375 17.375
3.5625 -4.875 16.9375
3.5625 -4.875 16.9375
3.75 -4.125 16.5
3.875 -3.25 16
4.0625 -1.125 15.1875
4.125 0.0625 14.9375
4.25 1.4375 14.75
4.3125 2.8125 14.5625
4.4375 4.1875 14.375
4.5625 5.5625 14.0625
4.875 8.25 13.1875
4.875 8.25 13.1875
5.1875 11 12.25
5.1875 11 12.25
5.3125 12.3125 11.625
5.4375 13.6875 10.875
5.5 15.0625 10.125
5.5 16.5 9.4375
5.3125 19.5 8.5625
5.3125 19.5 8.5625
5.25 21 8.3125
5.1875 22.375 8.1875
5.125 23.625 8.1875
5.125 24.6875 8.1875
5.25 25.5625 8.1875
5.4375 26.25 8.25
5.6875 26.8125 8.375
6 27.1875 8.625
6.625 27.5625 9.125
6.625 27.5625 9.125
6.9375 27.5625 9.375
7.3125 27.5 9.6875
7.6875 27.375 10.0625
8.125 27.125 10.5
8.5625 26.8125 10.9375
9 26.375 11.375
9.5 25.75 11.75
10 25.0625 12.1875
10.5 24.1875 12.625
11 23.25 13.25
11.5625 22.125 13.875
12.0625 20.875 14.5625
12.6875 19.4375 15.0625
13.25 17.875 15.375
13.8125 16.25 15.625
14.3125 14.5625 15.9375
15 11.3125 16.5625
15.3125 9.75 16.625
15.625 8.25 16.6875
15.9375 6.75 16.8125
16.25 5.375 17.0625
16.625 3.875 17.1875
17.125 2.4375 17.125
17.625 1 17.125
18.25 -0.25 17.1875
18.8125 -1.375 17.3125
19.375 -2.375 17.5625
19.875 -3.3125 17.6875
20.375 -4.0625 17.8125
20.8125 -4.75 17.6875
21.1875 -5.375 17.375
21.1875 -5.375 17.375
21.6875 -6.3125 16.6875
21.6875 -6.3125 16.6875
22 -6.4375 16.1875
22.125 -6.3125 15.6875
22.1875 -5.9375 15.1875
22.25 -5.375 14.8125
22.25 -5.375 14.8125
22.1875 -4.6875 14.4375
22.125 -2.8125 13.8125
22.0625 -1.6875 13.6875
21.875 -0.5 13.625
21.875 -0.5 13.625
21.4375 1.9375 13
21.1875 3.25 12.4375
21 4.5625 11.8125
20.875 5.875 11.25
20.6875 7.25 10.75
20.5 8.625 10.1875
20.375 10 9.6875
20.25 11.375 9.1875
20.125 12.75 8.6875
20.0625 14.125 8.1875
19.9375 15.5625 7.6875
19.8125 17.0625 7.0625
19.6875 18.5625 6.5
19.5 20.1875 6.125
19.375 21.75 5.9375
19.1875 23.25 5.875
19.0625 24.6875 5.875
19 25.875 5.8125
19 26.9375 5.625
19.125 27.8125 5.25
19.1875 28.5625 4.9375
19.375 29.125 4.75
19.75 30.0625 4.6875
20 30.375 4.9375
20.3125 30.6875 5.25
20.625 30.9375 5.6875
20.875 31.125 6.25
21 31.1875 6.8125
21.25 31.0625 7.375
21.5625 30.875 8
22 30.4375 8.5625
22.5625 29.875 9
23.1875 29.125 9.375
23.875 28.3125 9.75
24.5625 27.4375 10.1875
25.1875 26.5625 10.75
25.8125 25.625 11.3125
26.375 24.75 11.8125
26.875 23.875 12.1875
27.375 23 12.625
27.75 22.125 13.0625
28.125 21.25 13.5
28.875 19.25 13.8125
28.875 19.25 13.8125
29.75 16.9375 13.8125
29.75 16.9375 13.8125
30.6875 14.5625 14.125
31.25 13.3125 14.375
31.9375 12.125 14.5
32.6875 10.875 14.5625
33.375 9.75 14.625
34 8.625 14.5625
34.5625 7.5625 14.4375
35.125 6.625 14.25
35.5625 5.8125 14.0625
36 5.0625 14
36.375 4.375 14.0625
36.8125 3.75 14.25
37.25 3.125 14.25
37.625 2.5625 14.125
38 2.0625 14
38.25 1.625 13.9375
38.375 1.3125 14.0625
38.4375 1.125 14.1875
38.375 1 14.3125
38.3125 1 14.4375
38.25 1 14.5625
38.25 1 14.5625
38 1.0625 14.6875
37.8125 1.0625 14.625
37.625 1.1875 14.6875
37.4375 1.25 14.6875
37.25 1.375 14.625
37.125 1.5625 14.625
36.9375 1.75 14.625
36.625 2.0625 14.5625
36.4375 2.25 14.5
36.25 2.4375 14.4375
36.0625 2.625 14.375
35.9375 2.75 14.375
35.6875 2.875 14.1875
35.625 2.9375 14.125
35.5625 3 14.0625
35.5625 3 14.0625
35.5 3.0625 13.9375
35.4375 3.1875 13.875
35.375 3.25 13.8125
35.3125 3.375 13.8125
35.25 3.5 13.6875
35.25 3.5 13.5625
35.1875 3.5625 13.375
35.1875 3.5625 13.25
35.1875 3.5625 13.125
35.125 3.5625 13
35.125 3.5625 12.875
35.1875 3.5 12.6875
35.25 3.5 12.625
35.25 3.5 12.5625
35.25 3.5 12.5
35.25 3.5 12.375
35.3125 3.5 12.125
35.375 3.4375 12
35.375 3.4375 11.875
35.4375 3.375 11.8125
35.5 3.375 11.6875
35.5 3.3125 11.625
35.5625 3.3125 11.375
