0 0 0
-9.875 2.3125 -0.75
-12.6875 6.0625 -1.6875
-14.375 5.9375 -2.375
-10.75 3.75 -2.125
-8.5625 1.875 -1.3125
-7.125 0.75 0.125
-7.875 0.4375 1.4375
-9.1875 1.125 3.25
-12.25 2.3125 4.625
-14 2.9375 5.125
-10.375 2.9375 4.75
-7.375 2.625 3.75
-8.0625 1.9375 1.75
-8.375 1.3125 0.5625
-8.375 0.875 0
-7.0625 0.25 -0.6875
-8.5625 0.75 -1.1875
-10.125 1.1875 -1.5
-11.1875 1.375 -1.625
-10.125 0.5625 -1.3125
-7 -0.1875 -0.9375
-6.3125 -0.25 -1.0625
-5.9375 -0.875 -1.9375
-5.0625 -2.125 -3.8125
-1.625 -3.625 -5.0625
3 -4.375 -4.875
3.3125 -4 -4.25
-0.0625 -2.25 -3.8125
3.5 0.5 -2.5
4.6875 4.3125 -2.4375
-4.3125 8.375 -4.75
-11.5625 11.6875 -7.3125
-13.125 14.4375 -8.6875
-6.75 15.5 -8.9375
1.3125 16.0625 -11.3125
3.75 17 -16.5
-7.375 20.3125 -22.25
-24.1875 24.75 -26.25
-39.25 26.375 -28.8125
-52.1875 24.625 -30.4375
-60.8125 18.375 -30.375
-59.9375 8.75 -29.3125
-54.5625 -1.5 -28.625
-57.1875 -9.75 -29.25
-63.8125 -16.625 -29.6875
-71.1875 -22.6875 -28.25
-75.3125 -30.1875 -24.9375
-66.5 -41.75 -20.1875
-54.125 -55.625 -14.625
-43.4375 -68.9375 -8.8125
-43.3125 -81.0625 -5.125
-47.125 -92.9375 -2.0625
-36.5625 -119.9375 5.75
-36.5625 -119.9375 5.75
-23.625 -141.0625 9.0625
-22.1875 -146.3125 8.6875
-19.75 -147.25 9.0625
-34.875 -144.125 6.125
-46.6875 -142.1875 3.125
-47.9375 -142.375 2.8125
-49.75 -143.25 3.5
-58.875 -142.8125 5.4375
-69.9375 -140.375 9.5
-79.125 -139.3125 13.375
-79.6875 -143.375 17.25
-72.8125 -147.9375 22.625
-53.75 -152.125 27.25
-36.9375 -153.75 25.8125
-24.75 -150.875 21.25
-11.4375 -141.375 18.5625
-0.8125 -127.4375 15.5
-3.875 -109.8125 8.0625
-9.3125 -91.875 -2.25
-3.5625 -75.3125 -12.4375
1.375 -59.5 -21.6875
3.3125 -45 -29
8.875 -31.25 -31.9375
8.0625 -17.9375 -33.8125
3.5625 -7.3125 -37.25
9.8125 0.0625 -40.75
17.5 7.375 -44.25
23.6875 15.3125 -48.0625
22.5 25 -52.3125
19.5 36.5625 -55.8125
18.625 49.375 -58.875
18.8125 62.25 -62.75
25.1875 74.5625 -67.0625
38.3125 86.6875 -69.75
49.4375 98.3125 -74.25
47.5 113 -80.125
33.0625 131.0625 -83.6875
21 146.5 -84
14.8125 155.4375 -80.625
23.0625 157.9375 -72.5625
32.0625 157.375 -63.9375
24.1875 155.5 -59.375
8.125 152.4375 -56.625
4.0625 147.4375 -53.625
13.8125 141.1875 -51.125
24.1875 137.5 -53.1875
10.25 138.5 -62.25
-7.5625 138.4375 -70.75
-3.3125 131 -75.375
5.75 117.1875 -78.25
16.25 99.8125 -76.25
24.25 86.25 -70
16.375 76.1875 -65.3125
14.125 64.875 -60.6875
-7.9375 58.625 -54
-32.0625 52.75 -47.1875
-42.875 46.25 -37.5
-25.3125 31.3125 -26.6875
-16.375 12.3125 -20.125
-28.625 -6.5 -17.9375
-47.4375 -20.125 -11.625
-52.125 -39.125 -5.3125
-40.3125 -58.625 2.0625
-38.75 -73.4375 8.6875
-36.6875 -89.1875 11.5
-24.0625 -103.25 16.4375
-9.1875 -114.4375 25.1875
-9.25 -120.5 32.6875
-26.25 -122.5625 36.8125
-41.3125 -124.375 38.5
-56.625 -126.75 37.1875
-63.6875 -129.75 34.8125
-55.3125 -134.625 33.875
-52.1875 -136.8125 33.125
-54.25 -137.1875 32.875
-53.0625 -138.375 31.4375
-50.4375 -139.3125 28.75
-51.375 -139 27.5
-50.4375 -141.875 27.375
-50.9375 -145.9375 28.375
-58.75 -150.8125 29.0625
-53.125 -157.625 30.6875
-33.125 -161.75 31.5625
-15.5 -160.75 29
2.6875 -142.6875 20.25
-5.375 -126.125 15.125
-24.625 -107.375 9
-38.6875 -90.25 4.25
-33.5625 -76.1875 0.5625
-29.375 -62.3125 -4.25
-20.625 -51.1875 -11.8125
-2.125 -44.125 -19.3125
5.375 -38.4375 -27.875
12 -33.125 -33.6875
23.4375 -28.75 -35.1875
35.1875 -22.25 -32.25
42.0625 -10.5 -29.4375
36.125 4.75 -34.125
36.25 19.125 -44.3125
31.75 34.625 -55.4375
12.8125 50.125 -65.5625
3.6875 63.5 -71.6875
4.1875 72.1875 -76.25
11.25 77.375 -79.625
22.8125 79.875 -79.1875
27.3125 80.3125 -76.3125
25.9375 80.1875 -72.3125
20.375 79.875 -66.625
33.4375 77.3125 -55.6875
31.75 80.75 -52.8125
16 89.5625 -52.1875
-6.625 100.3125 -52.6875
-15.0625 107.9375 -52.9375
-4.625 110.6875 -55.3125
5.9375 111.375 -60.375
11.375 111 -66.125
9.4375 109.625 -74.5
3.1875 108.375 -83.75
-5.375 106.9375 -88.5
-7.125 102.9375 -85.5
-10.3125 97.5625 -78.6875
-17.9375 91.75 -69.8125
-25.1875 84.4375 -61.3125
-22.125 75.4375 -55.1875
-12.75 66.875 -52.75
4.625 62 -49.5
12.6875 54.5 -48.75
3.5625 49.5625 -50.5
-15.5625 48.375 -48.1875
-19.0625 45.1875 -41.1875
-4.25 37.25 -30.375
11.6875 27.8125 -17.375
15.5 19.1875 -6.625
13.625 11.9375 0.625
12.5 6.0625 5.625
11.0625 2.875 9.125
8 1.125 11.8125
2.5 0 14.3125
-0.0625 -1.125 17.4375
0.9375 -6 19.8125
0.9375 -6 19.8125
0.3125 -11.5 18
-1.1875 -13.375 17.25
-3.4375 -14.4375 17.375
-4.5 -15 18.8125
-5.1875 -14.8125 20.125
-3.625 -13.4375 21.4375
-2.125 -8.5625 18.875
-6.625 -6.125 14.6875
-10.3125 -4.4375 10.9375
-8.8125 -4.1875 8.4375
-7.9375 -4.75 8.0625
-8.5 -5.625 7.875
-8.4375 -6.6875 7.0625
-3.5 -8.1875 6.0625
-0.1875 -8.5 4.75
-4.75 -7.1875 3.8125
-10.6875 -4.625 3.5
-13.625 -2.6875 3.6875
-13.8125 -1.9375 3.8125
-13.125 -0.75 3.875
-13.9375 1.1875 1.5
-11.5625 1.1875 -0.125
-9.8125 0.6875 -1.5
-10 0.625 -2.6875
-8.4375 -0.5625 -2.9375
-6.0625 -0.5625 -1.75
-12.875 0.75 -1.375
-12 0.9375 -1.8125
-11.125 1.3125 -2.25
-11.9375 1.6875 -3.0625
-7.8125 1.625 -3.6875
-5.25 1.3125 -4.0625
-7.3125 1.625 -3.875
-12.4375 1.8125 -1.6875
-14.3125 1.4375 -1.25
