0 0 0
0 0 0
0 0 0
0 0 0
0 0 0
-0.72 5.39 -0.7
-0.68 5.49 -1.04
-0.63 5.55 -1.56
-0.66 5.29 -1.69
-0.64 4.95 -1.62
-0.69 4.54 -1.47
-0.69 3.92 -1.3
-0.68 3.8 -1.19
-0.67 3.89 -1.12
-0.58 4.16 -1.09
-0.55 4.15 -1.16
-0.55 4.24 -1.25
-0.51 4.41 -1.26
0 0 -0.05
0 0.14 0.06
-0.02 0.14 0.15
-0.05 -0.1 0.08
-0.07 -0.41 0.07
-0.1 -0.62 0.09
-0.1 -0.61 0.1
-0.04 0.11 -0.35
0 0.31 -0.84
0.06 0.3 -1.34
0.32 0.29 -2.33
0.35 -0.24 -2.65
0.42 -0.77 -2.72
0.49 -0.94 -2.66
0.48 -0.77 -2
0.49 -0.84 -1.6
0.51 -1.42 -1.19
0.71 -2.43 -1.16
0.91 -2.09 -1.23
1.02 -1.22 -0.77
0.98 -0.6 0.37
0.72 0.54 3.76
0.55 1.19 5.58
0.36 1.77 7.08
0.06 2 7.85
-0.06 2.26 7.72
-0.26 2.74 7.77
-0.48 3.63 7.92
-0.87 4.97 9.39
-1.13 5.24 10.49
-1.31 5.4 11.14
-1.59 5.28 10.93
-1.76 4.82 10.58
-1.93 4.65 10.31
-2.18 4.64 10.2
-2.48 3.9 9.83
-2.62 3.33 8.36
-2.74 2.48 6.56
-2.63 1.87 1.45
-2.68 1.15 0
-2.83 1.12 -0.25
-2.76 2.22 -0.52
-2.79 2.62 -1.04
-2.87 3.23 -1.83
-2.9 3.96 -2.64
-3.01 3.76 -2.47
-3.27 3.73 -1.51
-3.5 3.73 -1.37
-3.68 1.42 -2.85
-3.87 -0.66 -4.25
-3.84 -1.75 -6.2
-3.73 -1.95 -8.39
-3.07 -2.93 -12.32
-2.9 -4.24 -13.57
-2.84 -5.2 -14.17
-2.63 -5.69 -14.22
-2.63 -5.69 -14.22
-2.68 -4.9 -13.82
-2.7 -3.9 -13.5
-2.66 -3.08 -12.84
-2.78 -3.5 -12.05
-2.79 -3.77 -11.3
-2.75 -3.88 -11.02
-2.69 -3.89 -11.4
-2.66 -3.8 -11.83
-2.51 -3.38 -12.3
-2.5 -3.02 -12.96
-2.53 -3.04 -13.01
-2.66 -3.04 -12.9
-3.27 -2.35 -12.77
-3.48 -2.37 -12.78
-3.52 -1.97 -13.24
-3.47 -0.99 -13.42
-3.66 1.57 -10.49
-3.63 2.84 -7.86
-3.58 4.23 -5.27
-3.24 4.79 -2.07
-2.91 4.08 -1.01
-2.58 3.68 0.02
-2.36 3.46 1.16
-2.31 2.57 2.65
-2.17 1.19 2.24
-2.03 -0.15 1.85
-2.29 0.58 4.93
-2.26 1.55 7.57
-2.14 2.5 9.76
-1.94 4.29 10.99
-1.67 7.86 9.48
-1.47 7.09 10.41
-1.36 7.8 11.03
-1.15 9.25 10.66
-1.1 9.7 10.48
-1.17 10.25 11.36
-1.4 10.39 14.18
-1.82 8.99 16.75
-1.82 8.2 17.5
-1.75 9.34 15.57
-2.05 8.89 17.45
-1.99 8.8 15.5
-2.03 7.98 13.87
-2.17 6.69 13.02
-2.25 6.74 10.22
-2.35 7.34 8.51
-2.4 7.13 6.47
-2.32 5.29 3.23
-2.48 4.29 2.52
-2.55 3.24 2.19
-2.63 2.63 1.84
-2.57 2.26 1.35
-2.55 2.35 0.31
-2.53 2.27 -0.52
-2.55 1.2 -1.28
-2.64 1.13 -1.89
-2.77 1.5 -2.23
-3 1.7 -1.54
-3.23 2.35 -1.02
-3.46 2.25 -0.82
-3.7 2 -0.83
-3.91 0.06 -3.72
-3.95 -0.98 -5.89
-3.9 -1.56 -7.97
-3.84 -1.47 -10.14
-3.13 -1.72 -13.33
-3.08 -1.63 -12.94
-2.94 -2.19 -11.88
-3 -3.2 -11.33
-2.98 -4.04 -10.41
-3.04 -4.32 -9.48
-2.92 -4.15 -8.42
-2.81 -3.18 -8.28
-2.68 -1.98 -8.25
-2.33 -0.38 -10.17
-2.19 -1.54 -11.62
-2.15 -3.59 -12.51
-2.12 -5.08 -12.55
-2.14 -5.07 -12.39
-2.2 -4.15 -11.56
-2.27 -2.97 -10.24
-2.55 -1.69 -6.75
-2.6 -0.93 -5.65
-2.65 0.54 -4.55
-2.58 1.65 -3.76
-2.67 3.26 -3.1
-2.62 3.78 -2.85
-2.53 3.93 -2.78
-2.33 3.48 -4.26
-1.67 2.87 -6.78
-1.61 2.44 -6.84
-1.98 1.4 -4.19
-2.04 0.39 -3
-2.07 -0.22 -2.11
-2.48 -0.72 -0.91
-2.45 -0.97 -0.57
-2.22 -0.53 -0.35
-2.07 1.33 0.26
-1.99 5.67 2.24
-1.73 6.88 3.02
-1.48 7.71 3.61
-1.48 7.19 5.06
-1.42 6.47 5.52
-1.35 5.37 5.19
-1.25 5.54 4.08
-1.43 5.29 5.59
-1.32 6.04 4.55
-1.33 7.27 3.94
-1.56 9.38 5.64
-1.62 10.27 6.55
-1.59 10.56 6.94
-1.51 10.02 6.58
-1.25 8.08 5.14
-1.1 7.11 4.25
-0.99 6.45 3.2
-0.8 5.67 1.79
-0.73 5.47 1.52
-0.76 5.2 1.39
-0.8 4.57 1.35
-0.84 2.93 1.27
-0.91 2.62 1.05
-0.89 2.56 0.61
-0.68 2.86 -0.65
-0.63 2.99 -1
-0.64 2.85 -1.4
-0.61 2.16 -2.24
-0.61 1.53 -2.52
-0.61 0.95 -2.7
-0.66 0.67 -1.95
-0.66 1.15 -1.59
-0.66 1.71 -1.33
-0.68 1.75 -1.06
-0.71 1.57 -1.07
-0.69 1.47 -1.2
-0.56 1.72 -2.06
-0.48 2.03 -2.48
-0.46 2.32 -2.53
-0.42 2.4 -2.34
-0.47 2.33 -2.06
-0.46 2.21 -2.02
-0.49 1.93 -1.86
-0.57 1.84 -1.72
-0.58 1.9 -1.3
-0.6 2.17 -1.24
-0.56 2.88 -1.32
-0.56 3.14 -1.62
-0.58 3.02 -1.81
-0.6 2.65 -1.79
-0.62 2.52 -1.57
-0.67 2.51 -1.59
-0.69 2.64 -1.38
-0.64 2.73 -1.33
-0.62 3.08 -1.52
-0.63 3.46 -1.45
-0.62 3.41 -1.37
-0.67 2.9 -1.13
