0 0 0 0
0 0 0 0
0 0 0 0
0 0 0 0
0 0 0 0
1 -0.006713867 0.002319336 -0.0009765625
1 -0.0073242188 0.002380371 -0.0009765625
0.99993896 -0.0079956055 0.002380371 -0.0008544922
0.99993896 -0.008728027 0.0025024414 -0.00061035156
0.99993896 -0.009765625 0.0026855469 -0.00018310547
0.99993896 -0.010986328 0.0029296875 0.00024414062
0.99993896 -0.01184082 0.0031738281 0.00061035156
0.99993896 -0.012451172 0.0034179688 0.0009765625
0.9998779 -0.013183594 0.0036010742 0.0010986328
0.9998779 -0.0138549805 0.0037231445 0.0010986328
0.9998779 -0.014587402 0.0037841797 0.0010986328
0.9998779 -0.015197754 0.0037841797 0.0010375977
0.9998779 -0.01586914 0.0038452148 0.0009765625
0.975647 0.2164917 0.0345459 0.0022583008
0.9758911 0.21557617 0.03466797 0.0021362305
0.9760742 0.21472168 0.034729004 0.0020751953
0.9761963 0.21417236 0.034729004 0.0020141602
0.97631836 0.21362305 0.034729004 0.001953125
0.9763794 0.21313477 0.034729004 0.0017700195
0.97650146 0.21270752 0.034606934 0.0014648438
0.9765625 0.21252441 0.034423828 0.0009765625
0.97650146 0.21276855 0.034118652 0.00048828125
0.9764404 0.2130127 0.03387451 0.000061035156
0.9764404 0.2130127 0.03375244 -0.00030517578
0.9763794 0.21331787 0.033813477 -0.0005493164
0.97631836 0.21368408 0.034179688 -0.0006713867
0.9763794 0.21331787 0.034973145 -0.00091552734
0.97650146 0.21234131 0.036071777 -0.0012817383
0.9767456 0.21124268 0.03741455 -0.0017089844
0.97680664 0.21063232 0.038879395 -0.0021362305
0.9766846 0.21069336 0.040405273 -0.0028076172
0.9765625 0.21099854 0.042114258 -0.0038452148
0.97662354 0.21026611 0.044189453 -0.0053100586
0.9769287 0.20819092 0.046691895 -0.006958008
0.977478 0.20489502 0.04937744 -0.008666992
0.9782715 0.20043945 0.052001953 -0.010559082
0.979187 0.1953125 0.05407715 -0.012512207
0.98010254 0.19018555 0.055358887 -0.014526367
0.980896 0.18554688 0.055786133 -0.016662598
0.9818115 0.18066406 0.055480957 -0.018981934
0.9827881 0.1751709 0.0546875 -0.021362305
0.9838867 0.16912842 0.053344727 -0.023742676
0.98498535 0.16265869 0.051330566 -0.025878906
0.98602295 0.15698242 0.04827881 -0.027832031
0.9869385 0.15222168 0.043945312 -0.02960205
0.9876709 0.1484375 0.038391113 -0.031066895
0.98846436 0.14459229 0.031799316 -0.032348633
0.9892578 0.14038086 0.024230957 -0.033569336
0.9904785 0.1328125 0.005554199 -0.03540039
0.9907837 0.1303711 -0.0056152344 -0.036132812
0.99090576 0.12799072 -0.017456055 -0.03692627
0.99090576 0.12561035 -0.029724121 -0.037841797
0.99072266 0.12347412 -0.042053223 -0.03869629
0.9904785 0.12005615 -0.05407715 -0.039794922
0.9902344 0.11566162 -0.06585693 -0.04119873
0.98986816 0.111083984 -0.07763672 -0.04260254
0.98931885 0.10638428 -0.089416504 -0.043945312
0.9887085 0.10089111 -0.10119629 -0.04522705
0.9880371 0.09442139 -0.11273193 -0.046203613
0.9873047 0.0871582 -0.12414551 -0.046936035
0.98638916 0.079711914 -0.13586426 -0.047424316
0.98516846 0.07281494 -0.14807129 -0.04736328
0.98358154 0.06738281 -0.16064453 -0.046691895
0.9817505 0.06335449 -0.17340088 -0.045898438
0.9796753 0.06036377 -0.18591309 -0.045288086
0.977478 0.05859375 -0.19769287 -0.044677734
0.9753418 0.057800293 -0.20825195 -0.044006348
0.9734497 0.0569458 -0.21734619 -0.043945312
0.9717407 0.055847168 -0.22485352 -0.04473877
0.9702759 0.055480957 -0.23095703 -0.046203613
0.96899414 0.055786133 -0.23571777 -0.048217773
0.96795654 0.05645752 -0.23925781 -0.05078125
0.9671631 0.057739258 -0.24169922 -0.053344727
0.96661377 0.05895996 -0.24304199 -0.056030273
0.96624756 0.05999756 -0.24346924 -0.059020996
0.9660034 0.061645508 -0.24334717 -0.062194824
0.9658203 0.06402588 -0.24255371 -0.06536865
0.96569824 0.0670166 -0.24121094 -0.068725586
0.9657593 0.07006836 -0.23901367 -0.072387695
0.96606445 0.07305908 -0.23577881 -0.07635498
0.9664917 0.076049805 -0.23150635 -0.08050537
0.9671631 0.07922363 -0.22613525 -0.08483887
0.9678955 0.08312988 -0.2197876 -0.08935547
0.9686279 0.0881958 -0.21246338 -0.093688965
0.9694214 0.09436035 -0.20428467 -0.09814453
0.97021484 0.1005249 -0.19476318 -0.103027344
0.9713135 0.105773926 -0.18353271 -0.10821533
0.9725342 0.11010742 -0.17095947 -0.113464355
0.9737549 0.11395264 -0.15759277 -0.1184082
0.9747925 0.1184082 -0.144104 -0.12249756
0.97558594 0.12347412 -0.13079834 -0.12579346
0.9763794 0.12774658 -0.117614746 -0.12878418
0.9770508 0.13061523 -0.10449219 -0.13171387
0.97766113 0.13305664 -0.091796875 -0.13446045
0.9779053 0.13616943 -0.079711914 -0.13702393
0.97784424 0.14013672 -0.067993164 -0.13964844
0.97772217 0.14294434 -0.05596924 -0.1430664
0.97753906 0.14434814 -0.0435791 -0.14727783
0.9770508 0.14593506 -0.031799316 -0.1519165
0.9761963 0.14813232 -0.0211792 -0.15686035
0.97509766 0.15093994 -0.012207031 -0.16186523
0.97387695 0.1541748 -0.0045776367 -0.1665039
0.9727783 0.15661621 0.002319336 -0.17089844
0.9716797 0.1586914 0.008239746 -0.17504883
0.97088623 0.15887451 0.013916016 -0.1786499
0.97052 0.15698242 0.019348145 -0.1817627
0.970459 0.15411377 0.024291992 -0.1842041
0.9702759 0.15246582 0.02758789 -0.18591309
0.9701538 0.15124512 0.029174805 -0.18737793
0.97021484 0.14874268 0.029296875 -0.18884277
0.9707031 0.14453125 0.028564453 -0.1899414
0.9713135 0.1395874 0.026245117 -0.19073486
0.9719238 0.13537598 0.022033691 -0.19116211
0.97265625 0.13098145 0.016540527 -0.19122314
0.97332764 0.12652588 0.009643555 -0.19116211
0.97387695 0.122924805 0.0014038086 -0.19091797
0.97436523 0.12030029 -0.008117676 -0.19000244
0.9748535 0.11755371 -0.018249512 -0.1885376
0.97540283 0.11340332 -0.028259277 -0.18676758
0.9760742 0.107910156 -0.038269043 -0.18487549
0.9766846 0.101135254 -0.04815674 -0.18310547
0.97717285 0.09375 -0.058166504 -0.18157959
0.977417 0.08691406 -0.06866455 -0.18011475
0.977417 0.080322266 -0.07940674 -0.1786499
0.9772949 0.07354736 -0.090148926 -0.1772461
0.9769287 0.06689453 -0.10095215 -0.17590332
0.9763794 0.06036377 -0.11187744 -0.17468262
0.975647 0.053833008 -0.122680664 -0.17364502
0.97473145 0.047302246 -0.13378906 -0.17248535
0.9736328 0.040649414 -0.1451416 -0.17132568
0.97229004 0.03326416 -0.15679932 -0.17016602
0.96881104 0.020751953 -0.18188477 -0.16699219
0.9666748 0.016784668 -0.19488525 -0.1651001
0.9644165 0.013977051 -0.2074585 -0.16339111
0.96209717 0.01184082 -0.21911621 -0.16186523
0.9598999 0.009399414 -0.22930908 -0.16082764
0.9579468 0.0057373047 -0.2376709 -0.16064453
0.95617676 0.0013427734 -0.2444458 -0.16113281
0.95458984 -0.0024414062 -0.2501831 -0.16186523
0.95318604 -0.005554199 -0.25476074 -0.16278076
0.9519043 -0.0076904297 -0.25860596 -0.16418457
0.9506836 -0.008056641 -0.262146 -0.16571045
0.94940186 -0.007507324 -0.26531982 -0.16784668
0.94818115 -0.006286621 -0.26818848 -0.17022705
0.9470215 -0.0040283203 -0.270813 -0.17248535
0.9460449 -0.00079345703 -0.27313232 -0.17425537
0.94537354 0.003112793 -0.27459717 -0.17565918
0.9449463 0.0068359375 -0.27471924 -0.17755127
0.94470215 0.011047363 -0.27374268 -0.18023682
0.9446411 0.0154418945 -0.2713623 -0.18389893
0.94470215 0.018737793 -0.2675171 -0.18878174
0.9449463 0.02166748 -0.26239014 -0.1942749
0.94525146 0.024841309 -0.25653076 -0.20013428
0.94555664 0.028808594 -0.2503662 -0.20611572
0.94573975 0.033691406 -0.24414062 -0.21173096
0.94592285 0.038879395 -0.23803711 -0.21704102
0.94628906 0.048339844 -0.22558594 -0.22662354
0.94647217 0.052978516 -0.21954346 -0.23065186
0.9466553 0.05822754 -0.21374512 -0.23413086
0.9468384 0.06329346 -0.2076416 -0.23736572
0.9472656 0.06726074 -0.20050049 -0.24078369
0.947876 0.06970215 -0.1920166 -0.24450684
0.94854736 0.0715332 -0.18273926 -0.24835205
0.9490967 0.07434082 -0.17346191 -0.25219727
0.9493408 0.078125 -0.1642456 -0.2562256
0.9493408 0.082336426 -0.15515137 -0.26062012
0.9489746 0.08648682 -0.14605713 -0.26568604
0.94836426 0.09020996 -0.13677979 -0.2715454
0.9475708 0.09320068 -0.1274414 -0.27789307
0.9466553 0.0960083 -0.11834717 -0.28399658
0.94573975 0.0982666 -0.10961914 -0.28955078
0.9450073 0.099731445 -0.101257324 -0.29455566
0.944397 0.1003418 -0.09338379 -0.2989502
0.9437256 0.10089111 -0.086364746 -0.30285645
0.9429321 0.101989746 -0.08026123 -0.3065796
0.9420166 0.10430908 -0.07501221 -0.30993652
0.940979 0.107055664 -0.07055664 -0.31329346
0.9398804 0.108947754 -0.066223145 -0.3168335
0.93896484 0.10925293 -0.061523438 -0.32025146
0.93829346 0.109191895 -0.05706787 -0.3232422
0.9376221 0.10998535 -0.053710938 -0.32531738
0.9371948 0.111816406 -0.051635742 -0.32635498
0.9369507 0.113586426 -0.050476074 -0.32666016
0.93688965 0.114990234 -0.049926758 -0.32641602
0.9369507 0.1161499 -0.049865723 -0.3258667
0.93707275 0.11706543 -0.049987793 -0.32507324
0.9373169 0.11767578 -0.050231934 -0.32409668
0.9376831 0.11779785 -0.050476074 -0.322937
0.9381714 0.11767578 -0.050720215 -0.3215332
0.939209 0.117492676 -0.051940918 -0.31848145
0.93969727 0.11694336 -0.052734375 -0.31707764
0.9401245 0.11657715 -0.053833008 -0.3157959
0.9404907 0.11602783 -0.05505371 -0.3145752
0.94091797 0.11529541 -0.056274414 -0.3133545
0.94140625 0.11444092 -0.057556152 -0.31201172
0.94189453 0.11352539 -0.058776855 -0.31054688
0.94244385 0.11279297 -0.059936523 -0.309021
0.9434204 0.111694336 -0.061767578 -0.30603027
0.94384766 0.11090088 -0.06225586 -0.30493164
0.94421387 0.10992432 -0.062438965 -0.30419922
0.944458 0.109069824 -0.06262207 -0.30358887
0.94470215 0.10827637 -0.06286621 -0.30303955
0.9449463 0.10736084 -0.06317139 -0.30249023
0.9451904 0.10650635 -0.06359863 -0.302063
0.9453125 0.10595703 -0.064208984 -0.30163574
0.9454346 0.10571289 -0.064941406 -0.30133057
0.9454956 0.105163574 -0.06542969 -0.30114746
0.9456787 0.10418701 -0.06555176 -0.30096436
0.9458618 0.10296631 -0.06542969 -0.3007202
0.9460449 0.10180664 -0.06524658 -0.3005371
0.94628906 0.10070801 -0.06506348 -0.30029297
0.9466553 0.09851074 -0.06427002 -0.30004883
0.9467163 0.097595215 -0.06390381 -0.30010986
0.94677734 0.09680176 -0.0635376 -0.30029297
0.94677734 0.096069336 -0.06323242 -0.3005371
0.94677734 0.09539795 -0.06298828 -0.3008423
0.9468384 0.09423828 -0.06262207 -0.30114746
0.9468994 0.09320068 -0.062194824 -0.30133057
0.94696045 0.092285156 -0.061828613 -0.30151367
0.9470215 0.091430664 -0.061401367 -0.3017578
0.9470215 0.089660645 -0.060424805 -0.30236816
0.9470215 0.08905029 -0.06011963 -0.30267334
0.94696045 0.08868408 -0.059814453 -0.30303955
0.9468994 0.0881958 -0.059448242 -0.30334473
0.94696045 0.08648682 -0.058532715 -0.303833
0.9470825 0.08538818 -0.058044434 -0.30395508
