0 0 0
-9.4375 0.9375 0
-13.6875 3.5 -0.75
-11.4375 4.4375 0.125
-11.125 3.375 0.6875
-8.25 1.1875 0.75
-5.25 -0.625 0.25
-5.6875 -1.3125 -0.8125
-5.75 -1.1875 -1.5
-6.0625 -0.3125 -1.3125
-7.125 0.4375 -0.875
-7.8125 0.8125 -0.25
-7.25 0.9375 0.125
-8.125 1.375 0.25
-9.75 1.5625 0.4375
-10.625 1.5625 0.6875
-9.625 1 1.0625
-7.625 0.1875 1.25
-7.4375 -0.1875 0.9375
-8.1875 -0.5 0.1875
-9.625 -0.875 0.5
-9.6875 -1.375 1.1875
-7.9375 -2.3125 1.5625
-6.625 -2.8125 1.4375
-9.125 -1.875 0.125
-12.0625 -0.9375 0.8125
-14.4375 -0.375 2.0625
-14.375 -0.5625 3.5
-17.25 -1.4375 3.75
-16.4375 -3.125 2.375
-11.3125 -5.25 1.9375
-9.75 -7 1.875
-10.4375 -9.125 1.625
-11 -16.75 -2.1875
-10.0625 -21.0625 -6.0625
-10.9375 -24.75 -9.5
-12.0625 -26.625 -11.6875
-10 -27.6875 -15.9375
-18.125 -25.75 -20.1875
-24.75 -23.0625 -24.4375
-30.875 -21.9375 -30.125
-15.125 -22 -40.5
-12.6875 -18.9375 -42.6875
-14.9375 -14.8125 -43.375
-17.8125 -12.5 -45.5
2.6875 -15.5625 -51.9375
14.5625 -14.5625 -53.8125
12.0625 -8.5625 -57.8125
0.875 1.6875 -63.375
1.8125 20.3125 -78.375
5 26 -85.75
4.5625 29.8125 -90.5625
4.8125 32 -91.9375
15.125 39.875 -82.875
19.375 44.5625 -77
19.1875 48 -72.8125
25.625 50.1875 -68.8125
31.25 52.3125 -64.8125
35.6875 62.75 -58.75
38.75 69.5 -56
40.875 76.3125 -53
36.75 83.75 -49.125
25.9375 91.75 -43.75
36.8125 96.8125 -27.125
43.1875 102 -19.4375
23.75 112.25 -16.9375
0.3125 117.8125 -15.625
4.5 113.875 -12.9375
9.625 104.5 -10.6875
29.75 85.5625 4.6875
33 83.75 14.875
37.3125 88.3125 27.1875
30.375 95.375 35.6875
23.3125 101.625 43.5
30.6875 104.75 51.6875
49.3125 104.625 66.9375
44.9375 107.75 77.125
11 119.875 87.375
-10.1875 124.125 92.9375
-10.3125 123.9375 96.8125
-14.8125 120.0625 100.9375
-10.625 107.1875 105.25
-20.3125 87 120
-4.8125 72.125 128.375
-3.5625 58.1875 129.3125
-6.875 48.375 130.25
-5.125 43.75 132.5
-23.3125 48 136.75
-36.8125 52 144.1875
-54.6875 51.9375 145.625
-64.5625 45.5 141.375
-57.1875 33.8125 136.5
-46.0625 11.875 130
-42.4375 6.125 130.625
-50.375 4.625 127.375
-72.3125 4.0625 115.125
-88.375 -8.625 93.6875
-77.1875 -18.625 92
-64.9375 -26.75 93.875
-57.125 -30.25 94.5625
-56.8125 -30.125 91.875
-55.625 -31.625 85.8125
-49.75 -40 75
-49.0625 -44.875 68.625
-34.6875 -49.375 62.25
-32.375 -49.5625 60.125
-38.8125 -50.375 57.0625
-41.375 -52.75 55.0625
-42 -55.6875 53
-38.4375 -61.75 46.5625
-36.125 -63 43.0625
-31.5 -64.25 38.125
-33.3125 -61.625 33.3125
-43.8125 -57.9375 25.375
-44.25 -57.375 14.125
-38.1875 -58.625 3.3125
-33.25 -58.75 -3.125
-38.4375 -58.3125 -8.0625
-47 -58.5625 -12.9375
-44.75 -60.25 -17.375
-51.1875 -58.8125 -22.125
-50.5 -57.0625 -25.4375
-41.5 -54.875 -29.4375
-39.625 -54 -35.3125
-35.75 -54.1875 -38
-30.4375 -56.25 -37.25
-28.4375 -58.3125 -36.4375
-38.125 -57.875 -37.125
-40.5 -57.9375 -38.25
-33.5 -57.9375 -40.125
-34.75 -57.125 -45.875
-34.625 -57 -53.1875
-34.75 -56.25 -58.4375
-33.875 -54.4375 -60.875
-36.1875 -52.625 -61.3125
-39.9375 -50.125 -59
-46.125 -50.0625 -58.5
-47.5625 -53.0625 -59.6875
-36.75 -56.8125 -59.125
-29.5 -58.5 -59.5625
-27.8125 -58.75 -59.8125
-26.25 -57.9375 -59.9375
-26.625 -55.1875 -59.4375
-27.5 -51.125 -58.4375
-28.1875 -46.9375 -57.75
-25.5 -42.875 -55.5
-25.25 -37.5 -52.75
-25.0625 -33.5 -51.5
-22.375 -30.125 -52
-24.1875 -27.6875 -54.6875
-16.3125 -26.5 -56.25
-6.9375 -23.125 -61.375
0.5625 -20.875 -63.1875
3.9375 -17.25 -66.3125
1 -11.75 -71.5625
-8.3125 0.25 -79.9375
-4.3125 4.0625 -79.25
-4.3125 6.875 -76.1875
-6.5 5.125 -72.375
-9.375 1.0625 -62.5
-16.6875 -2.1875 -47.625
-30.25 -3.3125 -34.25
-27.3125 -3.6875 -25
-14 -2.75 -24.375
-13.9375 0.5625 -30.6875
-10.5625 3.5625 -37.375
-11.75 5.125 -44
-16.1875 5.8125 -48.0625
-14.625 4.1875 -47.9375
-8.125 0.875 -44.8125
-5.3125 -2.125 -40.9375
-8.875 -3.75 -36.0625
-14.125 -3.375 -30.3125
-17.75 -1.875 -24.875
-20.6875 0.4375 -20.5625
-21.6875 3.3125 -17.25
-23.75 4.8125 -17.0625
-22.5625 3.875 -18.5
-14.4375 0.6875 -17.6875
-6.1875 -2 -14.0625
-6.5 -3.3125 -10.3125
-8.9375 -4.8125 -7.1875
-7.6875 -6.25 -4.9375
-6.5 -6.625 -2.75
-4.8125 -6.25 -0.875
-5.1875 -4.75 1.4375
-7.9375 -3.25 2.625
-10.875 -2.6875 2.625
-12.75 -2.625 2.6875
-8.375 -3.8125 3.5625
-4.9375 -2.75 4.5
-8.625 -0.8125 4.375
-9.625 0.375 5.125
-8.625 0.75 6.0625
-11.8125 2.125 6.875
-13 2.625 7.75
-8.1875 3.3125 8.875
-9.4375 5.3125 8.4375
-15.25 7 6.6875
-16.0625 7.625 5.875
-12.75 5.875 4.625
-10.375 3.375 2
-8.0625 2.8125 1.0625
-6.5 3.6875 1.8125
-10.0625 5.8125 2.1875
