0 0 0
0 0 0
0 0 0
0 0 0
0 0 0
2.68 2.37 -0.4
2.69 2.28 -0.79
2.73 2.53 -1.27
2.77 2.82 -1.53
2.76 2.92 -1.53
2.75 2.98 -1.43
2.78 2.98 -1.27
2.8 2.92 -1.25
2.81 2.88 -1.21
2.82 2.97 -0.91
2.77 2.88 -0.71
2.76 2.8 -0.67
2.77 2.77 -0.77
2.82 2.69 -0.85
2.82 2.92 -0.84
0.01 0.09 0.02
-0.01 -0.01 0.03
0 -0.18 -0.09
0 -0.38 -0.3
0.05 0.07 -0.64
0.07 0.54 -0.55
0.1 0.55 -0.12
0.07 0.29 0
0.03 -0.3 0.27
-0.08 -0.59 0.93
-0.09 -0.6 0.99
-0.13 -0.74 1.16
-0.24 -0.99 1.54
-0.44 -2.23 1.95
-0.54 -2.69 1.43
-0.52 -2.28 0.33
-0.58 -2.34 -0.04
-0.64 -2.56 -0.67
-0.93 -3.34 -1.91
-1.09 -3.74 -1.59
-1.4 -4.42 -1.26
-1.42 -2.37 -2.76
-1.57 -2.19 -3.05
-1.54 -2.18 -2.73
-1.78 -3.43 -1.39
-1.74 -3.01 -2.57
-1.57 -3.89 -5.55
-1.46 -4.45 -6.86
-1.44 -5.18 -7.02
-1.91 -4.59 -5.37
-2 -3.39 -4.63
-1.98 -1.98 -4.03
-1.87 1.16 -4.18
-1.81 2.37 -4.43
-1.79 2.46 -4.05
-1.96 2.56 -3.35
-1.8 2.68 -3.65
-1.65 2.64 -4.41
-1.59 3.01 -5.5
-1.58 3.47 -5.86
-1.54 4 -5.88
-1.72 5.34 -5.34
-1.8 5.73 -4.11
-1.84 6.27 -3.25
-1.4 4.64 -5.05
-1.48 4.15 -3.27
-1.69 4.28 -0.44
-1.9 4.91 3.22
-1.81 6.25 3.49
-1.73 7.39 2.78
-0.96 9.38 -2.56
-0.8 8.5 -3.31
-0.74 8.28 -3.38
-1.01 8.18 -2.03
-1.01 7.77 -1.56
-0.85 8.61 -0.52
-0.28 9.93 -3.4
-0.31 8.32 -1.3
-0.28 6.89 0.14
-0.57 5.87 4.38
-0.3 6.89 6.52
-0.02 7.77 5.97
-0.04 6.77 9.49
0.08 4.65 9.17
0.21 4.08 8.16
0.3 3.76 4.63
0.38 3.52 2.85
-0.26 4.62 2.2
-0.65 1.91 3.47
-0.89 0 5.08
-1.05 -0.77 6.53
-1.05 -1.07 6.87
-1.05 0.29 4.82
-0.95 -2.73 2.27
-0.86 -4.67 2.09
-0.9 -4.9 2.89
-0.89 -3.8 4.08
-1.07 -0.01 4.24
-1.13 -0.21 2.81
-1.2 -2.01 1.1
-1.36 -2.55 1.55
-1.55 -2.43 2.23
-1.66 -2.18 2.23
-1.75 -1.74 1.55
-1.72 -1.07 0.9
-1.82 -1.01 0.85
-2.02 -0.76 1.35
-2.09 -0.96 1.47
-2.1 -1.82 1.44
-2.12 -1.78 0.92
-1.79 -2.95 -0.38
-1.83 -3.12 -1.23
-1.9 -4.2 -1.33
-2 -5.32 -0.72
-1.84 -4.8 -0.13
-1.76 -3.55 -0.37
-1.8 -3.04 -0.59
-1.91 -2.68 -0.04
-1.88 -2.52 -0.47
-1.92 -2.37 -1.12
-1.95 -2.13 -1.38
-1.9 -2.63 -1.7
-1.91 -2.45 -1.37
-1.9 -1.62 -0.94
-1.81 0.05 0.17
-1.71 0.07 -0.18
-1.65 -0.05 -0.68
-1.66 -0.39 -0.58
-1.61 -1.57 -0.87
-1.61 -2.55 -0.98
-1.58 -2.8 -1.02
-1.32 -1.23 -1.36
-1.22 -0.27 -1.47
-1.1 0.55 -1.34
-1.04 1.49 -1.19
-1.13 0.75 0.16
-1.23 0.68 0.81
-1.29 0.86 0.84
-1.14 0.89 -0.63
-1.14 1.08 -1.31
-1.16 1.27 -1.92
-1.17 1.66 -2.68
-1.1 1.97 -3.88
-1.14 2 -3.93
-1.23 2.4 -4.07
-1.19 2.32 -4.29
-1.23 1.76 -3.95
-1.32 1.15 -3.8
-1.33 0.52 -3.39
-1.33 0.69 -2.88
-1.33 0.37 -3.05
-1.34 0.23 -3.21
-1.22 0.09 -4.47
-1.18 -0.23 -5.21
-1.18 -0.03 -5.56
-1.19 1.68 -4.71
-1.07 3.69 -3.54
-0.66 6.02 -1.03
-0.35 8.2 -0.59
-0.08 9.07 -0.56
0.11 8.42 -0.89
0.19 4.36 -1.48
0.22 1.43 -2.23
0.2 -0.27 -2.59
0.02 -0.61 -1.8
-0.11 -0.09 -1.35
-0.12 0.87 -0.78
-0.21 2.2 -0.02
-0.27 3.96 0.52
-0.22 4.57 0.14
-0.18 5.17 -0.37
-0.1 5.68 -1.32
-0.08 5.46 -1.56
-0.05 5.1 -1.71
0 4.66 -1.74
-0.14 2.97 -0.55
-0.2 3.02 0.25
-0.22 3.69 0.65
-0.06 4.82 0.31
-0.04 4.76 0.08
-0.06 4.44 -0.01
-0.04 4.11 -0.25
-0.06 3.88 -1.09
-0.05 3.71 -1.34
-0.09 3.69 -1.63
-0.2 2.87 -1.5
-0.29 2.63 -1.33
-0.34 2.55 -1.18
-0.38 2.54 -1.07
-0.43 2.72 -1.58
-0.44 2.36 -2.04
-0.45 2.51 -1.67
-0.44 2.5 -1.65
-0.45 2.48 -1.67
-0.46 2.49 -1.47
-0.4 2.08 -1.71
-0.4 1.57 -1.84
-0.42 1.44 -1.59
-0.46 1.4 -0.66
-0.44 0.9 -0.33
-0.38 0.99 -0.42
-0.29 1.51 -0.83
-0.16 2.29 -1.66
-0.21 2.28 -1.69
-0.21 2.37 -1.44
