0 0 0 0
0 0 0 0
0 0 0 0
0 0 0 0
0 0 0 0
1 -0.006591797 0.0016479492 0.000061035156
1 -0.007019043 0.0015869141 0.000061035156
1 -0.007507324 0.0014648438 0
0.99993896 -0.0079956055 0.0013427734 -0.00012207031
0.99993896 -0.008483887 0.0013427734 -0.00024414062
0.99993896 -0.009094238 0.0013427734 -0.00030517578
0.99993896 -0.009765625 0.0014648438 -0.00030517578
0.99993896 -0.010375977 0.0015258789 -0.00030517578
0.99993896 -0.011108398 0.0016479492 -0.00030517578
0.99993896 -0.0119018555 0.0017700195 -0.00030517578
0.99993896 -0.012817383 0.0018920898 -0.00024414062
0.9998779 -0.01361084 0.0020141602 -0.00018310547
0.9998779 -0.014282227 0.0020141602 -0.000061035156
0.9998779 -0.014892578 0.0020141602 0
0.9998779 -0.015563965 0.0020141602 0
0.97906494 0.14221191 -0.14544678 -0.0021972656
0.979187 0.14135742 -0.14556885 -0.0022583008
0.97924805 0.14068604 -0.14575195 -0.0022583008
0.9793091 0.14007568 -0.14605713 -0.0022583008
0.97943115 0.13867188 -0.14642334 -0.0025024414
0.9795532 0.13769531 -0.14648438 -0.0026245117
0.9797363 0.13641357 -0.14654541 -0.0026245117
0.97991943 0.13519287 -0.14654541 -0.0025024414
0.9802246 0.13244629 -0.14685059 -0.0021972656
0.9804077 0.13104248 -0.14709473 -0.0022583008
0.98046875 0.13006592 -0.14758301 -0.0022583008
0.98046875 0.12927246 -0.14813232 -0.002319336
0.98046875 0.12835693 -0.14892578 -0.0024414062
0.9803467 0.12646484 -0.15130615 -0.0032348633
0.9802246 0.12567139 -0.15301514 -0.0040893555
0.97998047 0.12487793 -0.15496826 -0.0052490234
0.9797363 0.12402344 -0.15704346 -0.006652832
0.979187 0.122558594 -0.16131592 -0.010009766
0.9790039 0.12133789 -0.16320801 -0.012145996
0.9789429 0.119628906 -0.16485596 -0.014770508
0.97888184 0.11743164 -0.1663208 -0.017944336
0.9785156 0.115234375 -0.16918945 -0.025268555
0.9782715 0.114746094 -0.17028809 -0.029174805
0.9780884 0.11407471 -0.17108154 -0.03314209
0.97766113 0.112854004 -0.17224121 -0.04168701
0.9772339 0.11376953 -0.17303467 -0.046081543
0.9766846 0.115722656 -0.17382812 -0.050476074
0.97613525 0.117492676 -0.17401123 -0.055114746
0.9758911 0.11853027 -0.17321777 -0.060302734
0.9755249 0.120666504 -0.16900635 -0.07232666
0.97528076 0.12249756 -0.16601562 -0.07904053
0.9750366 0.12432861 -0.16265869 -0.086120605
0.97473145 0.1262207 -0.15905762 -0.093322754
0.973999 0.13104248 -0.15124512 -0.10632324
0.9736328 0.1340332 -0.14691162 -0.11193848
0.9732666 0.13696289 -0.14227295 -0.117126465
0.9729004 0.14038086 -0.13763428 -0.12188721
0.9724121 0.14422607 -0.13287354 -0.1262207
0.9714966 0.15252686 -0.12231445 -0.13391113
0.97106934 0.15704346 -0.11627197 -0.13720703
0.9706421 0.1618042 -0.109802246 -0.14013672
0.9702759 0.16625977 -0.10272217 -0.14263916
0.9701538 0.16986084 -0.09484863 -0.14471436
0.96990967 0.1776123 -0.07885742 -0.14666748
0.9696655 0.18255615 -0.070739746 -0.14648438
0.96972656 0.18597412 -0.061584473 -0.1459961
0.9700928 0.1875 -0.051696777 -0.14538574
0.9702759 0.18933105 -0.042236328 -0.14465332
0.9703369 0.19140625 -0.033569336 -0.14379883
0.9699707 0.19744873 -0.019470215 -0.14074707
0.9696655 0.20117188 -0.013244629 -0.13806152
0.9694214 0.2052002 -0.0068969727 -0.13427734
0.96936035 0.20874023 -0.000061035156 -0.1296997
0.96936035 0.21173096 0.0072631836 -0.12432861
0.9692383 0.21539307 0.014587402 -0.1182251
0.9684448 0.2244873 0.028808594 -0.10418701
0.96795654 0.22930908 0.0357666 -0.095947266
0.9680176 0.23138428 0.043762207 -0.08648682
0.96832275 0.23181152 0.05218506 -0.076416016
0.9685669 0.23217773 0.06048584 -0.06604004
0.96868896 0.2321167 0.06842041 -0.055358887
0.96881104 0.23181152 0.08117676 -0.03326416
0.9688721 0.23120117 0.085998535 -0.021606445
0.9685669 0.23181152 0.089416504 -0.009643555
0.9682617 0.23254395 0.09161377 0.0020751953
0.96795654 0.23297119 0.09301758 0.01373291
0.96691895 0.23370361 0.0949707 0.03729248
0.9664917 0.23272705 0.096069336 0.049621582
0.9661255 0.23065186 0.097351074 0.062683105
0.96588135 0.22711182 0.09844971 0.076049805
0.9657593 0.22271729 0.09899902 0.08898926
0.96502686 0.21557617 0.09765625 0.11279297
0.96447754 0.21276855 0.095825195 0.1239624
0.9637451 0.21026611 0.093566895 0.1350708
0.96307373 0.20709229 0.09106445 0.14587402
0.9628296 0.20202637 0.08850098 0.15588379
0.96313477 0.18914795 0.082092285 0.1729126
0.96307373 0.18377686 0.07800293 0.18066406
0.96276855 0.1795044 0.07336426 0.18829346
0.9622803 0.17590332 0.06854248 0.19586182
0.96118164 0.16882324 0.059020996 0.21002197
0.9606323 0.16577148 0.054016113 0.21624756
0.96014404 0.1628418 0.048828125 0.22198486
0.95965576 0.15997314 0.04333496 0.22711182
0.9584961 0.1560669 0.032226562 0.23632812
0.95788574 0.15460205 0.026794434 0.24060059
0.9572754 0.15258789 0.0211792 0.2446289
0.9567871 0.15039062 0.015319824 0.24847412
0.9557495 0.1461792 0.0029296875 0.2553711
0.9552002 0.14440918 -0.0034179688 0.25842285
0.9546509 0.14282227 -0.00982666 0.2611084
0.95410156 0.1416626 -0.016174316 0.2633667
0.9536743 0.14031982 -0.022277832 0.2652588
0.9534912 0.13800049 -0.028259277 0.26654053
0.9534912 0.13574219 -0.033996582 0.26690674
0.9536743 0.13397217 -0.039611816 0.26635742
0.95391846 0.13256836 -0.04510498 0.26531982
0.95428467 0.13085938 -0.05053711 0.26385498
0.954834 0.12841797 -0.056152344 0.2619629
0.9553833 0.1262207 -0.061828613 0.2597046
0.9561157 0.12347412 -0.06750488 0.25701904
0.95684814 0.120788574 -0.07293701 0.25408936
0.95751953 0.118774414 -0.077941895 0.2508545
0.958313 0.11694336 -0.08282471 0.24719238
0.9590454 0.11541748 -0.08758545 0.24334717
0.9597168 0.11437988 -0.09240723 0.23956299
0.9602051 0.113586426 -0.097351074 0.23577881
0.9608154 0.11193848 -0.10241699 0.2319336
0.9614258 0.11010742 -0.107543945 0.22790527
0.9619751 0.10882568 -0.11254883 0.22375488
0.96258545 0.107543945 -0.11743164 0.21917725
0.9633179 0.10632324 -0.12219238 0.21398926
0.9640503 0.10510254 -0.12689209 0.20837402
0.96484375 0.10394287 -0.13134766 0.20257568
0.9655762 0.10253906 -0.13574219 0.19671631
0.9663086 0.10083008 -0.13995361 0.190979
0.967041 0.09851074 -0.14428711 0.1852417
0.9677124 0.096191406 -0.14886475 0.17932129
0.96813965 0.0947876 -0.15362549 0.17352295
0.9684448 0.09399414 -0.1583252 0.16784668
0.96875 0.09338379 -0.16308594 0.16210938
0.9689331 0.09283447 -0.16766357 0.15637207
0.9691162 0.09222412 -0.1720581 0.1506958
0.9692993 0.091430664 -0.17614746 0.14508057
0.9694824 0.09057617 -0.17993164 0.1395874
0.9696655 0.08984375 -0.18328857 0.13427734
0.96990967 0.08898926 -0.18621826 0.12927246
0.9700928 0.088134766 -0.18890381 0.12445068
0.9703369 0.08746338 -0.19116211 0.11956787
0.97058105 0.08660889 -0.19329834 0.11450195
0.97076416 0.08642578 -0.19525146 0.109436035
0.9711914 0.08746338 -0.1984253 0.09899902
0.9713135 0.08868408 -0.19970703 0.09362793
0.9714966 0.090270996 -0.20056152 0.088134766
0.97180176 0.09161377 -0.20098877 0.08215332
0.97283936 0.09307861 -0.20025635 0.06896973
0.9733887 0.094055176 -0.19934082 0.062438965
0.973938 0.09490967 -0.19818115 0.056152344
0.97442627 0.095581055 -0.19720459 0.050109863
0.97473145 0.095825195 -0.19665527 0.044799805
0.9750366 0.09527588 -0.1965332 0.04058838
0.9753418 0.093322754 -0.19659424 0.037231445
0.9755249 0.0914917 -0.19677734 0.03466797
0.975708 0.09075928 -0.19689941 0.032409668
0.9758911 0.090148926 -0.19671631 0.029663086
0.9760742 0.08984375 -0.19610596 0.026428223
0.9763794 0.08959961 -0.19537354 0.022644043
0.9766846 0.08905029 -0.19458008 0.018432617
0.9769287 0.08862305 -0.19390869 0.014282227
0.9770508 0.08868408 -0.19348145 0.010437012
0.9770508 0.08892822 -0.19335938 0.006958008
0.9771118 0.08874512 -0.19342041 0.0038452148
0.97717285 0.08807373 -0.19348145 0.0010375977
0.9772339 0.08703613 -0.19342041 -0.0012817383
0.977417 0.085632324 -0.19329834 -0.0033569336
0.9776001 0.08416748 -0.1928711 -0.005065918
0.97784424 0.082458496 -0.19232178 -0.0068359375
0.97802734 0.08093262 -0.19189453 -0.008728027
0.9781494 0.08001709 -0.19171143 -0.010437012
0.9781494 0.079711914 -0.19177246 -0.01171875
0.9780884 0.0793457 -0.19195557 -0.0126953125
0.9780884 0.07873535 -0.19232178 -0.013427734
0.97802734 0.078125 -0.19274902 -0.014038086
0.9779663 0.07763672 -0.19329834 -0.014404297
0.9779053 0.07727051 -0.19378662 -0.014587402
0.97784424 0.07678223 -0.19421387 -0.014587402
0.97784424 0.07611084 -0.19445801 -0.014526367
0.97784424 0.07513428 -0.19470215 -0.014526367
0.9779053 0.07293701 -0.19525146 -0.014526367
0.9779053 0.07220459 -0.19555664 -0.014404297
0.9779053 0.07171631 -0.19580078 -0.014099121
0.9779663 0.07092285 -0.19586182 -0.013916016
0.97802734 0.07006836 -0.19592285 -0.01361084
0.9780884 0.06921387 -0.19586182 -0.013244629
0.97821045 0.068115234 -0.19573975 -0.012878418
0.9783325 0.06695557 -0.19555664 -0.012451172
0.9784546 0.066101074 -0.1953125 -0.011779785
0.97857666 0.06518555 -0.19488525 -0.011230469
0.9788208 0.06384277 -0.19433594 -0.010864258
0.9790039 0.062438965 -0.19372559 -0.010620117
0.979187 0.061279297 -0.1932373 -0.010437012
0.9793091 0.060424805 -0.19299316 -0.010375977
0.9793701 0.059692383 -0.19274902 -0.010437012
0.9794922 0.059143066 -0.19244385 -0.010375977
0.97961426 0.058288574 -0.19195557 -0.010314941
