0 0 0
-16.125 -13.25 -11.625
-44.4375 -27.875 -29.125
-121.8125 -17.8125 -46.9375
-155.625 -6 -62.5
-169.5 9.0625 -71.1875
-184.75 28.3125 -64.4375
-159.5 23.875 -53.3125
-113.0625 9.1875 -37.8125
-32.8125 -9.875 -19.125
25.6875 -25.4375 -7.3125
16.4375 -36.375 -6.5625
14.5 -41.625 -5.9375
35.6875 -45 -6.875
73.3125 -49.25 -7
145.9375 -51.25 1.9375
190.3125 -48.6875 9.5
160.875 -29.875 17.125
148.75 -19.875 22.125
145.375 -10.625 29.8125
196.5625 4.125 47.625
166.6875 10.9375 47.4375
135.1875 16.5 42.5625
79.5625 19.5 31.125
32.1875 17 7.8125
14.9375 11.9375 -2.6875
6.125 5.625 -11.625
15.1875 3.8125 -13.25
11.375 -0.25 -15.8125
25.875 1.25 -13.625
21.25 6.6875 -9.375
3.25 10.125 -6.8125
-4.75 11.4375 3.9375
-5.25 9.8125 9.9375
-3.375 7.8125 15.8125
-11.875 4.1875 18.5625
-10.6875 6.4375 18.875
-13.6875 10.3125 17.6875
-5.8125 13.5625 18.75
-4.9375 15 19.0625
-6.625 14.625 15.9375
-5.1875 12.9375 11.0625
-12 11.625 3.9375
-16.375 11.5625 -1.5
-15.1875 10.875 -4.4375
-22.6875 11.6875 -5
-24.9375 13.0625 -2.5
-23.9375 15.125 0.3125
-21 17.4375 2.125
-24.5625 20.4375 2.0625
-33.6875 22.875 0.625
-29.5 23.6875 2.125
-24.75 23.9375 2.375
-16.25 24.0625 1.8125
-8.875 25.625 1.6875
-13.25 28.625 0.75
-29 32.375 3
-36.25 33.5 7.875
-42.9375 34.625 11.875
-44.4375 35.5625 14.4375
-41 37 15.625
-50.75 42.0625 18.5
-62.5625 41.1875 19.6875
-57.8125 35.4375 21.5
-50.5 29.9375 22.625
-56 24.4375 26.125
-59.5625 21.9375 26.9375
-54.75 18.5 28.9375
-43.875 15.75 30.5625
-39.125 10.9375 30.5
-40.6875 8.3125 31.25
-47.3125 5.4375 33
-45.75 1.8125 35.5625
-47.8125 -3.0625 36.625
-52.6875 -2.625 37.6875
-61.375 -1.5625 40.8125
-64.125 -1.0625 46.0625
-65.5625 -1.25 52.375
-66.625 -2.125 58.5
-70.375 -2.25 63.6875
-77.375 -2.25 65.125
-80.6875 -2.125 64.75
-75 -1.5625 65.375
-71.5 -1.25 68.75
-70.625 -3.125 72
-60.625 -6.0625 75.5625
-66.625 -8.375 75
-66 -11.6875 70.0625
-67.625 -16.4375 63.1875
-68.75 -22.125 60.25
-64.5 -30.5625 62
-56.9375 -41.375 68.5
-27.25 -53.375 82.875
-0.375 -57.625 90.5
-25.5625 -54.4375 82.125
-45.8125 -50.5 73.5
-59.75 -50.3125 66.25
-63.8125 -56.5 62
-48.25 -68 61.5625
-30.375 -76.5625 62.1875
-39.75 -79.3125 55.75
-53.8125 -81.1875 44.8125
-56.3125 -84.9375 35.3125
-63.1875 -87.5 27.8125
-77.875 -90.125 22.75
-82.3125 -95.1875 20.6875
-83.875 -100.375 17.375
-93.125 -106.25 9.25
-88.625 -111.625 1.5
-72.875 -114.3125 -3.75
-70.625 -110.4375 -7.375
-75.75 -103.4375 -10.6875
-85.875 -98.6875 -14.5625
-68.6875 -100.9375 -18.0625
-44.0625 -101 -18.9375
-56.9375 -92.375 -20
-67.9375 -86.3125 -24.0625
-74.1875 -84 -28.25
-78.125 -87.625 -32.875
-64.875 -94.8125 -37.3125
-58.625 -99.5625 -42.875
-59 -101.0625 -47.25
-45.25 -98.3125 -44.3125
-55 -92.9375 -42.25
-53.4375 -89.9375 -41.1875
-54.4375 -86.625 -42.0625
-69.0625 -83.1875 -46.75
-84.9375 -79.6875 -53.4375
-100.4375 -79.8125 -61.6875
-87.25 -86.25 -69.25
-64.125 -93.3125 -76.625
-43.625 -95.4375 -82.375
-30.1875 -89.4375 -85.25
-23.4375 -79.75 -88.5625
-23.6875 -68.75 -92.9375
-25.4375 -57.375 -94
-29.5625 -45.4375 -92.375
-43.4375 -36.5625 -94.5625
-56 -35.625 -102.1875
-43.625 -45.1875 -111.5625
-24.875 -54.25 -118.0625
-17.9375 -58.125 -121.5625
-4.875 -55.125 -119.875
-4.125 -45.625 -115.25
-3.875 -31.8125 -108.3125
-7.75 -20.3125 -105.125
-10.25 -12.9375 -106.9375
-15.375 -4.75 -107.3125
-17.125 -1.9375 -110.875
-3.5 -3.4375 -114.1875
-3.0625 -0.8125 -115.375
-2.6875 4.75 -113.5625
-0.75 11.75 -114.3125
-10.3125 17.75 -120.125
0.3125 20.25 -120.625
6.0625 25.6875 -120.0625
1.625 32.125 -122.3125
8.4375 38 -119.375
18.4375 43.0625 -113.9375
24.75 45.4375 -112.875
25.9375 49.875 -113.6875
26.4375 55.1875 -116.25
33.5 62.5 -118.75
41.3125 74.4375 -120.0625
39.9375 88.3125 -122.625
46.625 100.1875 -123
48.5 112.3125 -122.1875
45 123.8125 -121.875
45.875 131.5 -121
47.3125 134.75 -122.875
51.0625 132.6875 -126.75
64.25 128.9375 -128.875
56.75 127.875 -130.4375
48.5625 128.0625 -129.125
53.6875 131.625 -121.75
51 137.0625 -114.5
45.5 144.25 -105.625
34 153.1875 -97.125
13.5625 162.3125 -92
3.5625 168.125 -81.25
-10.8125 166.625 -68.75
-8.125 161.3125 -55.375
-1.0625 151.75 -44.5
2.875 137.6875 -35.8125
13.5 125.625 -24.25
20.6875 119.375 -12.75
25.5 117.25 -4
20.625 127.8125 10.3125
25.4375 134.6875 18.4375
13.6875 142.9375 24.4375
1.875 142.125 25.1875
22.625 121.5625 23.9375
33.1875 112.25 26.5625
38.9375 109.5 33.5
40.0625 108.5 37.125
43.5625 107.6875 36.875
53.1875 106.6875 35.25
29.25 123.375 41.3125
27.4375 128.75 47.125
37.6875 126.375 55.1875
50.75 122.0625 65.625
52.9375 118.6875 75.25
53.875 115 79.625
42.75 114.1875 80.6875
24.75 117.5625 80.6875
7.625 117.5625 86.5625
17.125 112.0625 94.625
31.375 105.25 104.625
39.9375 101.75 115.625
27.75 102.0625 122.8125
-28.8125 105.1875 124
-37.1875 96.1875 120.875
-29.125 81.5625 118.6875
-5.625 60.125 120.875
22.5 35.875 125.75
30 21.5 129.0625
4.75 14.4375 125.0625
-1.9375 -0.0625 120.375
-10.375 -9.9375 118.3125
-13.5 -20.5 117.4375
-10.8125 -31.125 116.25
4.0625 -39.75 115.125
13.75 -46.75 111.4375
-0.0625 -49.75 104.5
-17.0625 -53.5625 96.0625
-11.125 -62.25 88.25
-7.8125 -69.1875 77.25
-26 -73.5 61.8125
-41.6875 -79.6875 48.125
-38.6875 -91.875 38.5
-10.6875 -106.625 31.9375
12.4375 -112.0625 27.8125
16.5 -103.75 24.4375
10.875 -86.25 20.0625
8.9375 -65.25 15.6875
6.75 -46.0625 10.0625
1.1875 -33 4.0625
-15.375 -26.625 -0.875
-31.0625 -28.3125 -2.625
-18.875 -39.4375 -1.75
-0.25 -53.125 -1.875
13.6875 -60.375 -2.375
4.75 -56.75 -4.8125
-10.5 -45.5 -7.5
-19.5625 -30.3125 -6.375
-19.125 -17.25 -5.5625
-22.375 -11.9375 -10.75
-30.375 -15.25 -18.75
-22.9375 -27.5625 -25.5
0.375 -43.375 -26.875
21 -54.875 -23.8125
27.0625 -58.1875 -19.625
17.6875 -53.375 -15.9375
0.6875 -43.375 -12.25
-16.0625 -31.3125 -6.875
-24.3125 -20.375 -0.6875
-22.25 -14.375 3.5
-14 -13 2.6875
-3.9375 -13.375 -0.9375
-2.625 -14.25 -5.875
-3.875 -16.25 -10.3125
-2.9375 -18.1875 -12
-4.25 -18.4375 -10.625
-6.25 -16.1875 -7.75
-14.1875 -11.5625 -5.25
-23.75 -5.1875 -3.1875
-26.75 0 -1.6875
-27.1875 3.9375 0
-28.625 7 0.0625
-29.1875 10.75 0.1875
-30.1875 13.5 -1.0625
-26.625 13.625 -4.375
-22.375 13.125 -7.3125
-19.375 12.375 -8.625
-16.75 9.625 -9.625
-16.6875 6.8125 -10.4375
-18.125 4.6875 -10.375
-18.625 3.5625 -9.875
-17.25 2.3125 -8.6875
-12.9375 0.4375 -8.0625
-9 -0.6875 -7.5625
-8.625 0 -7.1875
-7.25 0.875 -5.875
-6.3125 0.875 -5
-9.75 1 -3.625
-14.375 1.0625 -2.4375
-13.75 0.375 -1.5625
-10.9375 -0.125 -0.9375
-10 0.4375 -1.25
-8 1.1875 -1.875
-7.3125 2.6875 -2.375
-8.375 3.5 -2.8125
-10 4.5625 -2.375
-11.625 4.9375 -1.6875
-12.3125 4.625 -1.5625
-12.9375 3.625 -2.25
-12.1875 2.75 -3.25
-10.5625 1.9375 -3.75
-9.0625 1.1875 -4.5625
-10.8125 0.625 -5.4375
-10.4375 0.4375 -5.375
-10.3125 0.5625 -4.375
-8.75 0.9375 -2.5
-6.9375 1.125 -1.0625
-7.4375 0.875 -0.75
-7.375 0.625 -0.4375
-9.1875 0.6875 -0.3125
-9.9375 1.0625 -0.75
-7.125 0.5625 -1.875
-6.8125 0.8125 -2.75
-7.25 1.4375 -3.4375
-7.6875 1.9375 -3.375
-6.1875 2.6875 -2.1875
-2.5625 2.9375 -0.875
-2.6875 3 -0.875
-4.0625 3.375 -1.3125
-4.9375 4.125 -1.4375
-5.5 5.5 -2.125
-7.375 6.875 -3.375
-7.4375 8.0625 -4.375
-8.25 8.5625 -5.25
-9.1875 8.4375 -5
-7.875 8 -3.6875
-8.375 7.75 -1.625
-11.0625 7.0625 -0.3125
-9.8125 5.625 0.0625
-6.875 4.25 -0.6875
-7.4375 2.8125 -2.9375
-10.25 2.25 -5.6875
-10.5 1.875 -7.625
