0 0 0
0 0 0
0 0 0
0 0 0
0 0 0
0.68 -0.97 -6.06
0.63 0.94 -3.85
-0.2 4.18 4.57
-0.35 4.75 5.76
-0.4 3.78 5.41
-0.72 0.36 3.53
-0.87 0 2.01
-0.82 -0.67 0.54
-1.3 -0.99 -0.09
-0.75 0.77 -1.15
-0.71 0.74 -2.66
-0.42 0.53 -4.37
0.43 2.24 -5.7
0.44 2.35 -5.19
0.49 1.97 -4.35
0 2.23 -4.95
0.46 -0.97 -3.88
0.3 -3.73 -2.57
0.12 -4.28 -1.99
0 -3.89 0.45
-0.25 -3.66 0.93
-0.33 -1.71 -0.48
-0.32 -0.5 -0.63
-0.4 0.38 -1.7
-0.29 1.61 -2.57
-0.14 2.1 -1.86
-0.21 2.77 -1.29
-0.26 2.96 0.01
-0.25 2.81 0.43
-0.17 1.84 0.33
-0.15 1.24 -0.12
-0.09 0.12 -2.06
-0.07 0.47 -2.16
-0.02 0.64 -1.54
-0.01 -0.07 -0.95
-0.06 -2.12 -0.38
0.03 -2.86 -0.58
0.06 -2.18 -0.93
0.07 -1.51 -0.88
0 -0.86 -0.89
0 0.47 -1.28
-0.01 0.99 -1.35
-0.1 0.58 -1.78
-0.17 0.23 -1.73
-0.19 -0.07 -1.39
-0.26 0.58 -0.86
-0.3 0.15 -0.4
-0.25 0.13 -0.5
-0.26 0.27 -0.95
-0.19 0.43 -1.67
-0.18 1.1 -1.46
-0.15 2.01 -1.18
-0.1 2.71 -0.97
-0.15 2.29 -1.01
-0.18 1.96 -1.26
-0.22 2.04 -1.51
-0.19 2.03 0.06
-0.21 1.9 1.48
-0.21 1.62 1.89
-0.14 1.9 1.46
-0.12 2 1.12
-0.16 1.61 1.76
-0.14 1.55 1.7
-0.1 1.26 1.41
-0.15 1.18 1.7
-0.02 1.83 1.68
-0.04 2.16 1.73
-0.07 1.63 1.45
-0.08 1.5 1.07
-0.12 3.27 -0.23
-0.12 3.27 -0.23
-0.13 3.93 -0.09
-0.15 4.37 0.28
-0.11 3.48 -0.1
-0.12 2.42 -0.36
-0.14 1.66 -0.45
-0.11 1.84 -0.59
-0.21 2.42 0.01
-0.24 2.18 0.88
-0.33 1.32 1.37
-0.34 0 1.42
-0.34 0 1.42
-0.35 -1.87 1.78
-0.48 0.39 3
-0.61 1.91 3.89
-0.73 3.42 4.69
-0.95 4.97 5.23
-1.05 1.33 1.08
-0.95 -2.19 -1.11
-0.98 -2.35 -1.61
-0.86 -1.8 0.8
-1.01 -1.09 2.79
-1.24 -0.38 4.1
-1.38 -0.23 3.72
-1.18 -3.34 0.98
-1.11 -4.07 0.47
-1.11 -3.79 0.8
-0.94 -2.37 0.39
-0.98 -1.52 0.74
-1.07 -0.84 1.31
-1.15 -0.97 1.4
-1.2 -2.88 1.27
-1.39 -2.75 0.94
-1.46 -2.18 -0.17
-1.1 -1.14 -3.07
-1.08 -1 -3.46
-0.99 -1.06 -2.66
-1.28 -1.3 -1.09
-0.93 -0.22 -2.61
-0.82 0.03 -3.81
-0.94 -0.56 -3
-1.04 -0.93 -0.13
-1.31 -1.07 1.7
-1.59 -1.26 2.36
-1.7 -1.44 1.76
-1.65 0.02 0.08
-1.6 1.69 -1.11
-1.42 1.81 -1.43
-1.43 0.9 -1.19
-1.46 0.05 -1.28
-1.61 -0.79 -1.13
-1.69 -1.24 -0.92
-1.95 -2.38 1.52
-2.23 -2.29 2.5
-2.48 -2.44 2.3
-2.23 -1.38 -1.39
-2.23 -1.38 -1.39
-2.21 -1.04 -4.65
-2.14 -0.91 -5.37
-1.92 0.96 -5.84
-1.93 1.11 -5.31
-2.11 0.01 -4.05
-2.59 -2.69 1.26
-2.82 -2.67 2.88
-2.81 -1.72 2.37
-2.73 -0.68 0.98
-2.21 2.27 -3.48
-2.01 3.19 -5.03
-1.83 3.72 -5.99
-1.69 1.65 -4.78
-1.76 1.08 -4.03
-1.78 1.03 -3.61
-1.86 0.14 -2.16
-1.87 0.39 -0.89
-1.79 0.88 -1.86
-1.73 1.44 -2.26
-1.69 -0.97 -2.87
-1.89 -0.1 -2.47
-2.1 0.81 -1.75
-2.04 1.17 -2.48
-1.97 1.39 -3.01
-2.09 2.97 -2.75
-2.22 3.2 -2.33
-2.46 1.55 -2.13
-2.55 1.12 -2.77
-2.65 0.58 -3.39
-2.72 0.51 -4.31
-2.91 1.1 -6.96
-3.18 1.1 -7.08
-3.49 1.74 -6.79
-4.07 2.11 -6.46
-4.35 2.11 -5.66
-4.57 1.86 -4.38
-4.73 1.08 -3.05
-5.05 0.75 -0.61
-4.94 1.42 -0.81
-4.78 2.18 -1.48
-4.41 4.77 -2.36
-4.14 5.66 -3.22
-4.25 5.5 -3.64
-3.99 6.26 -4.26
-3.79 6.31 -4.47
-4.36 5.98 -4.11
-4.1 7.61 -2.46
-4.74 7.89 1.95
-4.62 7.69 3.09
-4.6 7.05 4.58
-4.37 7.06 5.72
-3.86 8.4 4.13
-3.59 8.11 2.38
-3.35 7.52 0.7
-3.23 7.09 -1.15
-3.33 6.86 -2.84
-3.39 6.12 -2.73
-3.54 3.83 1.97
-3.35 3.5 3.47
-3.09 3.59 3.86
-2.45 5.94 0.61
-2.3 4.54 0.35
-2.12 3.78 -0.49
-1.85 3.82 -2.07
-1.62 5.17 -4
-1.66 5.96 -4.45
-1.92 6.22 -3.19
-2.54 8.01 0.8
-2.5 7.66 0.81
-2.58 5.52 -0.05
-2.39 4.76 -1.12
-2.25 4.65 -1.88
-2.15 4.88 -1.49
-2.14 6.53 0.95
-2.12 7.87 2.39
-2.1 7.82 0.81
-2.01 6.49 0.07
-2.06 5.07 0
-2.11 3.82 1.44
-2.06 1.97 6.4
-1.83 3.25 10.95
-1.81 3.88 10.09
-1.56 2.59 7.21
-1.42 1.26 5.57
-1.38 1.57 4.75
-1.5 1.46 5.3
-1.56 1.47 5.3
-1.58 0.71 4.51
-1.63 0.2 3.83
-1.61 -0.66 2.93
-1.52 -1.4 2.08
-1.53 -2.47 3.17
-1.72 -3.03 3.54
-1.61 -4.18 2.83
-1.39 -4.96 2.57
-1.53 -4.23 3.78
-1.68 -3.6 5.02
-1.91 -3.04 4.73
-1.48 -1.75 -2.08
-1.17 -1.56 -6.04
-0.85 -1.45 -8.76
-0.15 -1.37 -10.47
-0.13 -1.4 -9.13
-0.18 -1.05 -7.22
-0.21 -0.38 -4.89
-0.52 1.2 1.13
-0.66 1.3 2.96
-0.79 0.95 2.97
-0.47 0.9 -2.22
-0.26 0.82 -4.99
0 1.47 -7.1
0.19 2.23 -7.88
0.17 0.8 -5.21
-0.02 -0.42 -2.45
-0.16 -0.73 0.51
-0.47 0.89 4.61
-0.47 2.35 4.32
-0.45 3.5 2.59
-0.31 4.12 -0.03
0.09 4.75 -4.56
0.21 5.24 -5.82
0.23 5.5 -6.23
0.18 4.8 -4.66
0.08 3.37 -3.4
-0.03 1.85 -2.42
-0.1 1.01 -1.96
-0.19 0.58 -1.35
-0.22 1.1 -1.32
-0.22 2.09 -1.49
-0.14 3.58 -2.69
-0.06 3.83 -3.62
-0.01 3.71 -4.36
0.03 3.57 -4.66
0.04 3.34 -4.16
0.01 3.07 -3.85
-0.02 2.71 -3.6
-0.02 2.23 -3.23
-0.09 1.54 -2.33
-0.13 1.26 -1.63
-0.12 1.51 -1.3
-0.15 2.2 -0.34
-0.19 2.33 0.1
-0.18 2.6 0.05
-0.18 2.6 0.05
-0.13 3.17 -0.31
-0.07 3.15 -0.21
-0.13 3.09 -0.25
-0.11 3.1 -1.03
-0.09 3.31 -1.35
-0.17 3.47 -1.43
-0.14 3.43 -1.28
-0.14 3.71 -1.24
-0.18 3.56 -1.02
-0.2 3.37 -0.95
-0.21 3.02 -1.47
-0.24 2.79 -1.62
-0.26 2.82 -1.8
-0.23 2.9 -1.88
-0.27 3.13 -1.65
-0.24 3.35 -1.53
-0.23 3.38 -1.28
-0.28 2.84 -0.8
-0.31 2.63 -0.83
-0.24 2.68 -0.93
-0.27 2.7 -0.88
-0.22 2.71 -1.12
-0.2 2.87 -1.18
-0.21 3.16 -1.31
-0.18 3.7 -1.44
-0.21 3.81 -1.45
-0.22 3.47 -1.35
-0.26 3.26 -1.3
-0.26 3.23 -1.5
-0.22 3.12 -1.65
-0.21 2.96 -1.62
-0.22 2.81 -1.69
-0.21 2.97 -1.86
-0.2 3.08 -1.91
-0.24 3.33 -1.91
-0.29 3.8 -1.8
-0.28 3.68 -1.81
-0.26 3.29 -1.82
-0.22 3.28 -2.02
-0.21 3.22 -2.15
-0.16 3 -2.24
-0.15 2.92 -2.21
-0.16 3.12 -1.89
-0.18 3.35 -1.54
-0.21 3.72 -1.25
-0.21 4.33 -1.02
-0.18 4.21 -1.04
-0.21 3.84 -0.74
-0.18 3.53 -0.52
-0.16 2.67 -0.64
-0.14 2.39 -0.8
-0.1 2.41 -0.93
-0.14 2.91 -0.93
-0.14 3.22 -1.03
