0 0 0 0
0 0 0 0
0 0 0 0
0 0 0 0
0 0 0 0
0.9984131 -0.050598145 -0.007751465 -0.022827148
0.99609375 -0.0814209 -0.0033569336 -0.034729004
0.99468994 -0.09472656 -0.0012207031 -0.03942871
0.99365234 -0.10418701 -0.00036621094 -0.042663574
0.99328613 -0.10699463 -0.0012817383 -0.044189453
0.99346924 -0.10491943 -0.003540039 -0.044555664
0.9935913 -0.10369873 -0.006713867 -0.044799805
0.99365234 -0.1026001 -0.010314941 -0.044921875
0.9938965 -0.09979248 -0.014343262 -0.04510498
0.99438477 -0.093811035 -0.018798828 -0.045166016
0.9953613 -0.081726074 -0.023620605 -0.04437256
0.99731445 -0.050842285 -0.032409668 -0.041137695
0.9979248 -0.037475586 -0.03540039 -0.039123535
0.998291 -0.02508545 -0.03753662 -0.036743164
0.9985962 -0.012939453 -0.03881836 -0.03375244
0.99871826 0.017456055 -0.039733887 -0.025268555
0.99853516 0.03137207 -0.03918457 -0.020690918
0.99823 0.042663574 -0.038146973 -0.016601562
0.9979248 0.05316162 -0.03515625 -0.011779785
0.99780273 0.055908203 -0.03375244 -0.010925293
0.9977417 0.05718994 -0.03277588 -0.011047363
0.9977417 0.057739258 -0.032226562 -0.012023926
0.9975586 0.060302734 -0.03149414 -0.014038086
0.99749756 0.061279297 -0.031433105 -0.015319824
0.9973755 0.0635376 -0.031311035 -0.016418457
0.9972534 0.06530762 -0.030700684 -0.017089844
0.9972534 0.06555176 -0.028808594 -0.017700195
0.99731445 0.06518555 -0.027893066 -0.017333984
0.9973755 0.064697266 -0.02709961 -0.016418457
0.9974365 0.06439209 -0.026550293 -0.015075684
0.9976196 0.062316895 -0.025878906 -0.011962891
0.9977417 0.061340332 -0.02545166 -0.010375977
0.99786377 0.060180664 -0.024658203 -0.008850098
0.9979248 0.059631348 -0.02355957 -0.0072021484
0.9980469 0.05883789 -0.0211792 -0.0038452148
0.9981079 0.058288574 -0.020019531 -0.0024414062
0.99816895 0.057800293 -0.018981934 -0.0014648438
0.99823 0.05682373 -0.018005371 -0.0010986328
0.998291 0.055419922 -0.017028809 -0.001159668
0.9984131 0.054138184 -0.016113281 -0.0015258789
0.9985962 0.050842285 -0.014099121 -0.002380371
0.99871826 0.04876709 -0.013000488 -0.0025634766
0.99884033 0.04675293 -0.01171875 -0.0025024414
0.9989624 0.04498291 -0.010253906 -0.002319336
0.99902344 0.042907715 -0.008544922 -0.0020751953
0.9991455 0.040039062 -0.006591797 -0.001953125
0.9992676 0.037597656 -0.0045776367 -0.0017089844
0.99938965 0.035461426 -0.0025634766 -0.0014038086
0.99938965 0.034118652 -0.0005493164 -0.0012207031
0.9994507 0.03338623 0.0016479492 -0.0009765625
0.9995117 0.030395508 0.006652832 -0.0007324219
0.99957275 0.027954102 0.009399414 -0.0004272461
0.9996338 0.024902344 0.012207031 0.00036621094
0.9996338 0.02130127 0.015136719 0.0015258789
0.9996948 0.017578125 0.018127441 0.0028076172
0.9996338 0.010437012 0.024536133 0.00579834
0.99957275 0.006164551 0.028015137 0.007507324
0.9994507 0.00091552734 0.03149414 0.009338379
0.9993286 -0.003967285 0.034423828 0.011291504
0.99920654 -0.008178711 0.03692627 0.013366699
0.99884033 -0.017333984 0.041137695 0.0178833
0.9985962 -0.022277832 0.042907715 0.020324707
0.9984131 -0.026794434 0.044433594 0.022949219
0.9979248 -0.03375244 0.046936035 0.028381348
0.99768066 -0.036987305 0.047851562 0.031066895
0.9974365 -0.040283203 0.04852295 0.03387451
0.99713135 -0.044189453 0.04901123 0.0368042
0.996521 -0.051574707 0.04901123 0.043273926
0.9961548 -0.055480957 0.04876709 0.046569824
0.9957886 -0.059692383 0.04852295 0.049987793
0.9953003 -0.064697266 0.048339844 0.053710938
0.99468994 -0.069885254 0.048217773 0.057861328
0.99401855 -0.07519531 0.048095703 0.0625
0.99328613 -0.080566406 0.047912598 0.06768799
0.99243164 -0.08618164 0.047729492 0.07336426
0.9914551 -0.09240723 0.047546387 0.0791626
0.99035645 -0.09887695 0.04736328 0.0848999
0.9891968 -0.1048584 0.04724121 0.09069824
0.9880371 -0.11053467 0.047180176 0.09674072
0.9867554 -0.1161499 0.04699707 0.103027344
0.98547363 -0.12084961 0.046691895 0.10961914
0.98413086 -0.12597656 0.046142578 0.11621094
0.98272705 -0.13110352 0.045288086 0.12243652
0.9813843 -0.1362915 0.043884277 0.1281128
0.97998047 -0.14154053 0.041992188 0.13360596
0.97857666 -0.14630127 0.039489746 0.13934326
0.97717285 -0.15026855 0.036254883 0.14569092
0.97595215 -0.15161133 0.03253174 0.15332031
0.9748535 -0.15063477 0.0289917 0.16149902
0.97351074 -0.15179443 0.025146484 0.16900635
0.97198486 -0.15466309 0.02130127 0.17578125
0.9702759 -0.1586914 0.017150879 0.18200684
0.96850586 -0.16296387 0.012390137 0.18792725
0.9668579 -0.16577148 0.0068969727 0.19396973
0.9654541 -0.16693115 0.0009765625 0.20013428
0.9639282 -0.16882324 -0.0053710938 0.20574951
0.9622803 -0.17181396 -0.012268066 0.21057129
0.96069336 -0.17492676 -0.01965332 0.21459961
0.95910645 -0.17852783 -0.02746582 0.21801758
0.95721436 -0.18322754 -0.035888672 0.2210083
0.9552002 -0.18811035 -0.044799805 0.22393799
0.953125 -0.1930542 -0.05419922 0.22662354
0.9508667 -0.19854736 -0.06439209 0.2286377
0.94866943 -0.20349121 -0.07501221 0.23010254
0.9467163 -0.20709229 -0.08569336 0.23132324
0.9447632 -0.21051025 -0.0960083 0.2321167
0.942749 -0.2144165 -0.10595703 0.23248291
0.94055176 -0.21917725 -0.115722656 0.2322998
0.9385376 -0.22247314 -0.12542725 0.23205566
0.9370117 -0.22381592 -0.13464355 0.23199463
0.9352417 -0.22625732 -0.14349365 0.23150635
0.9332886 -0.22961426 -0.15203857 0.23040771
0.9312744 -0.23345947 -0.16064453 0.2288208
0.9291382 -0.2374878 -0.16973877 0.22692871
0.92718506 -0.24017334 -0.17913818 0.22491455
0.92523193 -0.24224854 -0.18890381 0.22271729
0.9232178 -0.24414062 -0.19891357 0.22009277
0.92144775 -0.24511719 -0.20831299 0.21789551
0.91937256 -0.24694824 -0.21740723 0.21557617
0.9173584 -0.24865723 -0.22619629 0.21325684
0.9152832 -0.25054932 -0.23480225 0.2107544
0.91290283 -0.25341797 -0.2434082 0.20751953
0.91033936 -0.25750732 -0.25219727 0.20336914
0.9074707 -0.2625122 -0.26141357 0.19818115
0.9047241 -0.26617432 -0.2709961 0.1928711
0.90234375 -0.26782227 -0.2808838 0.18762207
0.9003296 -0.26763916 -0.2906494 0.18243408
0.89868164 -0.2664795 -0.29986572 0.1772461
0.89746094 -0.2647705 -0.30822754 0.1716919
0.89642334 -0.26312256 -0.31585693 0.16558838
0.8956299 -0.2617798 -0.32263184 0.15905762
0.89489746 -0.26086426 -0.3284912 0.15222168
0.894104 -0.26104736 -0.33392334 0.14465332
0.8930664 -0.26190186 -0.33947754 0.13616943
0.8920288 -0.2614746 -0.34588623 0.12750244
0.8911133 -0.25927734 -0.3527832 0.119018555
0.8901367 -0.2564087 -0.35998535 0.1105957
0.88946533 -0.2526245 -0.36676025 0.10266113
0.888916 -0.2489624 -0.37268066 0.09484863
0.88861084 -0.24560547 -0.37738037 0.08721924
0.8885498 -0.24267578 -0.38110352 0.07952881
0.88861084 -0.23986816 -0.38433838 0.07141113
0.8887329 -0.2374878 -0.3869629 0.06298828
0.888916 -0.23516846 -0.3894043 0.054138184
0.8892212 -0.23162842 -0.39190674 0.04547119
0.88952637 -0.22802734 -0.39422607 0.036743164
0.8899536 -0.22442627 -0.39605713 0.028015137
0.89056396 -0.22070312 -0.39733887 0.019165039
0.8911133 -0.21746826 -0.39819336 0.009460449
0.8918457 -0.21343994 -0.39886475 0
0.89276123 -0.20892334 -0.3991089 -0.009277344
0.8937378 -0.20458984 -0.3988037 -0.019042969
0.89489746 -0.19989014 -0.39794922 -0.028381348
0.8963623 -0.19451904 -0.39666748 -0.037109375
0.8978882 -0.1887207 -0.3951416 -0.04559326
0.8994751 -0.18273926 -0.3932495 -0.054138184
0.90112305 -0.17663574 -0.39093018 -0.062927246
0.90301514 -0.1697998 -0.38812256 -0.071777344
0.9052124 -0.16223145 -0.38433838 -0.08068848
0.90771484 -0.15460205 -0.3795166 -0.08996582
0.91052246 -0.14630127 -0.3737793 -0.09918213
0.9135742 -0.13775635 -0.3670044 -0.10845947
0.916687 -0.1293335 -0.35925293 -0.11785889
0.91986084 -0.120788574 -0.35076904 -0.1272583
0.9229126 -0.11199951 -0.34204102 -0.13677979
0.9256592 -0.10284424 -0.33343506 -0.14642334
0.9281006 -0.0925293 -0.32525635 -0.15576172
0.9302368 -0.08282471 -0.31695557 -0.16540527
0.9320679 -0.07373047 -0.30841064 -0.1751709
0.9338989 -0.06439209 -0.29956055 -0.18414307
0.935791 -0.055358887 -0.2901001 -0.19256592
0.9376831 -0.046813965 -0.27990723 -0.20050049
0.93969727 -0.03918457 -0.2687378 -0.20794678
0.9417114 -0.033203125 -0.25634766 -0.2154541
0.9437256 -0.028076172 -0.2432251 -0.22229004
0.94573975 -0.024414062 -0.2298584 -0.22833252
0.9476929 -0.020874023 -0.21691895 -0.23327637
0.9495239 -0.017150879 -0.20483398 -0.23706055
0.95111084 -0.0134887695 -0.19384766 -0.2401123
0.9526367 -0.009460449 -0.18408203 -0.24194336
0.9541626 -0.0051879883 -0.17486572 -0.24273682
0.95581055 -0.0006713867 -0.16595459 -0.24273682
0.9593506 0.00793457 -0.14672852 -0.2409668
0.9613037 0.012512207 -0.13635254 -0.23901367
0.9633789 0.016174316 -0.12506104 -0.23669434
0.96698 0.022583008 -0.103027344 -0.23199463
0.9683838 0.026611328 -0.093566895 -0.22961426
0.9696655 0.03125 -0.08508301 -0.22692871
0.97094727 0.036315918 -0.07696533 -0.22357178
0.97216797 0.04144287 -0.06890869 -0.21990967
0.97332764 0.046813965 -0.061035156 -0.21624756
0.9751587 0.05834961 -0.045043945 -0.20898438
0.97613525 0.062805176 -0.035583496 -0.20483398
0.9771118 0.06713867 -0.0256958 -0.20019531
0.97802734 0.072265625 -0.016235352 -0.19482422
0.97888184 0.07836914 -0.007385254 -0.1885376
0.9797363 0.08459473 0.0010986328 -0.18151855
0.98046875 0.09082031 0.009216309 -0.17407227
0.9812012 0.096069336 0.017456055 -0.16656494
0.98254395 0.10235596 0.035339355 -0.15112305
0.9831543 0.10473633 0.04425049 -0.1428833
0.9837036 0.10784912 0.05255127 -0.13409424
0.9840088 0.11212158 0.059936523 -0.124572754
0.9842529 0.117126465 0.06689453 -0.11419678
0.9844971 0.12109375 0.073913574 -0.10308838
0.9852905 0.12200928 0.08905029 -0.08001709
0.98565674 0.1204834 0.096069336 -0.068725586
0.9859009 0.1194458 0.10180664 -0.057739258
0.9859619 0.12030029 0.10559082 -0.04699707
0.98583984 0.12347412 0.10723877 -0.036376953
0.9857178 0.12719727 0.107543945 -0.0256958
0.9857788 0.12988281 0.10675049 -0.0048217773
0.9857788 0.13079834 0.105407715 0.0052490234
0.9859009 0.13098145 0.103271484 0.015075684
0.98602295 0.13085938 0.10021973 0.024780273
0.986084 0.13104248 0.09631348 0.034179688
0.9859619 0.13238525 0.09173584 0.043273926
0.9857178 0.13458252 0.08666992 0.051940918
0.9855957 0.13555908 0.08129883 0.06011963
0.98565674 0.1350708 0.075683594 0.06756592
0.9855957 0.1350708 0.06939697 0.074279785
0.9855957 0.1352539 0.062683105 0.079956055
0.98583984 0.13391113 0.055725098 0.08441162
0.9862671 0.13122559 0.048217773 0.08770752
0.9867554 0.12884521 0.039855957 0.09008789
0.9869385 0.12890625 0.030517578 0.09161377
0.9868164 0.13085938 0.020996094 0.09265137
0.9866333 0.13305664 0.012207031 0.093566895
0.98638916 0.13470459 0.0048828125 0.09423828
0.986145 0.13598633 -0.0006713867 0.0947876
0.98602295 0.13690186 -0.0045776367 0.09509277
0.9859619 0.13726807 -0.007385254 0.09503174
0.986084 0.13616943 -0.00970459 0.09466553
0.9864502 0.1338501 -0.012268066 0.09411621
0.9866333 0.13256836 -0.015686035 0.09350586
0.98657227 0.1329956 -0.020141602 0.0927124
0.9863281 0.13458252 -0.025024414 0.09185791
0.986145 0.13543701 -0.029663086 0.09082031
0.98620605 0.13494873 -0.033447266 0.089660645
0.98638916 0.13354492 -0.036010742 0.08874512
0.9866333 0.13208008 -0.03753662 0.088012695
0.98687744 0.1303711 -0.03857422 0.08691406
0.9873047 0.12799072 -0.039916992 0.08508301
0.9876709 0.12634277 -0.042053223 0.08258057
0.9876709 0.12677002 -0.045410156 0.079833984
0.9873657 0.12896729 -0.049621582 0.07733154
0.9869385 0.13171387 -0.05407715 0.07519531
0.9866333 0.13360596 -0.05822754 0.07336426
0.9864502 0.13397217 -0.061706543 0.07183838
0.98651123 0.13287354 -0.064331055 0.07080078
0.98669434 0.13098145 -0.06616211 0.070373535
0.9868164 0.12915039 -0.06750488 0.07043457
0.98687744 0.12805176 -0.068725586 0.07043457
0.9868164 0.12780762 -0.069885254 0.07019043
0.9868164 0.12768555 -0.07098389 0.06951904
0.9868164 0.12756348 -0.072265625 0.06842041
0.9868164 0.12750244 -0.07366943 0.06719971
0.9868164 0.12731934 -0.07513428 0.066101074
0.9868164 0.12689209 -0.076416016 0.06524658
0.9869385 0.12579346 -0.07739258 0.064575195
0.9871216 0.12390137 -0.077941895 0.064086914
0.98742676 0.12164307 -0.078063965 0.06378174
0.98773193 0.119384766 -0.07788086 0.06365967
0.98809814 0.11694336 -0.07745361 0.0635376
0.9884033 0.11444092 -0.07672119 0.06341553
0.98883057 0.11187744 -0.07574463 0.06329346
0.9891968 0.109558105 -0.07470703 0.06286621
0.98950195 0.107666016 -0.07366943 0.06225586
0.9898071 0.1060791 -0.072631836 0.061523438
0.99005127 0.10467529 -0.07183838 0.060668945
0.9902954 0.103271484 -0.07122803 0.059753418
0.99053955 0.10180664 -0.07086182 0.05883789
0.9907837 0.10028076 -0.07055664 0.057922363
0.9909668 0.09887695 -0.070373535 0.057128906
0.99108887 0.097839355 -0.070373535 0.056396484
0.99121094 0.09716797 -0.07043457 0.055664062
0.991333 0.09643555 -0.070373535 0.054992676
0.99139404 0.09588623 -0.0703125 0.054504395
0.9915161 0.09539795 -0.07019043 0.054016113
0.99157715 0.09460449 -0.070129395 0.053710938
0.9916992 0.09338379 -0.070129395 0.05340576
0.9918213 0.09222412 -0.070129395 0.05316162
0.99194336 0.091308594 -0.07019043 0.05303955
0.9920044 0.0904541 -0.070251465 0.052856445
0.9920654 0.08984375 -0.070129395 0.05267334
0.9921875 0.08917236 -0.06994629 0.0524292
0.99224854 0.08850098 -0.06964111 0.05218506
0.9923706 0.087646484 -0.0692749 0.051940918
0.9924927 0.08666992 -0.06890869 0.051818848
0.99261475 0.085632324 -0.06854248 0.051635742
0.9927368 0.08453369 -0.06829834 0.0513916
0.9928589 0.083496094 -0.068115234 0.051086426
0.99298096 0.0826416 -0.06793213 0.050720215
0.993042 0.08190918 -0.067871094 0.05029297
0.99316406 0.08099365 -0.06781006 0.049743652
0.9932251 0.08013916 -0.06781006 0.04925537
0.99334717 0.0793457 -0.06781006 0.048828125
0.9934082 0.07861328 -0.06774902 0.04852295
0.99346924 0.07800293 -0.06768799 0.04840088
0.9935303 0.07739258 -0.06762695 0.048339844
0.9935913 0.07678223 -0.06762695 0.04827881
0.99365234 0.07598877 -0.06762695 0.048217773
0.9937134 0.07513428 -0.06756592 0.048095703
0.9937744 0.07458496 -0.06756592 0.047912598
0.99383545 0.07397461 -0.06750488 0.047668457
0.9938965 0.07336426 -0.06738281 0.04736328
0.9939575 0.072753906 -0.06726074 0.04699707
0.99401855 0.072265625 -0.0670166 0.046813965
0.9940796 0.072021484 -0.06677246 0.04675293
0.9940796 0.071777344 -0.06652832 0.046691895
0.9941406 0.07141113 -0.06628418 0.046569824
0.99420166 0.07098389 -0.06591797 0.046447754
0.9942627 0.07055664 -0.06549072 0.04626465
0.99438477 0.069885254 -0.06488037 0.045959473
0.99450684 0.0692749 -0.064208984 0.04559326
0.9946289 0.06854248 -0.06347656 0.045166016
0.99468994 0.06781006 -0.062805176 0.04473877
0.994812 0.06707764 -0.06213379 0.044433594
0.9949341 0.06640625 -0.061523438 0.044311523
0.9949951 0.06542969 -0.06097412 0.04425049
0.9951172 0.064575195 -0.06048584 0.04425049
0.9951782 0.063964844 -0.060180664 0.044189453
0.99523926 0.06335449 -0.059936523 0.043884277
0.9953003 0.0625 -0.059753418 0.043395996
0.99542236 0.061645508 -0.059570312 0.04272461
