0 0 0
0 0 0
0 0 0
0 0 0
0 0 0
0 0 0
0 -0.125 -0.5625
0 -0.125 -0.75
0 -0.125 -0.8125
0 -0.125 -0.8125
359.9375 -0.1875 -0.8125
359.9375 -0.1875 -0.8125
0 -0.1875 -0.8125
0 -0.25 -0.75
0 -0.25 -0.6875
0 -0.3125 -0.625
0 -0.3125 -0.625
0 -0.3125 -0.625
0 -0.25 -0.6875
0 -0.25 -0.75
0 -0.25 -1.0625
359.9375 -0.25 -1.1875
359.9375 -0.25 -1.3125
359.9375 -0.3125 -1.4375
359.9375 -0.3125 -1.5625
359.9375 -0.3125 -1.6875
359.9375 -0.3125 -1.75
359.9375 -0.3125 -1.875
359.875 -0.3125 -2
359.875 -0.25 -2.0625
359.875 -0.25 -2.1875
359.875 -0.25 -2.375
359.75 -0.25 -2.6875
359.75 -0.25 -2.6875
359.6875 -0.1875 -2.875
359.625 -0.125 -3
359.5625 0.0625 -3.125
359.5625 0.0625 -3.125
359.5 0.1875 -3.1875
359.375 0.5625 -3.5
359.375 0.5625 -3.5
359.3125 0.75 -3.6875
359.25 1 -3.875
359.1875 1.1875 -3.9375
359.1875 1.4375 -3.9375
359.1875 1.6875 -4
359.25 1.875 -4.0625
359.3125 2.1875 -4.1875
359.4375 2.75 -4.5
359.5 3.125 -4.6875
359.5625 3.5 -4.75
359.625 3.875 -4.8125
359.8125 4.25 -4.875
359.9375 4.6875 -4.9375
0.125 5.0625 -5
0.5625 5.8125 -5.125
0.875 6.125 -5.25
1.125 6.5 -5.3125
1.4375 6.875 -5.4375
1.6875 7.25 -5.5625
2 7.625 -5.625
2.3125 8 -5.75
2.6875 8.3125 -5.8125
3.125 8.6875 -5.8125
4.125 9.5 -5.8125
4.625 9.875 -5.75
5.25 10.1875 -5.75
5.25 10.1875 -5.75
5.875 10.4375 -5.75
6.5 10.6875 -5.6875
7.125 10.875 -5.5625
7.8125 11.0625 -5.375
9.125 11.5 -4.75
9.875 11.6875 -4.3125
10.5625 11.875 -3.8125
11.25 12 -3.3125
11.9375 12.0625 -2.75
12.625 12 -2.25
12.625 12 -2.25
13.3125 11.875 -1.875
14 11.625 -1.625
15.4375 11 -1.125
15.4375 11 -1.125
16.125 10.75 -0.75
16.8125 10.4375 -0.375
18.0625 9.75 0.3125
18.0625 9.75 0.3125
18.6875 9.3125 0.5
19.3125 8.8125 0.6875
19.9375 8.25 0.8125
20.5 7.75 1
21.0625 7.25 1.1875
21.5 6.75 1.5
21.9375 6.25 1.875
22.5625 5.375 2.8125
22.5625 5.375 2.8125
23 4.3125 3.4375
23 4.3125 3.4375
23.25 3.75 3.4375
23.4375 3.1875 3.4375
23.625 2.625 3.5
23.75 2.125 3.6875
23.875 1.625 4
24 1.0625 4.25
24.0625 0.5625 4.4375
23.9375 -0.3125 5
23.9375 -0.3125 5
23.75 -0.6875 5.3125
23.625 -1.0625 5.625
23.1875 -1.6875 6.25
22.875 -2.0625 6.5
22.5 -2.5 6.6875
22.5 -2.5 6.6875
22.1875 -3.0625 6.75
21.5625 -4.4375 6.75
21.25 -5.1875 6.6875
20.875 -5.9375 6.6875
20.875 -5.9375 6.6875
20.4375 -6.6875 6.6875
19.5 -8.0625 6.875
19 -8.6875 7.0625
18.5 -9.3125 7.25
18.0625 -10.0625 7.3125
17.5625 -10.875 7.25
17.0625 -11.625 7.1875
16.5 -12.4375 7.1875
15.8125 -13.1875 7.125
15.0625 -13.9375 7.0625
14.3125 -14.6875 7.0625
13.5625 -15.375 7.0625
12.875 -16.0625 7.1875
12.125 -16.75 7.3125
11.375 -17.5 7.3125
10.5 -18.25 7.25
9.625 -19 7.125
8.75 -19.6875 7
7.8125 -20.375 6.875
6.9375 -21 6.75
6.9375 -21 6.75
5.25 -22.0625 6.5625
5.25 -22.0625 6.5625
3.5 -22.6875 6.5
2.625 -22.875 6.625
1.75 -23 6.75
0.75 -23.0625 6.9375
359.75 -23.125 7.1875
358.75 -23.25 7.3125
357.6875 -23.3125 7.4375
356.75 -23.3125 7.375
355.8125 -23.3125 7.4375
354.9375 -23.25 7.5625
353.125 -23.0625 7.625
353.125 -23.0625 7.625
352.25 -22.9375 7.5625
351.4375 -22.8125 7.625
349.0625 -22.4375 7.6875
349.0625 -22.4375 7.6875
347.5 -22.1875 7.5
346.75 -22 7.375
346 -21.8125 7.25
345.375 -21.5625 7.1875
344.6875 -21.25 7.0625
344 -20.9375 6.9375
343.375 -20.625 6.875
342.8125 -20.3125 6.75
342.8125 -20.3125 6.75
342.25 -20 6.5
341.3125 -19.3125 6.0625
340.875 -18.9375 5.9375
340.4375 -18.5 5.75
340.4375 -18.5 5.75
340.0625 -18.125 5.5625
339.375 -17.3125 5.125
339.0625 -16.9375 4.9375
338.75 -16.5 4.75
338.75 -16.5 4.75
338.4375 -16.0625 4.4375
338.1875 -15.5625 4.0625
337.875 -14.625 3.625
337.875 -14.625 3.625
337.5 -13.75 3
337.5 -13.75 3
337.375 -13.3125 2.625
337.25 -12.9375 2.3125
337.125 -12.4375 2.0625
337.0625 -12 1.875
337 -11.5 1.6875
337 -11 1.4375
337.0625 -10.5 1.125
337.125 -10 0.8125
337.125 -9.5 0.5625
337.1875 -9 0.25
337.1875 -8.5625 0
337.1875 -8.0625 -0.125
337.375 -7.25 -0.8125
337.375 -7.25 -0.8125
337.5 -6.8125 -1.1875
337.6875 -6.3125 -1.5
338.0625 -5.375 -2
338.3125 -4.9375 -2.25
338.5625 -4.4375 -2.4375
338.875 -4 -2.6875
339.125 -3.5625 -3
339.4375 -3.0625 -3.1875
339.4375 -3.0625 -3.1875
340 -1.9375 -3.5
340 -1.9375 -3.5
340.3125 -1.375 -3.625
341 -0.25 -3.75
341.3125 0.25 -3.6875
341.625 0.75 -3.5625
341.9375 1.3125 -3.5625
342.25 1.75 -3.5
342.5 2.25 -3.375
342.875 2.6875 -3.4375
343.25 3.125 -3.4375
343.25 3.125 -3.4375
343.9375 3.9375 -3.5
344.3125 4.25 -3.5625
344.3125 4.25 -3.5625
344.625 4.5625 -3.5625
345 4.75 -3.6875
345.8125 5 -4.125
346.3125 5.1875 -4.25
346.8125 5.3125 -4.25
347.3125 5.4375 -4.25
347.8125 5.625 -4.375
348.25 5.75 -4.5
348.625 5.8125 -4.625
348.625 5.8125 -4.625
349.3125 6.0625 -4.9375
349.625 6.25 -5.0625
350 6.5 -5
350.3125 6.75 -4.9375
350.625 6.9375 -4.9375
350.625 6.9375 -4.9375
351.1875 7.1875 -5.0625
351.375 7.1875 -5.125
351.625 7.1875 -5.25
351.8125 7.25 -5.375
351.8125 7.25 -5.375
352.0625 7.25 -5.5625
352.5625 7.5625 -5.5
352.5625 7.5625 -5.5
353.125 8 -5.3125
353.125 8 -5.3125
353.4375 8.125 -5.25
353.6875 8.25 -5.375
354.25 8.25 -5.75
354.25 8.25 -5.75
354.5 8.3125 -5.9375
354.75 8.375 -6
355.25 8.5625 -6.125
355.25 8.5625 -6.125
355.625 8.625 -6.25
355.8125 8.625 -6.4375
356 8.625 -6.5
356.125 8.625 -6.5625
356.25 8.6875 -6.5625
356.4375 8.6875 -6.625
356.5625 8.75 -6.625
356.6875 8.75 -6.625
356.8125 8.75 -6.6875
356.9375 8.75 -6.75
357 8.75 -6.8125
357.125 8.6875 -6.875
357.1875 8.6875 -6.9375
357.3125 8.6875 -6.9375
357.3125 8.6875 -6.9375
357.5 8.75 -7
357.5 8.75 -7
357.5625 8.8125 -7
357.625 8.875 -7.0625
357.625 8.875 -7.125
357.625 8.875 -7.1875
357.6875 8.875 -7.25
357.8125 8.9375 -7.3125
358.0625 9 -7.5
358.0625 9 -7.5
358.3125 9.1875 -7.5625
358.375 9.25 -7.625
358.4375 9.375 -7.6875
358.5 9.4375 -7.6875
358.625 9.5 -7.75
358.6875 9.5625 -7.875
358.75 9.625 -7.9375
358.75 9.625 -8
358.8125 9.625 -8.125
358.875 9.5625 -8.25
358.9375 9.5625 -8.4375
358.9375 9.5 -8.625
358.9375 9.4375 -8.8125
359 9.25 -9.25
359 9.25 -9.25
359 9.125 -9.4375
359.0625 8.9375 -9.75
359.0625 8.875 -9.875
359.0625 8.875 -9.9375
359.0625 8.875 -9.9375
359 8.8125 -10
359 8.75 -10.0625
359 8.75 -10.1875
359 8.6875 -10.25
359 8.625 -10.375
359 8.5625 -10.5
359 8.5625 -10.5
359.0625 8.5 -10.6875
359.0625 8.4375 -10.8125
359.0625 8.375 -10.9375
359.0625 8.375 -10.9375
359.0625 8.3125 -11
359.0625 8.25 -11.0625
359.0625 8.25 -11.125
359.125 8.1875 -11.1875
359.125 8.1875 -11.25
359.1875 8.125 -11.3125
359.1875 8.125 -11.375
359.25 8.0625 -11.5
359.3125 8.0625 -11.5625
359.375 8 -11.6875
359.4375 7.9375 -11.8125
359.5 7.875 -11.9375
359.5 7.875 -11.9375
359.5625 7.875 -11.9375
359.5625 7.8125 -12
359.5625 7.8125 -12.0625
359.5625 7.75 -12.125
359.5625 7.75 -12.1875
