0.19 0.15 9.94
0.2 0.19 9.26
0.21 0.19 9.31
0.2 0.21 9.33
0.19 0.2 9.32
0.2 0.18 9.3
0.18 0.21 9.3
0.18 0.2 9.33
0.19 0.2 9.3
0.2 0.19 9.32
0.2 0.21 9.32
0.19 0.22 9.32
0.2 0.18 9.3
0.19 0.2 9.3
0.19 0.22 9.3
0.17 0.2 9.3
0.2 0.2 9.33
0.2 0.2 9.29
0.2 0.2 9.32
0.19 0.21 9.33
0.19 0.21 9.28
0.2 0.18 9.33
0.19 0.21 9.31
0.17 0.19 9.3
0.2 0.22 9.3
0.19 0.19 9.28
0.19 0.17 9.31
0.2 0.21 9.31
0.19 0.19 9.33
0.2 0.2 9.31
0.19 0.2 9.32
0.19 0.21 9.27
0.2 0.18 9.29
0.2 0.21 9.33
0.2 0.19 9.29
0.2 0.18 9.3
0.2 0.19 9.3
0.19 0.19 9.3
0.18 0.22 9.31
0.2 0.21 9.32
0.17 0.22 9.32
0.2 0.18 9.31
0.18 0.21 9.27
0.2 0.21 9.32
0.19 0.19 9.34
0.18 0.19 9.28
0.2 0.18 9.31
0.2 0.2 9.32
0.18 0.2 9.29
0.2 0.21 9.32
0.2 0.2 9.29
0.2 0.21 9.32
0.19 0.21 9.29
0.2 0.17 9.3
0.19 0.2 9.33
0.19 0.22 9.33
0.2 0.2 9.31
0.2 0.2 9.32
0.2 0.2 9.3
0.19 0.19 9.29
0.22 0.18 9.32
0.21 0.21 9.29
0.19 0.2 9.32
0.19 0.19 9.31
0.2 0.2 9.3
0.2 0.22 9.29
0.2 0.22 9.32
0.2 0.2 9.29
0.19 0.21 9.3
0.2 0.2 9.32
0.2 0.21 9.3
0.19 0.2 9.33
0.2 0.2 9.34
0.18 0.21 9.33
0.18 0.19 9.33
0.2 0.21 9.29
0.2 0.2 9.31
0.2 0.17 9.33
0.2 0.21 9.3
0.18 0.19 9.35
0.19 0.21 9.33
0.2 0.19 9.29
0.18 0.2 9.32
0.21 0.21 9.33
0.18 0.22 9.31
0.19 0.19 9.28
0.2 0.19 9.3
0.13 0.2 9.32
0.22 0.19 9.34
0.2 0.2 9.31
0.18 0.2 9.32
0.21 0.18 9.32
0.21 0.2 9.31
0.22 -0.08 8.54
0.07 0.49 9.56
0.51 0.42 9.33
3.66 -1.52 9.63
2.85 -3.31 14.07
2.04 2.47 8.63
1.22 3.83 5.59
-12.29 5.65 10.72
-10.44 0.41 12.29
4.94 0.05 11.99
7.71 5.46 8.07
-2 8.86 8.91
-4.31 7.44 10.15
-5.09 2.07 12.87
-5.51 -0.41 13.17
-4.99 -3.06 12.84
-2.99 -4.24 11.27
-2.27 -3.01 10.43
-2.63 5.22 8.11
-6.24 8.62 8.02
-5.96 1.67 9.93
-6.06 -0.49 10.06
-2.4 -4.81 8.7
-0.88 -3.49 7.14
-1.51 6.4 4.91
-2.93 10.52 4.45
-3.06 11.27 4.13
-3.91 9.58 4.54
-3.05 5.56 3.89
-6.31 8.55 4.69
-0.62 9.98 1.83
0.08 10.22 1.36
-5.79 8.27 2.16
-6.53 5.38 2.22
-1.97 7.72 0.39
-3.66 7.92 0.36
-5.49 7.76 0.83
-4.74 8.33 0.23
-3.28 8.65 0.15
-2.71 6.42 0.4
-1.67 7.14 0.89
-2.5 8.94 0.52
-3.03 9.64 0.37
-4.46 7.38 1.71
-4.71 9.37 1.22
-2.35 9.46 1
-3.3 8.78 1.24
-7.29 12.19 1.43
-3.17 10.12 1.06
-1.98 8.48 1.16
1.9 9.53 0.14
1.44 11.66 -0.09
0.23 8.08 1.05
-3.23 9.18 -0.65
-3.72 12.82 -0.33
-1.22 5.36 0.79
-2.2 6.61 0.31
-3.15 10.04 -0.7
0.74 10.13 -2.21
0.13 11.99 -2.84
-0.86 11.03 -0.63
-1.96 11.02 -0.19
-1.83 9.72 0.07
-1.29 10.04 -0.73
-3.82 9.59 1.77
-1.49 9.95 -1.14
-0.34 8.72 0.28
-4.66 8.27 1.59
-3.01 11.01 1.25
1.85 12.93 -1.3
1.12 10.68 -1.24
-2.65 8.09 1.14
-0.92 10.04 -0.5
-1.18 9.53 0.42
-1.42 7.75 0.73
-0.78 10.03 0
-1.32 9.31 0.44
-1.55 9.36 1.07
-0.69 9.79 0.53
0.11 10.29 0.08
-1.58 10.29 1.41
-0.95 10.35 0.73
-0.35 9.33 1.03
-0.95 9.66 1.02
-0.62 10.05 1.05
0.08 10.23 0.64
-0.01 9.8 1.11
-0.09 10.12 1.05
-0.16 9.97 1.14
0.32 10.39 0.84
0.38 10.38 0.82
0.13 9.95 1.06
-0.06 10.23 1.02
-0.01 10.41 1.12
0.07 10 1.08
0.2 10.01 1.1
0.21 9.99 1.05
0.27 10.04 0.94
0.48 9.89 0.87
0.18 10.14 0.85
0.09 9.79 0.96
0.14 10.07 0.92
0.06 9.87 0.98
0.38 10.48 0.84
-0.28 9.81 1.22
-0.36 9.88 1.07
0.05 9.54 1.07
0.03 9.79 0.96
0.04 10.19 0.94
0.31 10.14 0.78
-0.13 9.78 1
-0.07 9.67 0.88
0.09 10.03 0.84
-0.08 9.79 0.8
-0.3 9.85 0.91
-0.04 9.65 0.98
-0.06 10.21 0.8
0.07 10.08 0.95
0.17 10.25 0.78
-0.09 10.43 0.93
-0.2 10.09 1.07
0.04 9.94 0.97
0.09 10.12 0.92
0.13 10.05 0.84
0 9.93 0.83
0.02 9.5 0.91
-0.13 9.31 0.88
0.09 9.11 1.06
0 9.45 1.02
-0.19 9.57 1.11
-0.43 9.1 1.23
-0.51 9.62 1.11
-0.38 9.78 1.12
-0.64 9.49 1.31
-0.81 9.67 1.36
-1.02 9.61 1.65
-0.83 9.9 1.71
-0.72 9.88 1.72
0.42 10.33 1.64
-0.2 10.01 2.02
-0.31 9.5 2.29
-0.4 9.02 2.54
0.3 10.37 2.29
1.1 10.8 2.28
1.75 9.51 2.63
0.89 9.44 3.06
0.72 9.69 3.3
0.81 10.96 3.34
0.39 11.1 3.95
2.68 10.42 3.59
3.31 9.79 3.38
3.37 8.89 3.6
4.13 8.65 3.03
5.61 10.19 1.94
5.23 10.48 2.16
5.76 9.79 1.82
5.4 8.87 2.34
4.73 9.74 1.83
4.74 10.22 0.98
5.53 10.12 0.6
4.51 7.91 1.53
6 7.59 0.08
5.75 6.82 0.04
5.49 8.55 -1.56
5.63 9.46 -1.74
5.58 7.76 -2.4
6.73 8.74 -3.42
6.76 8.89 -3.29
6.69 8.26 -3.54
6.98 9.09 -4.92
7.01 8.53 -5.08
5.63 4.56 -4.18
5.44 6.21 -5.34
6.26 8.69 -7.22
4.34 3.39 -5.24
3.39 4.99 -6.17
2.9 5.53 -6.24
3.62 5.15 -6.99
2.97 3.24 -6.6
2.98 4.08 -7.59
3.61 4.53 -8.12
3.66 3.51 -7.97
3.38 4.7 -8.91
4.97 3.54 -9.2
4.42 1.59 -8.48
4.09 1.06 -8.22
3.1 2.79 -8.63
3.18 2.21 -8.48
2.7 1.75 -8.69
3.3 1.41 -8.86
3.03 1.62 -8.85
3.26 1.69 -9.11
2.69 1.97 -9.38
3.15 1.77 -9.41
3.44 1.07 -9.25
3.23 1.5 -9.49
2.83 0.43 -8.93
1.86 1.16 -8.85
1.59 1.28 -8.74
1.17 1.22 -8.47
0.51 2.07 -8.45
-0.02 2.8 -8.66
0.96 2.31 -8.71
0.46 2.35 -8.37
0.13 2.58 -8.36
-0.74 4.32 -8.72
-1.45 3.56 -7.86
-1.45 4.21 -7.63
-0.71 6.33 -8.72
-1.39 5.29 -8.01
-1.97 6.15 -7.54
-1.64 3.76 -6.25
-1.63 5.87 -6.1
-0.64 8.3 -6.83
-0.94 8.11 -6.12
-1.67 5.88 -4.27
1.77 9.92 -5.93
0.19 9.79 -5.06
-2.68 11.02 -4.07
-3.55 11.22 -3.98
2.13 11.55 -4.56
1.52 9.98 -3.31
0.29 10.84 -3.19
-0.21 11.25 -3.23
-1.84 8.42 -1.38
-1.08 9.39 -0.88
1.77 11.25 -1.85
4.89 14.26 -3.43
1.67 13.13 -2.28
0.11 9.49 -1.22
-0.28 7.03 -0.87
1.3 7.8 -1.39
1.74 9.78 -1.82
1.66 11.3 -1.74
0.71 11.09 -1.24
0.48 9.12 -0.19
0.1 9.07 0.5
-0.02 8.69 0.49
0.6 8.99 0.56
2.79 11.28 -0.28
2.6 12.51 -0.23
1.76 10.02 1.1
1.44 9.4 1.17
0.79 9.85 0.93
1.7 10.98 0.41
1.91 11.18 1.12
0.95 10.62 2.51
2.01 10.55 0.68
2.01 8.25 1.75
1.85 9.34 1.03
1.81 10.43 1.47
1.35 10.04 1.88
1.3 10.4 1.76
1.2 8.18 2.6
1.59 10.12 1.81
1.9 10.88 1.84
1.21 10.42 2.23
1.05 9.97 2.32
1.24 8.38 3.09
1.75 9.53 2.48
1.51 10.23 2.35
2.42 9.65 2.12
2.38 9.5 2.31
1.94 9.85 2.07
0.67 8.53 3.2
1.57 9.25 2.93
1.49 8.94 2.6
2.27 8.48 2.55
1.78 10.28 2.49
1.01 9.49 2.98
1.06 8.99 3.19
0.65 9.64 2.69
2.27 9.52 2.56
1.75 10.32 2.41
1.43 9.7 2.68
0.9 9.18 3.09
0.68 9.06 3.32
0.1 9.72 3.28
0.91 9.36 3.08
0.98 8.59 2.87
0.67 10.26 2.59
1.25 8.92 3.09
0.73 10.02 3.21
0.6 10.63 3.29
1.08 9.97 3.38
0.68 9.92 3.31
0.38 9.88 3.28
0.39 10.21 3.11
1.11 9.21 3.15
0.77 10.73 2.67
1.03 10.89 2.33
0.89 10.41 2.31
1.92 9.57 2.72
2.13 9.22 2.17
1.83 9.94 1.87
1.4 9.55 2.51
0.83 8.79 1.79
0.8 9.29 1.52
2.26 9.18 1.71
0.91 9.47 1.61
1.1 8.73 1.46
1.91 9.65 0.98
2.24 11.14 0
0.97 10.73 0.89
2.18 10.58 0.59
3.35 9.16 0.15
2.56 9.1 0.42
2.35 10.01 0.13
1.88 11.56 -0.48
3 10.8 -0.77
2.12 10.27 -0.61
2.72 10.54 -1.26
3.5 11.12 -1.87
2.77 10.09 -2.09
2.56 8.76 -2.43
3.32 8.2 -2.09
3.38 8.39 -2.88
3 8.61 -2.7
3.56 7.97 -3.64
3.19 7.85 -4.55
3.1 8.21 -4.65
3.07 7.71 -4.77
3.34 7.52 -5.62
3.66 6.29 -6.05
3.07 7.04 -6.49
4.09 8.19 -7.66
3.52 8.24 -7.51
3.36 7.04 -7.68
2.46 5.79 -6.99
2.91 5.39 -7.4
3.53 4.03 -7
2.47 7.3 -8.06
3.27 7.28 -8.37
3.61 6.11 -8.55
2.02 2.74 -6.88
1.68 4.78 -7.8
2.62 3.85 -7.67
1.45 4.96 -7.91
2.09 4.12 -8.03
2.13 3.79 -8.2
1.88 3.41 -8.02
2 4.3 -8.45
1.3 3.38 -8.19
2.98 4.4 -8.93
1.19 5.42 -9.12
0.99 3.56 -8.63
0.82 3.05 -8.31
0.88 2.94 -8.24
0.57 3.4 -8.08
0.71 5.14 -8.72
0.01 5.81 -8.69
-0.65 4.91 -8.02
0.19 4.6 -7.97
1.06 6.26 -8.57
-0.04 5.65 -8.04
-1.04 5.3 -7.43
-0.3 5.93 -7.46
-0.02 6.44 -7.04
-1.17 6.49 -6.63
-0.64 5.49 -6.17
-3.12 4.12 -4.25
2.46 8.35 -6.78
0.65 10.54 -7.03
0.65 9.11 -5.84
0.01 9.47 -5.47
-0.77 7.78 -4.36
-0.55 7.04 -3.77
0.12 9.35 -4.38
0.07 9.59 -3.95
1.02 9.83 -4.08
-0.81 9.61 -2.75
0 9.27 -2.9
0.81 9.72 -2.84
1.44 11.16 -2.88
-0.69 10.42 -1.79
-0.22 8.78 -1.43
0.4 9.76 -1.47
0.84 11.47 -1.06
1 11.39 -0.63
1.78 11.43 -2.07
-0.24 8.28 -0.05
-0.65 8.64 0.22
2.55 11.63 -0.81
2.45 11.49 -0.19
0.33 11.07 0.46
0.7 10 1.07
-0.55 8.79 1.73
-0.14 9.96 1.57
2.36 11.93 0.56
0.76 11.44 1.52
0.56 11.49 2.02
1 9.92 1.76
0.58 10.68 1.73
0.77 10.37 1.18
1.81 9.74 1.48
-0.28 10.62 2.21
0.43 9.88 1.98
-0.02 9.42 2.37
1.41 8.94 2.4
0.76 9.89 2
0.05 9.71 2.54
-0.35 9.74 3.04
-0.9 10.7 2.39
0.74 9.28 2.43
-0.58 10.86 2.47
-1.04 10.4 2.53
-0.71 9.77 2.57
-0.32 9.37 2.39
0.44 9.12 2.08
1.34 9.45 1.22
-0.11 10.5 2.08
-0.88 10.23 1.93
-0.45 9.9 2.2
-0.86 10.85 1.56
0.61 9.71 1.32
0.35 10.66 1.49
-0.76 11.33 1.43
-1.4 8.98 2.46
-0.55 10.24 0.43
-0.4 9.35 0.72
0.09 9.33 0.34
-0.36 9.06 1.04
-0.2 9.73 0.54
0.31 9.18 0.75
0 10.29 0.22
0.35 8.83 0.36
0.11 9.81 0.17
-0.09 9.5 0.63
0.13 9.41 0.02
0.31 10.02 0.21
0.32 9.48 0.26
0.37 9.99 0.01
0.88 9.84 -0.03
0.8 10.29 -0.14
0.49 10.33 0.12
0.54 9.41 0.28
0.09 10.23 -0.01
0.23 9.76 0.15
-0.61 9.92 0.31
-0.05 9.44 0.19
0.16 9.63 0.13
0.09 9.76 0.17
0.02 10.59 -0.01
0.11 10.75 0.05
0.03 10.31 0.25
-0.03 9.96 0.21
0.03 10.08 0.17
-0.26 10.08 0.13
-0.19 9.67 0.14
-0.42 9.62 0.39
0.09 9.79 0.36
0.14 10.22 0.29
0.43 10.59 0.35
0.46 10.76 0.55
0.34 10.63 0.4
0.19 10.23 0.39
0.42 10.41 -0.03
0.22 9.34 0.2
0.26 9.76 0
0.69 9.42 0
0.48 10.08 -0.12
0.39 10.24 -0.14
0.25 10.19 -0.09
0.29 9.72 0.08
0.35 9.93 0.03
0.69 10.1 0.03
0.88 10.13 0.17
0.68 10.19 0.29
0.64 10.11 0.53
0.66 9.93 0.79
0.8 9.87 0.78
0.8 9.96 0.69
0.96 10.01 0.83
0.96 9.39 1.01
1.66 9.63 0.3
1.62 9.57 0.16
1.9 9.68 0.05
1.5 9.63 0.17
1.46 9.29 0.29
1.71 9.77 0.1
1.61 10.08 0.04
1.49 9.95 0.08
1.32 10.3 0.21
1.63 10.82 0
1.74 10.48 0.14
2.08 10.32 0
2.29 10.27 0
2.56 10.17 -0.08
2.28 9.53 0.16
2.29 9.72 -0.03
1.9 9.56 0.1
1.85 9.52 0.11
1.9 9.35 0.05
1.81 9.35 0.13
2.12 9.53 0.01
2.08 9.58 0.05
1.98 9.57 0
1.73 9.41 0.21
1.61 9.45 0.35
1.45 9.56 0.43
1.72 9.94 0.38
1.69 10.08 0.4
1.53 10.02 0.62
1.93 10.13 0.52
1.94 10.24 0.41
1.92 10.4 0.36
1.97 10.4 0.19
1.79 9.86 0.4
1.79 9.96 0.33
1.75 10.16 0.36
