0 0 0
0 0 0
0.0625 0.125 -0.4375
0.125 0.125 -0.625
0.1875 0.0625 -0.875
0.1875 0.125 -1.125
0.1875 0.125 -1.25
0.25 0.0625 -1.5
0.25 0.0625 -1.6875
0.25 0.0625 -1.875
0.25 0.0625 -1.9375
0.3125 0.0625 -2.125
0.375 0 -2.4375
0.375 0 -2.625
0.375 0.0625 -2.8125
0.375 0.125 -2.9375
0.4375 0.125 -3.0625
0.5 0.1875 -3.3125
0.5625 0.1875 -3.4375
0.6875 0.25 -3.625
0.8125 0.25 -3.75
2 7.5625 100.125
2.375 7.3125 100
2.6875 7.0625 99.875
157.125 6.6875 99.8125
157.5 6.5 99.8125
157.8125 6.3125 99.6875
158.375 6.0625 99.3125
158.6875 6 98.9375
158.75 6.25 98.375
158.5625 6.625 98.125
158.1875 7.125 97.8125
157.3125 8.25 97.4375
156.5625 9.1875 97.3125
155 11.125 97.1875
153.625 12.6875 97.0625
152.0625 14.375 96.9375
149.25 17.25 96.8125
147.5 19.0625 96.3125
146 20.875 95.75
144.125 23.6875 95.5
142.875 25.5 95.3125
141.125 28.0625 94.25
139.875 29.9375 93.5
138.625 31.75 92.9375
137.125 34.3125 91.375
136.0625 36.0625 90
134.1875 38.5 88.6875
133 40 88.3125
131.125 42.375 88
130.1875 43.75 87.8125
129.5 44.875 87.875
218.75 46.125 87.8125
218.375 46.9375 87.4375
217.875 47.8125 87
217.375 48.9375 85.8125
217.25 49.5625 85.125
217.3125 50.0625 84.5625
217.8125 50 84.3125
218.6875 49.625 84.125
220.25 48.8125 84.25
221.25 48.25 84.625
222.1875 47.6875 85.125
223.8125 46.4375 86.25
225.3125 45.0625 87.3125
138.875 41.9375 88.75
141.6875 39.5625 89.6875
144.4375 37.25 91
148.75 33.5 93.5625
152.0625 30.5625 95.1875
157.4375 25.8125 96.875
161.25 22.375 97.375
165.3125 18.9375 97.1875
170.125 15.0625 96.8125
172.5 13.25 96.8125
174.625 11.6875 97
177.3125 9.625 97.4375
178.75 8.4375 97.8125
180.875 6.75 98.0625
182.0625 5.8125 98
183.125 5 97.9375
184.6875 3.875 98.0625
185.625 3.4375 98.375
186.0625 3.4375 98.375
186.0625 3.5 98.125
186.125 3.625 98
186 4.0625 97.6875
185.625 4.5625 97.4375
184.9375 5.375 97.5
184.25 6.0625 97.375
183.375 6.9375 97.125
181.6875 8.5 96.25
180.3125 9.75 95.625
178.75 11.1875 94.6875
176.4375 13.5625 92.8125
174.625 15.4375 91.5
171.4375 18.75 89.75
168.9375 21.25 88.9375
166.4375 23.875 87.5625
162.75 28.0625 84.875
160.1875 30.9375 83.125
157.375 34.5625 81.75
156.1875 36.25 81.8125
155.6875 37.375 81.8125
155.125 39.125 81.625
154.375 40.5 81.8125
153.5 41.875 81.75
152.8125 43 81.125
152.3125 44.0625 79.875
241.8125 45.125 78.4375
241.5625 45.6875 77.8125
240.875 46.9375 77.0625
240.1875 48.1875 76.5
239.8125 48.8125 76.3125
239.125 50 75.6875
238.6875 50.9375 74.5
238.5 51.8125 73
238.3125 52.3125 72.4375
237.75 53.375 71.5
237.1875 54.3125 70.75
237 54.6875 70.5
236.9375 55.125 70.1875
237.0625 55.375 69.9375
237.125 55.5 69.8125
237.25 55.625 69.5625
237.5 55.6875 69.5
237.625 55.75 69.5
237.8125 55.6875 69.5
238.3125 55.5 69.3125
239 55.1875 69.125
239.3125 55 69.25
239.875 54.6875 69.9375
240.6875 54.1875 70.875
241.8125 53.4375 72
242.4375 52.9375 72.5625
243.9375 51.75 73.8125
245.5 50.5 75.125
246.375 49.8125 75.6875
248.125 48.4375 77
250.0625 46.875 78.375
251.125 46 79
163.4375 44.125 80.25
165.9375 42 81.75
168.5625 39.75 83.75
170 38.5 84.75
173.1875 35.75 86.3125
176.375 33.1875 87.8125
178 31.9375 88.5625
181.25 29.5625 89.8125
184.375 27.4375 91.25
185.875 26.4375 91.9375
188.6875 24.5625 93.25
191.25 22.875 94.375
193.5625 21.3125 95.25
194.5625 20.6875 95.375
196.1875 19.625 95.625
197.625 18.875 96
198.1875 18.5625 96.3125
199.3125 18 96.875
200.125 17.5 97.0625
200.4375 17.3125 96.9375
201 17.0625 96.8125
201.4375 16.9375 96.9375
201.625 17.0625 96.9375
201.6875 17.0625 96.8125
201.875 17.0625 96.4375
202.25 16.9375 96.375
202.4375 16.8125 96.375
202.6875 16.6875 96.1875
202.75 16.625 95.75
202.6875 16.625 95.5625
202.5 16.8125 95.4375
202.3125 16.9375 95.375
202.3125 16.9375 95.3125
202.25 16.9375 95.0625
202.0625 17 94.75
201.9375 17.0625 94.625
201.6875 17.125 94.4375
201.5 17.125 94.3125
201.4375 17.125 94.25
201.1875 17.1875 94.0625
200.9375 17.3125 93.875
200.8125 17.375 93.8125
200.625 17.5 93.8125
200.375 17.625 93.8125
200.25 17.6875 93.75
199.875 17.9375 93.4375
199.4375 18.125 93.0625
199.25 18.25 93.0625
199.125 18.375 93.1875
199.1875 18.375 93.4375
199.25 18.375 93.4375
199.25 18.375 93.5
199.375 18.375 93.5
199.4375 18.3125 93.5
199.6875 18.1875 93.5
199.875 18.1875 93.5625
199.9375 18.125 93.5625
200.1875 18 93.5625
200.5625 17.8125 93.625
200.75 17.6875 93.625
201.125 17.4375 93.625
201.375 17.25 93.5625
201.4375 17.1875 93.5625
201.625 17.125 93.5
201.75 17.0625 93.5625
201.8125 17 93.5625
202 16.875 93.5625
202.1875 16.75 93.4375
202.25 16.6875 93.375
202.375 16.5625 93.0625
202.5 16.4375 93
202.5625 16.4375 93
202.6875 16.375 93.0625
202.75 16.25 93
202.8125 16.1875 92.9375
202.875 16.125 92.75
202.9375 16 92.5625
203 16 92.4375
203.0625 15.875 92.3125
203.1875 15.8125 92.1875
203.1875 15.75 92.125
203.25 15.6875 91.9375
203.25 15.625 91.6875
203.25 15.625 91.5625
203.3125 15.5625 91.4375
203.3125 15.5625 91.25
203.3125 15.5625 91.1875
203.3125 15.625 91.0625
203.25 15.6875 90.875
203.25 15.6875 90.75
203.3125 15.625 90.6875
203.375 15.5625 90.5
203.4375 15.5625 90.375
203.4375 15.5 90.1875
203.4375 15.5625 90.125
203.4375 15.625 90.0625
203.375 15.6875 89.9375
203.3125 15.8125 89.8125
203.25 15.8125 89.75
203.1875 15.875 89.5625
203.1875 15.875 89.4375
203.1875 15.875 89.4375
