-8.1875 0 0
-8.125 -0.125 -0.0625
-8 -0.0625 -0.0625
-8.0625 0.125 -0.25
-8.125 0 -0.1875
-8.1875 0.1875 -0.0625
-8.0625 -0.1875 -0.1875
-8 -0.125 -0.1875
-8.125 -0.0625 -0.3125
-8.125 0.0625 -0.125
-8.125 -0.25 -0.0625
-8.125 0 -0.125
-8.1875 -0.1875 -0.1875
-8.0625 0.1875 -0.125
-8.1875 -0.125 -0.25
-8.25 0 -0.0625
-8.1875 0.0625 -0.125
-8.125 0 -0.125
-8 -0.125 -0.1875
-8.25 -0.125 -0.1875
-8.125 0 -0.0625
-8.0625 0 -0.1875
-8 0.0625 -0.0625
-8.125 -0.0625 -0.0625
-8.0625 0.0625 -0.25
-8.3125 0.0625 -0.0625
-8.1875 -0.125 -0.25
-8.0625 0.0625 -0.125
-8.1875 -0.0625 -0.0625
-8.125 -0.0625 -0.25
-8.1875 0.0625 -0.3125
-8.1875 -0.125 -0.1875
-8.25 -0.0625 0
-8.0625 -0.0625 -0.1875
-8.1875 -0.0625 -0.1875
-8.0625 0.0625 -0.1875
-8 -0.3125 -0.0625
-8.1875 -0.0625 -0.125
-8.125 -0.1875 -0.0625
-7.875 0.0625 0
-7.875 0.1875 0
-7.75 0.1875 0
-7.875 0.1875 -0.125
-7.875 -0.0625 0.0625
-7.875 0.1875 -0.0625
-7.8125 0.0625 -0.0625
-7.875 0.125 -0.125
-7.875 0.125 0
-8 -0.0625 0
-7.875 0.125 -0.0625
-7.9375 0.1875 0.0625
-7.9375 0 0.0625
-7.9375 0.0625 0.0625
-7.25 1.9375 -1.5
-8.8125 3.125 5.0625
-7.8125 -1.1875 -0.4375
-6.5 -3.25 -4.1875
-8.4375 1.3125 -3.5
-7.125 4.375 8.1875
-7.9375 -3.5 1.8125
-9.25 -5.875 -11.25
-8.9375 -3.5625 -8.4375
-7.125 4.75 9.125
-7.25 0.0625 0.5
-8.8125 -3.25 -5.3125
-7.6875 0.625 1.5
-7.6875 2.125 3.5625
-7.4375 0.5 0.8125
-8.5 -1.625 -2.8125
-7.625 -0.0625 0.875
-8 1.0625 1.1875
-7.6875 0.375 0.25
-8.0625 -0.5 -1.25
-34.75 9.8125 -8.625
-20 -0.6875 23.9375
-2.9375 -2.3125 30
1.0625 -4.8125 41.4375
-4.9375 18.5 40.0625
-19.6875 -0.875 13.5625
-2.375 -14 55.125
7.3125 22.1875 45.6875
-26.875 44.75 -5.8125
-22.3125 5.0625 -35.4375
-2.9375 -40 -9.1875
-7.5625 -6.6875 12.625
-10.875 28.625 12.3125
-9.0625 27 8.25
25.125 -15.3125 -31.625
41.375 -16.3125 25.25
18 -3.5 15.6875
5.3125 -22.4375 -71.9375
6.8125 1.5 -14.8125
1.1875 -1.8125 20.8125
10.625 -21.3125 52.0625
30.75 -48.3125 20.875
-64.5625 -58.625 33
-107.625 -42.375 -35.875
-25.125 4.4375 -116.0625
50 -14.6875 79.75
35.4375 -12.3125 46.9375
-5.875 -8.6875 -29.6875
-12.5625 -12.5625 -20.875
-2.0625 -30.0625 52.0625
-0.6875 -54.8125 77.875
52.4375 -35.25 -17
55.4375 -25.5 -0.375
18.4375 -11.875 48.75
21.5 -9.625 65.75
92 -13.75 63.5625
52.8125 -15.875 160.3125
0 23.375 98.375
-10.25 26.5625 66.3125
20.5 7.375 48.125
84.375 9.375 105.1875
87.1875 38.5 88
38 49.4375 33.875
31.3125 37.75 25.0625
68.875 -1 36.8125
58.5625 -9.8125 25
45.8125 3.5 37.25
78.25 25.4375 52.9375
88.625 43.1875 48.8125
95.75 72.375 37.8125
81.25 60.0625 10.8125
50.25 63.8125 1.5625
61.8125 77 -33.6875
167.25 96.8125 48.375
209.0625 103.875 70.75
141.1875 111.5625 25.125
49.1875 115.1875 21.875
76.625 119.6875 30.5
127.9375 117.3125 54.4375
151.8125 116.6875 50.0625
91.5 130.625 56.375
26.4375 167.125 44.375
59 136.125 64.125
76.125 119.0625 71.125
70.6875 123.25 39.4375
36.3125 135.75 19.0625
-13.125 160.5 -8.4375
-12.1875 124 10
25.625 89.0625 31.3125
25.25 79.625 42.1875
12 76.5625 38
-13.3125 74.3125 25.5625
-18.5 80.1875 -4
-12.0625 76.625 -7.8125
2.375 62.4375 9.8125
18.3125 61.8125 25.75
11.125 43.25 52.9375
-1.1875 36.375 71.125
49.5625 34.6875 74.375
50.6875 34.375 65
6.25 35.625 42.9375
-10 27.8125 44.75
-2.875 20.875 52.8125
1.9375 29.625 57.125
18.8125 33.625 58.5
4.625 31.125 54.9375
-18.25 25.625 64
0.8125 28 81.125
0.3125 40 71.0625
-7.75 41.25 59.0625
-22.4375 31.0625 64.5
-52.6875 28.3125 55.1875
3.5 25.375 67.5
-15.6875 32 51.375
-20.5 37 40.125
-34.0625 40.3125 29.125
-30.5 34.375 25.875
14 17.25 34.8125
5.4375 11.875 28.625
1.1875 12.1875 22.375
-0.875 17.625 15.875
37.6875 26.0625 2.5625
17.625 23.0625 0.6875
20.25 8.75 1.0625
-3.125 8.375 5.4375
13.0625 5.25 -3.25
10.0625 -1.3125 11.25
4.4375 -1.4375 7.8125
-8.0625 2.125 -3.3125
-6.25 3 -10.8125
-12.9375 2.6875 2040.5625
-10.1875 -0.6875 -3
-23.6875 7.75 -18.5625
-17.75 0.3125 -7.4375
-15.1875 -3.875 2.5625
-7.75 -8.3125 12.25
-10.6875 -6.5 14.5625
-32.9375 1 2.375
-3.875 2.3125 -4.4375
-24.875 5.25 -6.75
-11.625 3.1875 -7.125
-9.125 -7.125 6.3125
-15 -3.5 -2.375
8.5 -7.0625 10.375
-13.875 -0.375 -2.6875
-6.75 -1.1875 2.0625
-6.5625 -0.625 0.5
-18.125 -1.125 5.125
2.125 -6.5625 10.5625
-9 -3.5625 0.9375
-9.8125 -0.6875 -0.0625
-9.9375 -3.125 -0.8125
-32.9375 -1.625 -6.25
-13.3125 -9.125 3.6875
-19.0625 -6.5625 -4
-10.9375 -7.375 -0.0625
-12.625 -5.875 4.625
-12.875 -0.75 4.1875
-25 -5.3125 10.875
-29.875 -4.3125 0.625
-31.5 -5 1.4375
-18.625 -4.0625 1.3125
5 -7.875 8.375
2.875 -1.0625 -0.4375
-11.875 -0.125 0.875
-9.3125 -0.5 2.5
-8.3125 -2.375 0.375
-7.9375 -2.5 -5
-7 1.625 -16.25
-13.6875 0.5 -11.875
-9.25 -2.9375 -10.3125
-6.1875 -7.1875 1.5
-8.75 -4.75 -3
-6.3125 -4.3125 0.375
-9.8125 -2 -3.75
-3.3125 1.25 -2.5625
-7.125 2.8125 -9.4375
-11.75 -4.6875 0.375
-6 -4.875 0.0625
-3.875 -5.1875 0.1875
-4.875 -4.5 -0.4375
-20.875 0.6875 -7.25
-18.375 -2.1875 -1.125
-29.375 0.75 -6.375
-21.0625 -1.5625 1.0625
-2.8125 -4.5 5.1875
-25.5625 5.0625 -9.875
-31.5625 1.3125 -8.9375
-34.5 1.25 -20.3125
-45.0625 -2.25 -14.875
-27.875 -12.0625 -5.625
-46.5 -9.0625 -14.5625
-58.1875 -8.5625 -17.25
-60.3125 -12.125 -5.5
-30.1875 -12.9375 -1.75
-29.625 -7.125 -2.875
-30.25 -4.625 -1.8125
-51.5625 -3.875 -16.875
-61.0625 -12.75 -17.0625
-67.375 -16.625 -22.8125
-43.1875 -14.625 -9.625
-50 -9.5 -19.625
-43.0625 -12.5625 -22.875
-33.875 -15.5625 -5.5625
-45.75 -12.625 -16.25
-41.25 -17.1875 -10.9375
-42.625 -14 -23.875
-33.5625 -12.0625 -13.75
-19.1875 -13.8125 -15.1875
-33.1875 -7.5625 -25.6875
-34 -15.4375 -12.5
-21.8125 -18.4375 -16.4375
-10.0625 -9.875 -19.125
-31.5 -5.8125 -17.375
-30.375 -9.125 -9.75
-8.1875 -13.1875 -12.125
-33.3125 -1.4375 -21.75
-9.875 -11.875 8.5625
-9.875 -2.9375 2.5
-9.875 -2.9375 2.5
-6.0625 -1.5 5.75
-20.75 -0.3125 4.625
-10.5 -1.25 -1.5
-12.125 0.6875 -12.8125
-16.5 -3.375 -1.0625
-12.375 -4.375 1.875
6.5 -5.0625 2.25
1.375 -3.875 10.0625
0.3125 0.875 8.0625
-2.25 0.6875 2.375
-6.375 1.125 0.375
-6.625 -1.1875 2.0625
-7.5625 -1.125 0.8125
-14.4375 -0.75 2
-7.6875 -0.1875 2.125
-8.625 0.5 4.375
-0.5625 0 1.625
-8.375 -1.25 3
-15 0.4375 -0.9375
0.25 -6.375 14.5
-6.25 -3.625 11.6875
-4.5625 -0.9375 1.875
-4.1875 -0.625 0.4375
-13.0625 -0.5 1.8125
-7.25 -2.3125 1.625
-1.25 -3.0625 5.125
-2.8125 -0.0625 4.3125
-6.25 0.25 -1.375
-7.4375 -1.75 -3
-7.25 -3.5 -0.9375
-10.0625 -2.4375 -3.5
0.75 -5.0625 6.625
-6.75 -1.8125 2.625
-8.3125 -1.0625 -2.0625
-6.9375 -1.875 -1.9375
-11.375 -0.5625 -5.25
-9.125 -2.75 -0.625
-4.8125 -3.375 3.1875
-1.8125 -2.6875 3.25
-9.25 1.4375 0.3125
-12.125 0.3125 -2.125
-5.875 -2.25 0.8125
-10.125 -3.75 4.5625
-6.75 -0.5625 -4.125
-7.125 -1.125 3.6875
-6.3125 -1.25 0.5
-4.9375 -2.1875 2.125
-5.4375 -1.5625 -1.9375
-11.6875 0.875 -4.125
-7.375 -1.3125 3.875
-6.1875 -1 -1.5625
-5.4375 -2 2.25
-8.4375 2 -5.125
-7.6875 -0.8125 -0.1875
-6 -2.125 2.25
-10 0.3125 -2.5
-11.375 1.1875 -2.375
-10.125 1 -1.8125
-9.0625 0 0.6875
-6.0625 0.375 -2.25
-12.625 2.1875 -4.3125
-10.5 0.8125 -0.875
-7.0625 -2.6875 5.4375
-7.0625 -0.5625 -3.375
-7.8125 -2.0625 -0.25
-11.875 -0.375 -2.3125
-8.0625 0.25 1.3125
-5.5 -1.6875 5
-10.1875 1.75 -3
-6.125 0.375 0.875
-7.4375 0.375 -0.375
-11.5 -1.5625 0.8125
-14.6875 -0.625 -2.875
-4.6875 -2.375 2.125
-10.0625 1 -1.375
-8.5625 1.25 -3.75
-10.375 0.625 0.75
5.5625 0.1875 2.5625
18.8125 1.1875 5.875
6.75 5.375 -1
10.25 6 -3.4375
15.4375 6.3125 -3.125
32.25 4.375 4.0625
33.375 7.6875 1.25
45.875 7.3125 0.4375
49.0625 3.75 6
52.1875 2.9375 9.125
42.0625 8.9375 0.5
56.8125 -1 12.0625
52.75 -3.4375 4.375
85.5625 -18.5625 17.375
72 -17.625 11.4375
60 -7.1875 -3.9375
76.625 -22.8125 -11.1875
97.5 -35.3125 7
126 -41.5 4
100.75 -18.375 18.625
11.25 6.3125 -2.875
77.6875 -16.125 17.1875
62.1875 -28.25 20.5625
118.875 -28 12.5625
157.625 -34.3125 18.375
100.125 10.75 -12.4375
29.6875 12.375 -18.0625
78.875 -23.1875 49.9375
64.0625 -0.125 -4.5625
61.0625 -5.5625 0.4375
83.5625 -24.125 15.8125
41.375 5.9375 -14.1875
10.625 8.9375 -2.4375
20.875 -9.5625 20.3125
24.875 -12 31.1875
41.125 -4.5 9.375
-22.125 3.6875 3.1875
-10.3125 -0.5625 4.4375
-26.375 -8.875 14.6875
-40.3125 -9.625 16
-35.25 -4.875 3.5625
-26.125 -6.4375 -3.6875
-28.8125 -5.6875 -5.6875
-38.25 -7.25 -8
-45.5625 -12.6875 -4.1875
-50.125 -22.375 8.5
-17.9375 -11.5625 -4.0625
-54.9375 -11.3125 -23.9375
-51.25 -30.5 -12.1875
-54.6875 -30.375 -18.3125
-98.9375 -21.75 -33.5625
-83.1875 -39.375 -30.0625
-81.9375 -29.875 -58.9375
-100.25 -37.75 -56.9375
-96.875 -43.4375 -58.875
-96.1875 -24.0625 -70.8125
-100.5625 -27.25 -76.125
-101.6875 -48 -93.6875
-120.625 -71.625 -83.375
-130.4375 -81.9375 -69.8125
-107.25 -71.5 -74
-87.0625 -60.625 -79.4375
-95.75 -55.4375 -62.6875
-126.875 -54 -74.25
-157.375 -67.5 -62.375
-120.9375 -69.25 -55.75
-99.0625 -52 -58.9375
-121.75 -44.75 -51.6875
-126.3125 -45.0625 -51.625
-129.5625 -43.25 -49.4375
-106.375 -25.25 -47.1875
-55.3125 -23.125 -16.375
-99.9375 -10.125 -38.8125
-62.125 -13.5 -32.875
-40.6875 -16.0625 -13.6875
-34.125 -12.625 -11.875
-27.9375 -12.625 0.5625
-7.9375 -3.375 -6.25
-16.5 0.125 -1.25
-9.6875 1 0.1875
4.375 2.3125 1.9375
2.25 0.8125 -2.8125
26.4375 -8.875 -0.5625
24.875 -10.0625 3.375
33.125 -12.375 13.0625
29 -9.1875 11.5
38.6875 -6.4375 13.0625
50.625 -9.125 9.75
36.5 0.875 9.6875
27.8125 -0.625 15.0625
45.6875 -3.875 21.5
65.8125 -10.875 19.125
119.1875 -39.5 27.875
96.4375 2.9375 27.1875
8.375 30.625 -3.5625
28.875 17.5625 34.3125
72.9375 18.9375 30.4375
92 22.25 33.5
201.5 10.4375 51.75
157.5 16.625 49.375
76.0625 25.375 34.0625
137.875 -3.5 59.0625
165.625 -25.375 62.8125
240.0625 -54.5 68.875
271.25 -48 64.9375
92 28.9375 56.0625
-54.625 73.3125 18.5625
144.5625 15.6875 42.6875
127.5 -11.8125 45.3125
104.3125 -5.3125 51.375
15.4375 0.125 43.25
-7 -2.3125 34.5625
29 -11.4375 22.0625
42.125 -21.375 47.5
67.4375 -15.625 54.9375
-55.625 4 29.5625
-62.875 -22.375 17.375
-27.4375 -33.125 42.75
-2.875 -10.4375 16.9375
43.5 -6.125 -0.5625
-7.625 5.75 -12.125
-49.875 12.875 -35.8125
-20.875 -10.6875 -0.0625
14.3125 -3.8125 -22.25
2.1875 -9.75 -4.875
-17.625 -8.5625 -10.1875
-35.125 -15.125 -2.5
-54 -23.125 1.1875
-18 -18.0625 -13.6875
-24.5625 -16.0625 -12.9375
-46.0625 -11.625 -24.5625
-62.3125 -20.4375 -19.625
-42.6875 -32.6875 -10.25
-53 -31.75 -1.8125
-37.375 -22.0625 -15.8125
-37.1875 -30.5 -13.5
-61.8125 -33.25 -25.875
-71.5 -39 -31.1875
-85.75 -41.3125 -25.4375
-52.5 -38 -25.25
-33.6875 -44.125 -16.5
-93.375 -29.125 -37.3125
-92.0625 -45.5625 -41.6875
-98.1875 -58.375 -35.75
-106 -52.5625 -53.4375
-86.5625 -48.1875 -50.25
-95.5 -46.4375 -56.4375
-137.4375 -53.6875 -51.3125
-121.375 -56.875 -60.8125
-129.5 -54.5 -48.75
-90 -36.0625 -79.4375
-82.4375 -43.625 -42.1875
-92.125 -27.8125 -55.8125
-79.5 -34.0625 -41.3125
-53.5 -25 -35.9375
-41.8125 -17.25 -40.5
-45.25 -26.75 -20.8125
-56.0625 -19.75 -21.625
-43 -15 -24.4375
-13.4375 -7.375 -19.5625
-19.0625 -5.375 -24.75
-26.5625 -4.375 -18.0625
-27.3125 -5.0625 -9
-10.375 -6.8125 -2.375
12.5 -6.75 4.0625
-11.625 1.5625 -4.9375
-21.875 1.8125 -4.9375
-23.375 -3.5625 -2.25
-21.8125 -3.9375 2.4375
7.9375 3.875 -8.625
-19.9375 2.8125 4.125
-19.375 2.5625 2.125
-14.9375 0.6875 6.25
-9.5625 4.5625 0.625
-1.5625 5.0625 0.625
-9.0625 3.25 -2.0625
-8.3125 1.9375 -2.3125
-15 -0.1875 -0.25
-13.6875 1 -3.1875
-3.3125 -1.0625 1.3125
-1.75 -0.6875 -1.375
-6.5 -1.0625 -1.5625
-16.8125 -1.8125 2.6875
-13.25 -0.25 -0.625
-2.0625 0.5625 -3.5
-2.625 -1.25 1.875
-12.375 -1.5625 4.8125
-3.625 0.9375 0.75
-10.9375 1.75 2.875
-5.875 5.3125 1.6875
0.125 4.3125 7.75
0.3125 4.75 10.0625
-3.625 7.0625 3.9375
-4.5 4.125 5.75
-10.625 2.75 2.0625
-13.375 0.875 3.25
-8.5 1.5 -1.375
-9.125 2.5625 -3.75
-7.5625 2.3125 -2.625
-6.6875 2 -4.0625
-10.625 1.0625 0
-1.5 -0.1875 -0.9375
-7.1875 -2.0625 3.0625
-13.8125 0.6875 1.75
-12 1 3.1875
-4.0625 0.3125 0.8125
-8.8125 1.375 -1.0625
-3.4375 1.625 -1.1875
-0.125 1.625 -3.5
-11.5625 -2.1875 4.1875
-4.5 -1.125 -0.1875
-9.625 -3.1875 4
-13.625 -0.0625 -2.75
-10 -1.125 -1.625
-5.5625 -1.5625 1.1875
-6.8125 0.3125 -0.0625
-16.3125 0.875 -0.75
-5.3125 -1.125 -1.4375
-4.3125 -1.25 0.875
-7.8125 2 -2.3125
-7.75 -0.5625 0.9375
-8.4375 -2.5625 0.375
-12.6875 -1.5625 2.3125
-9.5625 0.625 -2.25
-6.125 -1.3125 0.6875
-7.1875 -1.625 4.75
-8.125 1.625 -2.1875
-1.25 0 2.4375
-13.0625 1.625 3.3125
-7.8125 0 1.25
-7.6875 0 -2.875
-6.4375 0.625 -4.75
-14.4375 -0.5 1.5625
-5.5 -1.375 -0.9375
-11.5625 3.1875 -4.4375
