0 0 0
0 0 0
0 0 0
-1.88 -7.49 -15.22
-2.03 -7.55 -15.24
-1.91 -7.39 -15.23
-0.05 0.1 0.06
0 0.12 0.15
-0.04 0.56 0.23
-0.03 0.46 0.32
-0.08 0.39 0.31
0.07 0.37 0.38
0.21 0.53 0.36
0.1 0.4 0.25
-0.01 0.23 0.23
-0.03 0.23 0.24
0.17 0.03 0.27
0.38 -0.11 0.34
0.03 0.13 0.15
0 0.05 0.24
0.05 0.19 0.32
0.22 0 0.4
0.3 0.1 0.42
0.56 -0.04 0.44
0.33 0.31 0.43
0.04 0.18 0.53
0 0 0.47
-0.01 0.24 0.39
0.38 -0.02 0.48
0.43 0.02 0.53
0.47 0 0.47
0.27 0.12 0.53
0.16 -0.04 0.48
-0.01 0 0.54
0.14 -0.06 0.5
0.26 0.07 0.64
0.49 0.13 0.75
0.2 -0.13 0.65
0.05 -0.02 0.71
0.18 0.11 0.69
-0.02 -0.09 0.6
-0.01 -0.03 0.63
-0.12 -0.12 0.54
-0.11 -0.2 0.58
0.04 -0.22 0.67
-0.01 -0.43 0.43
0.09 -0.32 0.41
0.2 -0.09 0.71
0.37 -0.05 0.61
0.33 0.15 0.78
0.36 0.09 0.97
0.23 0.15 0.81
-0.16 -0.09 0.77
-0.08 -0.01 0.76
-0.27 -0.08 0.63
-0.09 -0.46 0.65
0.04 -0.62 0.59
0.21 -0.77 0.59
0.19 -0.61 0.57
0.21 -0.54 0.61
-0.04 -0.46 0.45
0.45 -0.16 0.94
0.07 -0.02 0.67
-0.05 -0.17 0.87
0.29 0.01 0.86
-0.04 -0.12 0.96
0.04 -0.06 0.93
-0.02 -0.01 0.91
0.16 0.07 1
0.47 0.17 1.11
0.28 -0.08 1.08
0.12 -0.18 0.98
-0.35 -0.31 0.81
-0.43 -0.13 1.12
-0.84 0.44 1.19
-1.14 -0.76 0.41
-0.55 -1.23 0.62
-0.44 -0.89 0.69
-0.34 -0.58 0.91
-0.59 -0.71 0.67
-0.84 -0.7 0.9
-0.09 -0.85 1.15
-0.34 -0.42 1.19
0.11 -0.82 1.08
0.17 -0.33 1.32
0.75 0.08 1.13
-0.23 -1.47 1.2
0.51 -1.27 0.79
-0.94 -0.19 1.2
-0.44 0.07 1.13
0.38 -0.01 1.53
-0.27 0.24 1.38
-0.87 -0.04 1.11
-0.9 -0.55 1.19
-0.63 -0.44 1.44
0.43 -0.85 1.65
-0.04 0 1.59
-0.52 -0.55 1.44
0.09 -1.27 1.16
-0.7 -0.34 1.34
-0.82 -0.58 1.11
-0.45 -1.27 1.61
-0.96 -1.13 1.05
-1.11 -1.43 1.67
-1.57 -1.04 0.49
-0.12 0.35 1.95
-0.68 0.55 1.85
0.58 0.06 2.48
-1.6 -0.96 1.42
-0.06 -0.1 1.44
0.27 -0.61 1.9
0.13 1.21 2.65
0.31 0.51 2.4
0.06 -0.39 1.59
0 -0.74 1.28
-0.86 -0.62 1.58
-1.67 -1.37 1.43
0.12 0.17 1.76
0 -0.02 1.61
-0.76 -0.27 2.68
-0.75 0.19 2.2
-0.3 0.23 2.5
0.27 -0.07 3.25
-0.23 -0.26 2.65
-0.05 -1.07 2.15
-0.44 -1.38 1.49
-0.33 -0.89 2.4
-0.17 -0.75 2.82
-0.1 0.51 2.2
0.98 0.36 2.96
0.51 -0.3 2.55
0.35 -1.97 2.4
-0.69 -2.82 1.96
-0.27 -0.35 2.4
0.65 0.29 2.54
1.18 -0.42 2.61
0.86 -0.13 2.69
1.37 -0.34 2.58
2.03 0.55 3.02
1.27 -2.23 2.31
2.45 -1.66 2.73
0.87 1.37 2.74
0.5 2.95 1.79
0 0.73 2.43
-1.36 -1.04 1.9
0.77 0.49 2.4
2.09 -0.8 2.62
1.84 -0.81 2.36
1.21 -0.8 2.71
0.23 0.59 3.01
0.39 -1.12 3.52
0.34 -0.49 2.66
1.3 -0.64 1.94
1.12 -1.54 3.54
1.98 1.72 4.04
1.61 0.18 3.85
1.15 -0.53 2.64
-0.48 -0.88 2.56
0.31 -1.73 1.97
-0.19 -2.08 1.7
1.68 -0.82 1.08
0.88 0.35 3.13
1.65 -0.71 2.7
0.68 -0.09 1.78
0.13 -1.86 2
-0.98 -2.07 2.49
0.47 -2.87 2.51
1.79 -1.54 1.16
2.22 -1.42 1.91
1.41 -0.44 1.32
0.44 -1.76 1.65
0.39 -1.52 2.01
-0.47 -2.17 0.19
0.24 -2.5 0.89
-0.14 -2.84 2.38
0.79 -1.63 1.04
0.26 -1.46 1.6
2.24 -2.51 1.1
0.49 -1.3 1.36
0.43 -2.53 1.69
0.73 -1.78 0.74
0.11 -2.11 1.03
0.34 -2.1 1.59
1.4 -0.98 1.57
0.37 -2.13 1.7
-0.21 -2.03 0.88
0.74 -2.52 1.52
-0.26 -2.75 0.67
-0.04 -3.2 0.55
0.14 -2.59 0.65
1.13 -1.69 1.5
0.53 -1.72 1.36
0.04 -2.7 1.11
-0.65 -3.18 0.74
-0.53 -3.39 0
-0.89 -2.27 0.83
-0.07 -2.54 0.96
-1.01 -1.75 0.87
-1.27 -2.34 1.4
-0.75 -1.22 1.7
0.2 -0.77 1.95
1.83 -2.57 2.37
1.01 -2.97 1.45
0.86 -2.97 1.55
0.01 -2.72 1.16
1.7 -2.08 1.83
1.02 -3.03 2.31
0.84 -2.48 1.88
0.45 -1.24 1.93
0.17 -3.72 1.41
-0.16 -2.49 1.3
-0.41 -2.77 1.4
-0.47 -2.48 -325.6
0.84 -1.2 2.64
0.87 -0.76 3.59
1.35 -1.47 3.27
2.06 -3.86 2.34
0.49 -1.73 2.64
0.25 -1.35 2.91
-0.23 -2.25 3.08
1.59 -2.39 3.3
2.48 -3.41 2.52
1.94 -3.83 2.64
1.39 -3.03 2.43
0.29 -1.93 2.21
-0.14 -1.57 2.31
0.36 -0.87 2.38
-0.3 -2.65 2.17
1.22 -3.08 2.24
0.88 -2.41 3.1
1.3 -1.98 3.21
0.19 -1.63 3.12
-0.75 -2.09 2.56
-0.38 -2.01 2.67
-0.32 -2.62 2.27
0.52 -2.2 2.62
0.37 -1.82 2.67
-0.04 -1.38 2.76
-1.15 -1.32 2.68
-1.42 -1.51 2.45
-0.09 -2.8 2.41
1.4 -2.08 3.25
1.11 -2.65 3.21
0.79 -2.23 3.2
-0.21 -1.79 3.29
0.42 -0.79 3.19
0.64 -2.12 3.23
-0.14 -3.18 2.59
-0.12 -2.89 2.76
0.02 -1.61 3.2
0.4 -1.39 3.24
-0.36 -2.19 2.88
-0.47 -1.96 2.77
-0.55 -2.22 3.02
-0.1 -1.96 3.19
-0.05 -2.46 3.32
0.09 -2.31 3.36
0.04 -2.13 3.49
-0.08 -1.98 3.57
-0.29 -2.1 3.61
-0.33 -2.14 -324.1
-0.33 -2.35 3.57
-0.37 -2.73 3.32
-0.28 -2.79 3.36
0 -2.17 3.54
-0.18 -1.84 3.68
0.22 -2.22 3.62
0.14 -2.08 3.7
0.07 -2.81 3.33
0.21 -2.6 3.22
0.15 -2.42 3.34
0.38 -2.52 3.17
0.17 -2.62 3.08
0.46 -1.83 3.26
0.09 -2 3.09
0.09 -1.94 3.13
0.5 -1.91 3.25
0.48 -2.01 3.29
0.48 -2.25 3.35
0.3 -2.13 3.4
0.08 -1.89 3.42
0.86 -1.74 3.46
0.26 -2.06 3.54
0.19 -2.09 3.44
0.22 -1.99 3.26
-0.14 -1.88 3.26
-0.17 -2.28 2.89
-0.33 -2.07 2.74
-0.37 -2.43 2.85
-0.11 -2.52 3.18
0.11 -2.48 3.39
-0.06 -2.06 3.23
0.28 -1.87 3.47
0.52 -1.77 3.55
-0.05 -1.8 3.47
