0 0 0 0
0 0 0 0
0 0 0 0
0 0 0 0
0 0 0 0
1 -0.0036621094 -0.00091552734 0.00012207031
1 -0.0053710938 -0.00079345703 0.0006713867
1 -0.0064086914 -0.00079345703 0.00079345703
1 -0.007080078 -0.00091552734 0.00079345703
1 -0.0075683594 -0.0010986328 0.00079345703
0.99993896 -0.008117676 -0.0012207031 0.00079345703
0.99993896 -0.008666992 -0.0013427734 0.00079345703
0.99993896 -0.009216309 -0.0014038086 0.0008544922
0.99993896 -0.010314941 -0.0015869141 0.0010986328
0.99993896 -0.011047363 -0.0016479492 0.001159668
0.91851807 0.38006592 -0.109069824 -0.00079345703
0.91882324 0.3793335 -0.10913086 -0.0007324219
0.9190674 0.37872314 -0.10925293 -0.00061035156
0.9192505 0.3781128 -0.10925293 -0.0004272461
0.9194946 0.3776245 -0.10925293 -0.00030517578
0.91973877 0.3770752 -0.109069824 -0.00036621094
0.9199829 0.37646484 -0.108947754 -0.00048828125
0.92022705 0.37591553 -0.10876465 -0.00061035156
0.92059326 0.37512207 -0.10858154 -0.00079345703
0.9210205 0.3741455 -0.10845947 -0.0008544922
0.92144775 0.3731079 -0.10839844 -0.0008544922
0.9217529 0.37231445 -0.10845947 -0.00079345703
0.9220581 0.371521 -0.10852051 -0.0007324219
0.9224243 0.3706665 -0.10864258 -0.0007324219
0.9227295 0.36975098 -0.10882568 -0.0008544922
0.9230957 0.36871338 -0.10925293 -0.00091552734
0.9234009 0.36773682 -0.11004639 -0.00091552734
0.9238281 0.36627197 -0.11114502 -0.00091552734
0.92456055 0.36401367 -0.1126709 -0.00091552734
0.9254761 0.3609619 -0.11468506 -0.0010375977
0.9266968 0.35705566 -0.117126465 -0.0010986328
0.9277344 0.3534546 -0.11999512 -0.00079345703
0.9286499 0.34991455 -0.122924805 -0.0004272461
0.92974854 0.34606934 -0.12585449 -0.00030517578
0.9304199 0.34320068 -0.12878418 -0.000061035156
0.93078613 0.34106445 -0.13171387 -0.00012207031
0.9307251 0.34002686 -0.13452148 -0.0007324219
0.930603 0.33929443 -0.13726807 -0.0020751953
0.930603 0.33831787 -0.13983154 -0.004333496
0.92993164 0.3375244 -0.14538574 -0.010253906
0.92926025 0.33807373 -0.14849854 -0.013427734
0.92840576 0.33862305 -0.15185547 -0.016662598
0.9276123 0.33911133 -0.1552124 -0.020080566
0.9268799 0.33929443 -0.15856934 -0.023864746
0.92614746 0.33947754 -0.1619873 -0.028015137
0.9251709 0.3400879 -0.16540527 -0.032104492
0.9243164 0.34051514 -0.1685791 -0.036071777
0.9237671 0.3400879 -0.17126465 -0.040161133
0.9234619 0.33935547 -0.17358398 -0.044311523
0.92297363 0.33880615 -0.17584229 -0.04864502
0.9222412 0.3390503 -0.17803955 -0.05340576
0.9203491 0.34020996 -0.18188477 -0.064208984
0.91918945 0.3416748 -0.18304443 -0.06964111
0.9179077 0.34375 -0.18334961 -0.07501221
0.91656494 0.34655762 -0.18261719 -0.0803833
0.9154053 0.34918213 -0.18066406 -0.08618164
0.9146118 0.35125732 -0.17755127 -0.09240723
0.91381836 0.35357666 -0.17376709 -0.09869385
0.91308594 0.35583496 -0.16937256 -0.10491943
0.91259766 0.35784912 -0.16412354 -0.1105957
0.9121704 0.35980225 -0.15814209 -0.11584473
0.9118042 0.36187744 -0.15179443 -0.120910645
0.91156006 0.36358643 -0.14508057 -0.12591553
0.91174316 0.36395264 -0.13806152 -0.13104248
0.9121704 0.3637085 -0.13098145 -0.13604736
0.9122925 0.3640747 -0.12432861 -0.1404419
0.9121094 0.36517334 -0.11779785 -0.14428711
0.91174316 0.36669922 -0.111206055 -0.14794922
0.91156006 0.3678589 -0.10394287 -0.15161133
0.911438 0.36883545 -0.09625244 -0.15496826
0.91119385 0.3703003 -0.088134766 -0.15759277
0.9111328 0.37164307 -0.07940674 -0.15942383
0.9113159 0.3725586 -0.07019043 -0.1605835
0.91156006 0.37329102 -0.06085205 -0.16119385
0.91156006 0.37451172 -0.052001953 -0.16143799
0.91119385 0.37646484 -0.043823242 -0.16143799
0.91064453 0.3788452 -0.036315918 -0.16101074
0.90979004 0.38165283 -0.02923584 -0.16033936
0.9093628 0.383667 -0.022094727 -0.15942383
0.9092407 0.38476562 -0.0146484375 -0.15814209
0.9090576 0.38616943 -0.007080078 -0.15625
0.90893555 0.3875122 0.0006713867 -0.15386963
0.9088745 0.3887329 0.008605957 -0.15075684
0.9088135 0.39007568 0.016479492 -0.14691162
0.90856934 0.39190674 0.023925781 -0.14282227
0.90826416 0.3935547 0.03100586 -0.13879395
0.9078369 0.39520264 0.037597656 -0.13494873
0.9072876 0.3972168 0.044006348 -0.13092041
0.9067993 0.39898682 0.050354004 -0.12646484
0.90631104 0.40075684 0.05633545 -0.12158203
0.9063721 0.40167236 0.062438965 -0.115234375
0.9063721 0.40289307 0.06817627 -0.107543945
0.9060669 0.40478516 0.07348633 -0.09887695
0.9053345 0.4076538 0.07836914 -0.08996582
0.9043579 0.41064453 0.08319092 -0.08111572
0.90441895 0.4109497 0.08874512 -0.072509766
0.9052124 0.40942383 0.09448242 -0.06378174
0.9059448 0.4078369 0.099609375 -0.05480957
0.9063721 0.40704346 0.103759766 -0.04547119
0.90649414 0.40686035 0.10723877 -0.035583496
0.9063721 0.40704346 0.11035156 -0.025390625
0.9059448 0.4076538 0.113464355 -0.015319824
0.9055176 0.4078369 0.117004395 -0.005493164
0.9048462 0.40808105 0.121032715 0.0041503906
0.90423584 0.40795898 0.12561035 0.013916016
0.9033203 0.40795898 0.13049316 0.023498535
0.90252686 0.4074707 0.13549805 0.03277588
0.9020996 0.4058838 0.14019775 0.042053223
0.9019165 0.4038086 0.14447021 0.05126953
0.9017334 0.4017334 0.14788818 0.0602417
0.90130615 0.40026855 0.15032959 0.06921387
0.9006958 0.39941406 0.1519165 0.078186035
0.9000244 0.39868164 0.15307617 0.08721924
0.8996582 0.39715576 0.15386963 0.096069336
0.8994751 0.39520264 0.15411377 0.10479736
0.89941406 0.39312744 0.1538086 0.113220215
0.8994751 0.3909912 0.15283203 0.121398926
0.89941406 0.38928223 0.15118408 0.1293335
0.89941406 0.38739014 0.14892578 0.13702393
0.89953613 0.38549805 0.1459961 0.14465332
0.89953613 0.3838501 0.14245605 0.15222168
0.8991699 0.3831787 0.13848877 0.15960693
0.8984375 0.38342285 0.13427734 0.16662598
0.89782715 0.38323975 0.13018799 0.17346191
0.8973999 0.38250732 0.12628174 0.18011475
0.89697266 0.38165283 0.12219238 0.18664551
0.8963623 0.3812256 0.11791992 0.19299316
0.8956299 0.3812256 0.11315918 0.19940186
0.8947754 0.38134766 0.10797119 0.20568848
0.89404297 0.38116455 0.10241699 0.2119751
0.8933716 0.38079834 0.09661865 0.21801758
0.8930054 0.380188 0.09051514 0.2232666
0.89263916 0.37976074 0.084350586 0.2277832
0.8919678 0.38024902 0.078308105 0.23168945
0.8911743 0.3809204 0.072509766 0.23547363
0.89056396 0.38110352 0.066833496 0.23913574
0.8902588 0.3803711 0.061279297 0.24279785
0.8903198 0.37872314 0.056030273 0.246521
0.89068604 0.37628174 0.05090332 0.25012207
0.8911743 0.3734131 0.045898438 0.25360107
0.8918457 0.3701172 0.040649414 0.2567749
0.89263916 0.36676025 0.03503418 0.2597046
0.8933716 0.36376953 0.029052734 0.26220703
0.8937378 0.36151123 0.022949219 0.26452637
0.89398193 0.35980225 0.017028809 0.26660156
0.8942871 0.3579712 0.011230469 0.26837158
0.8946533 0.35601807 0.005554199 0.2697754
0.89520264 0.35406494 -0.00030517578 0.27075195
0.89556885 0.35247803 -0.006225586 0.27142334
0.89593506 0.35107422 -0.012268066 0.27191162
0.89624023 0.3496704 -0.018310547 0.27227783
0.8965454 0.3484497 -0.024230957 0.2723999
0.89697266 0.34698486 -0.030151367 0.27233887
0.897583 0.34527588 -0.036010742 0.27172852
0.89837646 0.3435669 -0.041931152 0.2705078
0.89904785 0.34210205 -0.048095703 0.2689209
0.89959717 0.34100342 -0.054504395 0.26727295
0.90008545 0.33996582 -0.06121826 0.26550293
0.9006958 0.338562 -0.068115234 0.26367188
0.9014282 0.33666992 -0.07519531 0.2616577
0.9022827 0.33441162 -0.082458496 0.25933838
0.9029541 0.3326416 -0.08972168 0.256958
0.90319824 0.33190918 -0.09680176 0.25439453
0.9032593 0.33190918 -0.103637695 0.25146484
0.90319824 0.33288574 -0.11694336 0.24432373
0.90319824 0.33288574 -0.11694336 0.24432373
0.90393066 0.33221436 -0.12963867 0.23614502
0.90423584 0.33184814 -0.1359253 0.23199463
0.90460205 0.3310547 -0.14221191 0.2277832
0.9052124 0.32958984 -0.14849854 0.2234497
0.90625 0.3269043 -0.15496826 0.21868896
0.9069214 0.32489014 -0.16137695 0.21417236
0.90649414 0.32531738 -0.17285156 0.20617676
0.9065552 0.32531738 -0.17797852 0.20172119
0.90686035 0.32489014 -0.18267822 0.19659424
0.9071045 0.32495117 -0.18719482 0.19116211
0.9067993 0.3267212 -0.19610596 0.18041992
0.9065552 0.3277588 -0.20031738 0.1749878
0.9064331 0.32873535 -0.2041626 0.16937256
0.9066162 0.32928467 -0.20739746 0.16326904
0.9071045 0.32940674 -0.21008301 0.15673828
0.90740967 0.33007812 -0.2121582 0.15039062
0.90789795 0.33050537 -0.21380615 0.14416504
0.9085083 0.33062744 -0.21508789 0.13793945
0.9090576 0.33099365 -0.21594238 0.13208008
0.909729 0.33111572 -0.2163086 0.12640381
0.9107666 0.33044434 -0.21600342 0.120788574
0.91241455 0.32861328 -0.21520996 0.115112305
0.91400146 0.3267212 -0.21398926 0.109558105
0.91625977 0.3258667 -0.21087646 0.09918213
0.9168701 0.32666016 -0.20904541 0.09460449
0.91748047 0.32733154 -0.20697021 0.0904541
0.9185791 0.32678223 -0.20483398 0.08654785
0.9197998 0.32543945 -0.20288086 0.08276367
0.92108154 0.32373047 -0.20129395 0.07922363
0.9219971 0.32269287 -0.2000122 0.07623291
0.9225464 0.32232666 -0.19897461 0.074035645
0.92315674 0.3215332 -0.19799805 0.071899414
0.9239502 0.32025146 -0.19702148 0.06994629
0.9246216 0.31933594 -0.19622803 0.068115234
0.9248657 0.31933594 -0.19555664 0.06640625
0.92492676 0.31982422 -0.19506836 0.064575195
0.92474365 0.3209839 -0.19451904 0.062683105
0.9244995 0.32250977 -0.19403076 0.060424805
0.9230957 0.32763672 -0.19342041 0.055603027
0.9223633 0.33026123 -0.19317627 0.053466797
0.92181396 0.3322754 -0.19281006 0.051879883
0.9215698 0.33343506 -0.19213867 0.051086426
0.9216919 0.33361816 -0.19134521 0.050964355
0.921875 0.33355713 -0.19049072 0.051330566
0.9221802 0.33306885 -0.18963623 0.051635742
0.9223633 0.33294678 -0.18902588 0.051635742
0.9220581 0.33416748 -0.18865967 0.050048828
0.9215698 0.3355713 -0.18890381 0.0491333
0.9210205 0.3369751 -0.18927002 0.04840088
0.9208374 0.33740234 -0.18945312 0.047729492
0.92108154 0.33691406 -0.18933105 0.047180176
0.9215088 0.33599854 -0.18884277 0.046875
0.9222412 0.33447266 -0.18811035 0.046447754
0.92297363 0.33312988 -0.18719482 0.045959473
0.92352295 0.3320923 -0.18640137 0.045166016
0.92370605 0.33203125 -0.18585205 0.044311523
0.923584 0.3326416 -0.18554688 0.043273926
0.92333984 0.33355713 -0.1854248 0.042175293
0.92285156 0.335083 -0.1854248 0.04119873
0.9223633 0.3366089 -0.18530273 0.04034424
0.9221802 0.33746338 -0.18469238 0.03942871
0.9221802 0.33813477 -0.18365479 0.03869629
0.9224243 0.3383789 -0.18206787 0.038085938
0.92285156 0.3383789 -0.18005371 0.03741455
0.9232178 0.33868408 -0.17773438 0.03656006
0.923645 0.33898926 -0.17523193 0.03515625
0.92401123 0.33947754 -0.17285156 0.033447266
0.92419434 0.34014893 -0.1706543 0.03161621
0.9244385 0.34069824 -0.16870117 0.029907227
0.9244995 0.3413086 -0.16711426 0.028442383
0.92456055 0.34204102 -0.16577148 0.027282715
0.9246216 0.3425293 -0.16442871 0.026306152
0.92474365 0.34283447 -0.16320801 0.025512695
0.92474365 0.3433838 -0.16229248 0.024902344
0.9246826 0.3439331 -0.16149902 0.024475098
0.9248657 0.34375 -0.16088867 0.024047852
0.9250488 0.34344482 -0.16040039 0.023620605
0.92529297 0.34313965 -0.15979004 0.023254395
0.9257202 0.34240723 -0.15899658 0.023132324
0.92645264 0.34100342 -0.15789795 0.02331543
0.92736816 0.33892822 -0.15661621 0.023742676
0.928833 0.3357544 -0.15478516 0.02532959
0.92926025 0.33465576 -0.15429688 0.026306152
0.9295044 0.3340454 -0.1539917 0.02734375
0.92962646 0.33361816 -0.1538086 0.028381348
0.9298706 0.33306885 -0.15350342 0.029296875
0.93011475 0.3324585 -0.1531372 0.030334473
0.9303589 0.33184814 -0.15264893 0.031433105
0.9312744 0.32989502 -0.15100098 0.0335083
0.93182373 0.32867432 -0.14990234 0.034484863
0.932312 0.32769775 -0.14868164 0.03552246
0.9328613 0.32678223 -0.14727783 0.03643799
0.93341064 0.32562256 -0.14581299 0.03717041
0.93444824 0.32385254 -0.14300537 0.038024902
0.93499756 0.32287598 -0.14160156 0.038391113
0.9355469 0.32183838 -0.14007568 0.03881836
0.9361572 0.32086182 -0.1383667 0.039245605
0.9367676 0.31982422 -0.13659668 0.039794922
0.9375 0.31835938 -0.13458252 0.040283203
0.9383545 0.31671143 -0.13244629 0.04071045
0.93914795 0.3151245 -0.13024902 0.04119873
0.9401245 0.3131714 -0.12805176 0.041625977
0.940979 0.31134033 -0.12609863 0.042053223
0.94158936 0.30999756 -0.124572754 0.042541504
0.94195557 0.3092041 -0.123413086 0.04333496
0.9421997 0.30877686 -0.12249756 0.04425049
0.9423828 0.30828857 -0.12158203 0.045288086
0.942688 0.30767822 -0.12060547 0.046569824
0.9429321 0.30706787 -0.11968994 0.047912598
0.9430542 0.30664062 -0.11883545 0.04937744
0.94317627 0.30639648 -0.11804199 0.050720215
0.94329834 0.30621338 -0.117370605 0.051879883
0.9433594 0.30603027 -0.11682129 0.052856445
0.94329834 0.3060913 -0.11651611 0.053771973
0.9432373 0.30621338 -0.11633301 0.054870605
0.94317627 0.30633545 -0.11608887 0.056030273
0.94317627 0.30615234 -0.115722656 0.05731201
0.94329834 0.3057251 -0.115234375 0.058532715
0.94348145 0.30523682 -0.11462402 0.059692383
0.9437256 0.30456543 -0.11383057 0.06060791
0.94403076 0.3036499 -0.113098145 0.061279297
0.94433594 0.30297852 -0.11248779 0.061950684
