0 0 0
0 0 0
0 0 0
0 0 0
0 0 0
0 0 -0.6875
0 0 -0.875
0 -0.125 -1.1875
0 -0.125 -1.25
0.0625 -0.125 -1.3125
0.0625 -0.125 -1.4375
0.125 -0.25 -1.6875
0.1875 -0.3125 -1.875
0.1875 -0.3125 -2
0.25 -0.3125 -2.0625
0.25 -0.375 -2.3125
0.25 -0.375 -2.375
0.25 -0.4375 -2.5
0.25 -0.5625 -2.8125
0.25 -0.5625 -2.9375
0.25 -0.5625 -3
0.25 -0.5625 -3.0625
0.25 -0.5 -3.1875
0.1875 -0.5 -3.25
0.1875 -0.5625 -3.4375
0.125 -0.625 -3.75
0.125 -0.625 -3.75
0.125 -0.75 -4.125
0.125 -0.75 -4.125
0.0625 -0.8125 -4.5625
0.0625 -0.8125 -4.5625
0.0625 -0.75 -4.6875
0 -0.6875 -4.8125
359.875 -0.625 -4.875
359.8125 -0.5625 -4.875
359.6875 -0.375 -4.875
359.5 -0.1875 -4.875
359.3125 0 -4.8125
359 0.375 -4.875
359 0.375 -4.875
358.6875 1 -4.9375
358.6875 1 -4.9375
358.4375 1.6875 -5
358.375 2.0625 -5.0625
358.25 2.5 -5.1875
358.25 2.9375 -5.1875
358.1875 3.375 -5.1875
358.25 3.875 -5.125
358.3125 4.4375 -5.125
358.4375 5 -5.125
358.625 5.5625 -5.0625
358.8125 6.125 -5
359.0625 6.6875 -5.0625
359.375 7.3125 -5
359.6875 7.875 -4.875
0.0625 8.5625 -4.625
0.5625 9.1875 -4.3125
1 9.75 -3.9375
2.0625 10.875 -3.4375
2.625 11.3125 -3.1875
3.125 11.75 -3.0625
3.6875 12.0625 -2.9375
4.3125 12.3125 -2.9375
5 12.5625 -3.0625
5.75 12.75 -3.0625
7.4375 13.1875 -2.6875
8.3125 13.5 -2.25
9.125 13.8125 -1.75
10 14.1875 -1.25
10.75 14.4375 -0.75
12.4375 14.75 0.0625
13.3125 14.6875 0.4375
14.25 14.5 0.875
15.1875 14.1875 1.25
16.25 13.75 1.5
18.1875 12.6875 2.125
19.125 12.0625 2.4375
19.9375 11.5 2.6875
20.6875 10.875 2.9375
21.875 9.6875 3.5625
22.3125 9.0625 3.9375
22.75 8.5 4.375
23.125 7.9375 4.75
23.8125 6.6875 5.25
24.125 6 5.375
24.4375 5.125 5.5
24.75 4.125 5.625
25 3.125 5.6875
25.25 2.125 5.875
25.375 1.1875 6.1875
25.375 0.375 6.625
25.3125 -0.3125 7.0625
25.0625 -1.125 7.4375
24.75 -1.875 7.6875
24.3125 -2.6875 7.8125
23.9375 -3.5625 7.9375
23.5 -4.5 8.25
23.25 -5.5625 8.5625
23.0625 -6.75 8.5625
22.875 -8.0625 8.3125
22.5625 -9.375 8
22.1875 -10.6875 7.8125
21.625 -11.8125 7.75
21.0625 -12.875 7.8125
20.4375 -13.9375 7.9375
19.8125 -14.9375 8.125
19.1875 -15.9375 8.25
18.5 -16.9375 8.375
17.75 -17.875 8.6875
16.9375 -18.75 9.0625
16.0625 -19.625 9.4375
14.125 -21.25 9.875
13.125 -22 10
12.125 -22.625 10.125
11.125 -23.1875 10.3125
9 -24.125 10.625
7.9375 -24.625 10.6875
6.875 -25.0625 10.75
5.875 -25.4375 10.8125
4.875 -25.8125 10.875
3.875 -26.125 10.875
2.0625 -26.5625 10.6875
1.25 -26.6875 10.75
0.5 -26.6875 10.875
359.6875 -26.6875 11
358.875 -26.6875 11.0625
358.0625 -26.6875 11.125
356.4375 -26.5625 11.1875
355.6875 -26.4375 11.25
354.9375 -26.25 11.25
354.3125 -25.9375 11.3125
353.625 -25.625 11.375
352.9375 -25.25 11.4375
351.4375 -24.375 11.1875
350.6875 -23.9375 11
350 -23.4375 10.75
349.375 -22.8125 10.4375
348.8125 -22.1875 10.1875
348.3125 -21.5 9.9375
347.3125 -20.0625 9.3125
346.8125 -19.3125 9
346.375 -18.5625 8.625
345.9375 -17.75 8.375
345.625 -16.875 8.1875
345.3125 -16 8
345.0625 -15.1875 7.8125
344.875 -14.4375 7.5625
344.75 -13.6875 7.3125
344.6875 -12.9375 7.0625
344.625 -12.1875 6.8125
344.5625 -11.3125 6.6875
344.5625 -10.4375 6.625
344.625 -9.4375 6.5
344.875 -7.4375 6.5
344.875 -7.4375 6.5
345.0625 -6.4375 6.5625
345.3125 -5.4375 6.625
345.5 -4.5625 6.5
345.8125 -3.625 6.25
346.5625 -1.875 5.875
347 -1 5.75
347.5625 -0.1875 5.5625
347.5625 -0.1875 5.5625
348.125 0.5625 5.3125
348.75 1.375 5.0625
349.875 2.9375 4.75
349.875 2.9375 4.75
350.4375 3.6875 4.6875
351 4.4375 4.625
352.25 5.625 4.125
352.875 6.1875 3.9375
353.5 6.75 3.6875
353.5 6.75 3.6875
354.75 7.5625 3.1875
355.375 7.9375 2.9375
355.9375 8.25 2.6875
356.5 8.5625 2.4375
357 8.875 2.1875
357.375 9.1875 1.9375
357.375 9.1875 1.9375
357.75 9.375 1.6875
358.375 9.625 1.3125
358.375 9.625 1.3125
358.625 9.75 1.1875
359.125 10 1.0625
359.125 10 1.0625
359.6875 10.25 0.8125
359.6875 10.25 0.8125
0.1875 10.3125 0.75
0.1875 10.3125 0.75
0.4375 10.375 0.75
0.4375 10.375 0.75
0.5 10.4375 0.75
0.625 10.5 0.75
0.6875 10.5625 0.6875
0.75 10.625 0.625
0.75 10.6875 0.5
0.75 10.625 0.375
0.75 10.625 0.25
0.8125 10.5625 0.0625
0.8125 10.5 0
0.8125 10.4375 -0.125
0.875 10.375 -0.25
0.875 10.3125 -0.375
0.8125 10.25 -0.375
0.875 10.1875 -0.4375
0.875 10.1875 -0.4375
0.875 10.0625 -0.5625
1.125 9.625 -1.0625
1.3125 9.3125 -1.4375
1.3125 9.3125 -1.4375
1.625 8.75 -2.0625
1.625 8.75 -2.0625
1.9375 8.25 -2.625
2.1875 8.0625 -2.8125
2.1875 8.0625 -2.8125
2.3125 7.9375 -3
2.5 7.8125 -3.1875
2.625 7.75 -3.3125
2.75 7.625 -3.4375
3 7.3125 -3.5
3.125 7.1875 -3.4375
3.125 7.1875 -3.4375
3.25 6.8125 -3.5
3.375 6.6875 -3.6875
3.4375 6.5625 -3.8125
3.5 6.4375 -4
3.5625 6.375 -4.125
3.5625 6.25 -4.25
3.625 6.125 -4.4375
3.625 5.875 -4.625
3.6875 5.6875 -4.8125
3.6875 5.5625 -5
3.75 5.4375 -5.0625
3.8125 5.25 -5.0625
3.8125 5.125 -5.125
3.875 5 -5.1875
3.9375 4.875 -5.3125
4 4.6875 -5.4375
4.0625 4.5 -5.5625
4.125 4.375 -5.75
4.25 4.1875 -5.875
4.3125 4.0625 -6.0625
4.375 3.9375 -6.25
4.5 3.875 -6.4375
4.625 3.8125 -6.625
4.875 3.6875 -7
5 3.5625 -7.1875
5.125 3.4375 -7.5
5.25 3.3125 -7.8125
5.375 3.125 -8.1875
5.5 2.9375 -8.4375
5.5625 2.8125 -8.6875
5.625 2.6875 -8.875
5.6875 2.5625 -9
5.75 2.5 -9.125
5.8125 2.4375 -9.25
5.8125 2.375 -9.4375
5.875 2.3125 -9.5625
5.9375 2.1875 -9.8125
6 2.125 -10
6.125 2.0625 -10.125
6.1875 2 -10.3125
6.25 1.875 -10.6875
6.25 1.875 -10.6875
6.3125 1.75 -10.8125
6.3125 1.625 -11
6.375 1.5 -11.125
6.3125 1.4375 -11.1875
6.3125 1.3125 -11.25
6.25 1.25 -11.3125
6.1875 1.125 -11.375
6.125 1 -11.4375
6.0625 0.875 -11.4375
6 0.8125 -11.5
5.9375 0.6875 -11.5625
5.875 0.5625 -11.625
5.8125 0.375 -11.6875
5.75 0.25 -11.8125
5.6875 0.0625 -11.875
5.625 0 -12
5.625 -0.0625 -12.0625
5.625 -0.125 -12.125
5.625 -0.1875 -12.1875
5.5625 -0.25 -12.25
5.5 -0.3125 -12.3125
5.5 -0.375 -12.4375
5.4375 -0.5 -12.5625
5.4375 -0.5625 -12.6875
5.4375 -0.6875 -12.8125
5.4375 -0.75 -12.9375
5.4375 -0.8125 -13.0625
5.4375 -0.9375 -13.25
5.4375 -1 -13.3125
5.4375 -1 -13.4375
5.4375 -1.0625 -13.5625
5.4375 -1.125 -13.6875
