0 0 0
-8.375 -1.5 0.25
-9.5 -3 -0.0625
-11.375 -1.25 -0.75
-10.9375 2.3125 -0.875
-16 4.6875 -1.4375
-19.6875 5.375 -0.1875
-13.5625 3.0625 -0.3125
-7.0625 1.125 -1.125
-10.125 2.625 -2.9375
-14.625 4.375 -3.5625
-14.375 4.8125 -3.4375
-14.1875 4.375 -3.4375
-9.9375 2.0625 -2.8125
-10.625 1.4375 -2.4375
-10.875 2 -1.25
-10.875 3.0625 -0.125
-15.5625 5.625 0.0625
-16.25 4.5625 -0.5
-10.9375 2.0625 -0.25
-7.125 -0.875 -0.375
-8.375 -1.5 2.625
-9.375 0.0625 3.625
-16.1875 2.6875 2.9375
-19.375 4.125 2.0625
-18.25 4.875 1.625
-18.9375 5.1875 1.375
-20.0625 4.875 1.3125
-22.125 3.6875 1.5625
-19.625 0.6875 2.9375
-14.875 -2.875 4.375
-10.4375 -5.5625 6
-5 -8.125 7.6875
-2.9375 -10.875 9.5
0.125 -15.6875 11.8125
2.6875 -20.75 14.9375
4.0625 -23.75 18.1875
-1.6875 -24.4375 19
-7.75 -26.5625 16.3125
-6.5625 -30.5625 13.8125
1.6875 -34.5 13.1875
-1.1875 -36.875 11
-4.4375 -38 9.3125
-8 -38.875 8.375
-6.5 -41.6875 6.25
-2 -45.25 3.375
0.4375 -48.75 -0.75
3.1875 -52.4375 -5.875
2.6875 -55.4375 -11
1.6875 -57.3125 -15.125
5.125 -58.125 -18.5
-1.0625 -56.5625 -23.25
2.125 -57.8125 -32.625
11.75 -59.6875 -38.375
21.875 -61.375 -44.625
25.375 -60.9375 -51
24.3125 -57.875 -54.25
20.875 -54.5 -55.75
16.125 -50.8125 -57.625
10.25 -46.125 -58.4375
7.0625 -40.5625 -58.0625
0.4375 -32.375 -59
-26.125 -16.625 -69.6875
-18.25 -15.3125 -75.5625
-6.625 -18.125 -83.0625
9.8125 -22.625 -88.875
19.625 -26.1875 -91.75
29.5625 -30.8125 -92.3125
28.125 -28.4375 -87.125
21.75 -19.875 -86.75
19.9375 -8.5625 -89.875
17.625 4.625 -93.9375
14.4375 16.625 -97.5
2.0625 43.25 -106.1875
5.4375 51.1875 -106.6875
12.125 55.0625 -101.9375
9.375 58.125 -95.25
11.4375 57.5625 -77.75
15.3125 59.125 -69.375
24.8125 59.1875 -61.3125
33 57.125 -54.125
34.75 55.125 -43.3125
28.3125 57.1875 -40.3125
12.875 63.5625 -37.6875
12.5 72.125 -36.5
9.1875 84.6875 -38.3125
7.9375 98.375 -36.25
8.25 103.25 -33.1875
16.125 100.6875 -27.25
31.5625 92.6875 -18
46.1875 81.875 3.75
33.0625 84.75 17.1875
29.4375 84.6875 30.3125
9.0625 90.375 35.625
9.8125 95.1875 36.9375
28.8125 101 32.875
29.875 112.375 20.8125
-2.5 127.8125 9.3125
-27.9375 139.1875 8.625
-39.5625 141 17
-30.5625 135.375 31.6875
-19.25 126.8125 43.875
-9.3125 119.75 51.6875
-2 116.0625 56
1.9375 114.4375 57.3125
-5.25 113.4375 57.25
-9.1875 110.75 60.1875
0.75 106.9375 68.5625
7.5 105.25 78
4.5 103.9375 83.5625
-8.1875 103.5 86.9375
-23.375 99.75 88.125
-27.8125 92.25 89.3125
-30.625 82.3125 90.5
-25.125 69.375 96.1875
-34.9375 68.3125 97.125
-40.625 66.75 96.125
-42.875 63.75 93.375
-41.0625 59.5 90.125
-41.875 48.625 87.125
-52.0625 43.25 81.375
-50.75 34.5625 75.5
-33.5 25.375 73.375
-24.6875 18.5625 73.0625
-30.0625 12.6875 75.4375
-35.125 13.4375 76.625
-38.75 12.5 75.3125
-31.375 6.5625 74.375
-28.8125 -0.5 71
-32.3125 -8.875 65.8125
-18.6875 -22.1875 67.75
-24.0625 -26.0625 68
-35.125 -28.75 68.875
-47.4375 -32.1875 68.8125
-49.4375 -35.875 69.25
-50.375 -49.5625 58.9375
-43.375 -57.4375 53.375
-41.8125 -62.75 49.25
-45.9375 -65.0625 47.75
-47.5625 -67.375 49.125
-46.375 -71.0625 48.1875
-45.25 -74.8125 46.125
-37.125 -79.375 43.5
-28.3125 -83.8125 37.3125
-23.6875 -83.75 32.125
-25.25 -81.4375 26.125
-27.5625 -78.8125 19.375
-29.375 -75.875 14.9375
-22.0625 -79.75 8.8125
-14.9375 -86.5 7.625
-7.125 -93.625 5.375
-6.625 -99.875 -0.6875
-0.875 -104.1875 -5.3125
5.875 -106.125 -9.4375
6.5 -106.3125 -13.8125
7.625 -104 -15.5
-6.875 -98.6875 -19.4375
-25.9375 -94.9375 -27
-20.6875 -94.75 -31.3125
-12 -94.5625 -35.625
-13.125 -94.8125 -42.625
-14.75 -93.5 -49.625
-25.875 -90.25 -55.375
-27.5625 -87.6875 -56.6875
-19.9375 -87 -54.875
-17.9375 -86.1875 -56.6875
-11.875 -83.125 -56.125
-10.375 -76.25 -54.5625
-27.9375 -69.625 -57.625
-32.5 -67.1875 -59.875
-30.4375 -63.9375 -60.5625
-31.5625 -57.75 -60.5
-30.75 -50.3125 -59.9375
-34.9375 -44.375 -61.9375
-35.625 -39.9375 -61.8125
-33.5625 -37.375 -57.9375
-32.75 -35.9375 -52.375
-35.375 -33.5625 -46.625
-33.5 -29.125 -39.8125
-26.5625 -22.625 -33.0625
-21.9375 -16.25 -29.875
-26.8125 -11.125 -29.25
-23.3125 -10.625 -27.5625
-10.9375 -13.875 -25.625
-8.5 -14.8125 -24.625
-14.375 -13.6875 -26.4375
-18.125 -11.0625 -27.5
-13.5625 -7.625 -25.8125
-6.25 -4.25 -21.125
-2 -2.875 -15.125
0.75 -4.1875 -10.1875
-0.6875 -6.3125 -8.6875
-5.8125 -7.125 -8.6875
-8.4375 -7.0625 -7.375
-7.25 -5.4375 -4.1875
-10.75 -1.4375 -1.0625
-10.9375 1.8125 0.5625
-15.75 4.5625 -0.4375
-16.9375 5.375 -1.25
-12.1875 5.5 -1.1875
-13.875 5.75 -0.9375
-14.875 5.8125 0.3125
-8.8125 4.875 1.875
-2.625 3.375 1.25
-1.4375 3.4375 -0.0625
-5 6.4375 -1.375
-13.5 12.125 -3.625
-20.9375 19.6875 -7.125
-35.5625 26.8125 -11.3125
-41.4375 31 -12.75
-35.8125 31.5 -12.375
-34.4375 30.5 -13.0625
-33.5625 28.25 -15.0625
-26.9375 23.5625 -16.9375
-23.4375 18.5625 -18.125
-20.8125 14.5625 -16.375
-18 12.4375 -13.3125
-18.875 12.375 -12.1875
-11.875 12.625 -11.5625
-5.5 13.875 -12.0625
-3.4375 15.875 -12.1875
-0.1875 17.625 -10.3125
0.625 18.3125 -8.25
-8.125 18.625 -8
-17.125 16.875 -7.4375
-17.5625 12.9375 -6.4375
-14.8125 9.375 -5.1875
-14.375 9.1875 -4
-17.1875 12.1875 -2.9375
-19.1875 16.375 -1.375
-18.6875 20.25 -0.0625
-19.3125 19.6875 -1.75
-16.4375 16.5 -3.125
-0.0625 9.0625 -3
-2.75 9.75 -2.25
-5.5 11.875 -1.4375
-6.3125 14.5625 -1.6875
-12.625 16.5625 -3.875
-14.75 18 -5.75
-17.75 18.5625 -7.0625
-15.8125 17.6875 -6.8125
-15.9375 16.6875 -6.25
-19.875 12.3125 -8.6875
-20.6875 9.625 -10.4375
-20.625 8.25 -11.8125
-20.6875 7.8125 -12.3125
-19.3125 8.375 -11.4375
-22.1875 10.4375 -10.5
-28.625 14.625 -10.5
-37.5625 19.125 -10.75
-37.25 20 -10.4375
-28.0625 18.375 -8.6875
-23.3125 16.5 -6.75
-18.6875 14.125 -5.3125
-17 11.375 -4.125
-12.8125 8.5 -3.5625
-15.9375 7.9375 -4.0625
-17.5625 8.25 -4.9375
-20.625 8.8125 -5.9375
-19.75 8.375 -6
-18.5 7.875 -6.5
-19.75 7.9375 -6.4375
-17.75 8.9375 -4.625
-16.0625 9.75 -3.3125
-17.8125 11.4375 -2.25
-18.75 12.5 -1.375
-12.9375 11.5 0.5
-8.0625 10.0625 2.5625
-6.25 9.25 4.0625
-4.625 9.375 5.3125
-4.8125 10.375 6.6875
-4.6875 10.25 7.3125
-4.25 8.8125 7.3125
-3.8125 8.875 8.1875
-4.25 10.125 8.9375
-5.625 12.375 9.3125
-9.75 14.8125 8.5625
-11.3125 15.6875 8.25
-9.9375 14.25 6.375
-7.125 11.25 4.25
-8.5625 9.125 2.8125
-8.125 6.5 2.125
-6.5 4.75 2.75
-6.625 4.9375 3.75
-8.25 6.0625 4.4375
-10.5625 7.8125 4.3125
-12.5 8.8125 4.125
-12.75 9.1875 3.6875
-11.125 8.8125 2.9375
-12.1875 8.4375 1.75
-13.1875 8.0625 0.6875
-12.75 7.5625 0.5
-9.25 5.4375 -0.1875
-8.5625 4 -1.1875
-10.0625 3.75 -0.625
-11 4.625 0.4375
-11.625 5.6875 0.6875
