0 0 0
0 0 0
0 0 0
0 0 0
0 0 0
2.4 7.3 -4.49
2.34 6.84 -2.89
2.39 6.62 -3.08
2.47 6.67 -3.63
2.48 6.7 -4.05
2.55 7.22 -3.64
2.55 7.25 -3.26
2.61 7.44 -2.76
2.6 7.58 -2.73
2.6 7.84 -3.14
2.62 8.02 -3.7
2.61 7.9 -3.78
2.52 7.49 -2.72
2.52 7.69 -2.37
2.53 7.69 -2.28
2.6 8 -2.67
2.7 8.48 -3.74
2.79 7.87 -4.5
2.78 7.62 -4
2.8 7.79 -3.73
2.78 8.04 -3.48
2.77 8.24 -3.15
2.75 8.64 -2.15
2.69 9 -1.48
2.63 9.1 -1.04
2.6 9.17 -1.01
2.5 9.24 -0.91
2.42 9.25 -0.67
2.32 9.16 -0.21
2.23 9.14 0.04
2.23 8.83 -0.63
2.26 8 -1.31
2.02 6.01 -0.87
1.91 5.88 -0.4
1.76 5.99 -0.44
1.78 5.57 -0.87
1.85 5.48 -1.48
1.56 5.28 -1.43
1.66 4.74 -1.09
1.67 3.69 -0.85
1.42 3.21 -0.99
1.45 2.71 -1.13
1.36 2.57 -1.47
1.33 2.91 -2.42
1.18 2.98 -3.09
1.1 2.8 -3.88
0.61 2.59 -3.6
0.29 2.6 -3.52
-0.04 2.17 -3.68
-0.33 1.89 -4.09
-0.91 3.5 -6.79
-0.99 4.13 -7.26
-1.02 4.54 -7.98
-0.99 5.01 -8.37
-0.91 5.33 -8.88
-0.85 5.19 -9.49
-0.83 3.74 -9.34
-1.08 3.42 -7.82
-1.78 2.96 -3.8
-1.85 3.98 -3.89
-2.01 5 -4.08
-2.12 5.95 -4.26
-2.19 7.89 -7
-2.23 8.07 -8.99
-2.32 6.22 -13.43
-2.49 6.31 -13.87
-2.66 6.62 -13.58
-2.59 7.12 -13.69
-2.88 8.31 -12.75
-3.08 12.05 -9.76
-3.01 13.27 -9.11
-3.13 14.99 -7.23
-2.96 15.31 -6.97
-2.58 14.67 -6.83
-2.52 14.18 -6.56
-2.37 13.65 -7.08
-2.25 12.97 -7.77
-1.73 11.67 -11.14
-1.59 11.44 -11.65
-1.23 11.09 -12.62
-1.5 12.81 -11.96
-1.62 13.27 -8.87
-1.65 14.21 -6.38
-1.49 16.24 -3.34
-1.05 16.82 -3.86
-0.54 17.15 -5.38
-0.13 17.94 -6.91
0.1 17.11 -7.25
0.26 14 -9.14
0.15 7.73 -11.2
0.53 6.3 -13.2
0.75 6.99 -13.75
0.46 12.86 -9.35
0.46 12.86 -9.35
0.61 16.84 -3.07
0.86 16.57 -1.48
1.36 14.55 -1.45
1.56 13.55 -2.07
1.56 13.55 -2.07
1.84 12.72 -2.32
1.95 13.65 -1.69
1.99 14.82 -1.4
2.08 15.21 -1.78
2.08 15.21 -1.78
1.87 12.47 -2.12
1.76 11.55 -1.17
1.54 10.55 0.56
1.67 10.37 0.99
1.79 10.45 0.52
2.31 8.51 -2.61
2.25 7.5 -2.38
2.36 6.72 -1.95
2.57 6.27 -1.09
2.59 6.53 -0.28
2.73 6.51 -0.15
3.19 5.26 1.22
3.38 6.03 1.25
3.62 6.64 0.51
3.83 7.61 -0.97
3.77 8.14 -1.17
3.71 6.66 -1.36
3.57 6.28 1.43
3.64 5.6 1.94
3.8 5.56 2.43
3.86 7.86 2.35
3.94 7.92 1.66
3.95 8.22 1.09
3.99 7.44 1.31
3.83 7.01 1.26
3.79 5.53 1.51
3.57 3.78 2.02
3.44 4.36 0.02
3.41 5.11 -0.93
3.23 5.62 -1.46
3.06 4.84 -1.61
2.73 4.3 -1.69
2.31 2.65 -2.15
2.3 2.09 -3.14
2.32 2.19 -4.59
2.54 1.84 -5.66
2.94 1.79 -6.16
2.94 2.54 -5.76
2.93 2.93 -4.73
2.86 3.54 -2.28
2.57 3.11 -1.98
2.44 2.1 -2.5
2.31 2.38 -4.22
2.21 2.39 -5.24
2.24 2.56 -6.14
2.32 3.36 -7.94
2.3 2.55 -8.29
2.13 2.14 -7.82
1.91 2.68 -7.02
1.88 2.08 -7.24
1.65 1.89 -7.48
1.67 2.16 -8.3
1.79 3.8 -8.79
1.8 5.07 -8.38
1.84 5.51 -8.33
1.93 4.86 -8.67
2.17 6.44 -10.43
2.19 6.21 -11.19
2.09 5.64 -10.83
1.92 6 -9.75
1.91 7.16 -10.24
1.81 7.75 -10.8
1.76 8.12 -11.18
1.52 8.17 -10.37
1.39 9.34 -9.92
1.3 10.44 -9.32
1.27 11.27 -8.96
1.42 11.96 -9.75
1.57 12.19 -10.41
1.7 12.06 -10.94
1.8 10.37 -10.51
1.76 10.29 -9.36
1.72 10.46 -7.67
1.75 10.55 -6.66
1.87 9.83 -7.65
1.9 9.43 -8.4
1.85 9.68 -8.98
1.86 11.05 -9.52
1.8 11.76 -9.09
1.71 12.14 -8.12
1.57 11.91 -7.13
1.47 10.3 -6.82
1.5 10.13 -7.16
1.44 10.49 -7.31
1.53 10.81 -8.32
1.45 10.48 -8.46
1.43 9.79 -8.24
1.41 9.09 -8.02
1.26 8.95 -7.01
1.25 9.05 -6.87
1.22 9.07 -6.85
1.18 9.13 -6.53
1.19 8.56 -6.56
1.2 7.85 -6.9
1.24 7.5 -7.58
1.44 7.01 -9.71
1.55 6.82 -10.33
1.75 6.7 -10.62
1.74 7.27 -9.21
1.73 8.03 -7.67
1.76 8.38 -6.52
1.78 8.29 -5.5
1.83 8.19 -3.77
1.84 8.43 -3.15
1.87 8.93 -2.99
1.81 10.52 -3.66
1.92 10.26 -4.38
1.9 9.89 -4.96
1.85 9.68 -5.15
1.86 9.44 -5.89
1.85 9.81 -5.99
1.79 10.28 -5.82
1.67 9.89 -5.44
1.53 9.65 -5.28
1.52 9.66 -4.69
1.59 9.65 -4.27
1.73 9.59 -5.14
1.91 9.52 -6.08
2.02 9.61 -6.81
2.05 9.57 -6.86
2.01 9.01 -5.96
1.89 8.46 -4.72
1.8 8.61 -3.9
1.68 9.17 -3.66
1.72 9.41 -4.55
1.68 9.37 -6.41
1.63 8.9 -6.57
1.62 8.56 -6.29
1.61 8.78 -6.15
1.56 9.38 -5.13
1.55 9.69 -4.9
1.58 9.68 -4.8
1.52 9.14 -4.37
1.55 9.02 -4.44
1.62 9.35 -5.07
1.6 10.14 -5.87
1.56 10.44 -6.45
1.51 10.46 -6.86
1.56 10.42 -7.34
1.57 10.5 -6.42
1.5 10.81 -5.16
1.47 11.14 -4.45
1.63 11.12 -4.09
1.68 10.98 -4.03
1.67 10.8 -4.03
1.67 10.38 -4.76
1.63 10.17 -5.24
1.6 10.14 -5.55
1.46 10.22 -5.39
1.37 10.33 -5.21
1.36 10.36 -5.28
1.29 10.7 -5.43
1.23 11.34 -5.67
1.24 11.31 -5.67
1.3 11.33 -5.64
1.29 11.62 -4.79
1.35 11.73 -4.42
1.39 11.7 -4.4
1.49 11.64 -4.58
1.58 11.44 -5.09
1.58 11.44 -5.09
1.53 11 -4.71
1.62 10.95 -4.85
1.66 10.96 -5.23
1.68 10.9 -5.61
1.7 10.59 -5.9
1.62 10.17 -5.48
1.59 9.89 -4.87
1.57 9.49 -4.19
1.58 9.64 -3.91
1.64 9.91 -3.98
1.64 10.2 -3.99
1.72 10.57 -4.25
1.77 10.83 -5.2
1.81 10.56 -5.41
1.82 10.43 -5.5
1.89 10.33 -5.18
1.93 10.18 -4.88
1.93 10.06 -4.77
1.93 10.06 -4.77
1.95 9.96 -4.69
1.97 10.21 -4.18
1.95 10.17 -3.98
2.01 10.58 -4.49
2.05 10.98 -4.82
2.05 10.88 -4.95
2.05 10.66 -4.92
1.98 10.64 -4.87
