0 0 0 0
0 0 0 0
0 0 0 0
0 0 0 0
0 0 0 0
0.99993896 -0.00793457 0.00048828125 -0.0004272461
0.99993896 -0.0095825195 0.0009765625 -0.0004272461
0.99993896 -0.0107421875 0.0012207031 -0.0004272461
0.99993896 -0.0119018555 0.0014038086 -0.0006713867
0.99993896 -0.012756348 0.0016479492 -0.00091552734
0.9998779 -0.014038086 0.0020141602 -0.0012207031
0.9998779 -0.015258789 0.0024414062 -0.0015258789
0.9998779 -0.016418457 0.0028076172 -0.0018310547
0.9998169 -0.018371582 0.0032348633 -0.002380371
0.9998169 -0.01928711 0.0033569336 -0.0025634766
0.99975586 -0.020202637 0.003540039 -0.0026855469
0.99975586 -0.021118164 0.0037841797 -0.0026855469
0.9996948 -0.02355957 0.004699707 -0.0026855469
0.9996948 -0.024902344 0.005065918 -0.0026855469
0.9996338 -0.025878906 0.0052490234 -0.0026855469
0.9996338 -0.026489258 0.0051879883 -0.0026855469
0.99957275 -0.027832031 0.0048828125 -0.0024414062
0.99957275 -0.028625488 0.0049438477 -0.0021362305
0.9995117 -0.030029297 0.005126953 -0.0018920898
0.9995117 -0.03161621 0.005493164 -0.0017089844
0.9994507 -0.033203125 0.00592041 -0.0015869141
0.99938965 -0.03479004 0.0064086914 -0.0014648438
0.9993286 -0.036499023 0.0068359375 -0.0013427734
0.9992676 -0.038330078 0.0071411133 -0.0012207031
0.9991455 -0.039978027 0.0072021484 -0.0009765625
0.9991455 -0.041259766 0.006958008 -0.0005493164
0.9990845 -0.042114258 0.0065307617 0
0.9990845 -0.042541504 0.005859375 0.0006713867
0.9990845 -0.042785645 0.0049438477 0.0015258789
0.9990845 -0.042785645 0.0036621094 0.0025634766
0.9990845 -0.042541504 0.0020141602 0.00390625
0.9990845 -0.042175293 0.000061035156 0.005493164
0.9990845 -0.0423584 -0.001953125 0.0072021484
0.99902344 -0.04296875 -0.0041503906 0.008666992
0.9989624 -0.043518066 -0.006652832 0.0099487305
0.9989624 -0.04333496 -0.009521484 0.011230469
0.99890137 -0.043395996 -0.012634277 0.012268066
0.99884033 -0.043762207 -0.015808105 0.013183594
0.99871826 -0.044433594 -0.019042969 0.014038086
0.9986572 -0.044921875 -0.022583008 0.014709473
0.99853516 -0.045043945 -0.026367188 0.015197754
0.9984131 -0.04498291 -0.030456543 0.015319824
0.998291 -0.0446167 -0.03491211 0.015014648
0.9981079 -0.044311523 -0.03967285 0.014282227
0.9979248 -0.044006348 -0.044555664 0.013244629
0.9977417 -0.04345703 -0.04949951 0.0119018555
0.99749756 -0.043395996 -0.05432129 0.010131836
0.99694824 -0.043518066 -0.064208984 0.0053710938
0.9967041 -0.042236328 -0.06933594 0.0024414062
0.9963989 -0.040161133 -0.074645996 -0.0009765625
0.99609375 -0.03765869 -0.079956055 -0.0048828125
0.99572754 -0.03527832 -0.08502197 -0.009155273
0.9953003 -0.033203125 -0.089782715 -0.0134887695
0.99487305 -0.031433105 -0.09423828 -0.018066406
0.9944458 -0.030151367 -0.09832764 -0.022766113
0.99401855 -0.029174805 -0.101867676 -0.027526855
0.993103 -0.029663086 -0.10675049 -0.037841797
0.9926758 -0.03125 -0.10821533 -0.043884277
0.9921875 -0.032165527 -0.109680176 -0.050354004
0.9916382 -0.032043457 -0.11138916 -0.05731201
0.9909668 -0.030456543 -0.11352539 -0.064575195
0.9902344 -0.028076172 -0.11608887 -0.072021484
0.9893799 -0.024902344 -0.11907959 -0.0793457
0.98760986 -0.018432617 -0.12487793 -0.093444824
0.98669434 -0.01586914 -0.12683105 -0.10040283
0.98583984 -0.013305664 -0.12786865 -0.107666016
0.9850464 -0.0107421875 -0.12774658 -0.11529541
0.9842529 -0.008361816 -0.12658691 -0.123291016
0.982666 -0.003967285 -0.120788574 -0.14038086
0.98187256 -0.0018310547 -0.11663818 -0.14923096
0.98114014 0.0008544922 -0.11224365 -0.15753174
0.9803467 0.0033569336 -0.107543945 -0.16534424
0.9789429 0.008117676 -0.09814453 -0.17871094
0.9783325 0.010864258 -0.093444824 -0.18426514
0.97784424 0.014282227 -0.08886719 -0.18908691
0.9772949 0.018371582 -0.08459473 -0.1932373
0.9764404 0.026672363 -0.07647705 -0.20007324
0.9760132 0.030273438 -0.072143555 -0.203125
0.975708 0.03265381 -0.0670166 -0.20593262
0.97540283 0.03515625 -0.06121826 -0.2086792
0.9751587 0.037597656 -0.054260254 -0.21154785
0.9748535 0.040161133 -0.046203613 -0.21417236
0.9746094 0.04284668 -0.037719727 -0.21655273
0.9743042 0.046081543 -0.02960205 -0.21832275
0.97406006 0.050476074 -0.022521973 -0.21936035
0.9738159 0.061279297 -0.010559082 -0.21875
0.973999 0.06555176 -0.004272461 -0.21685791
0.97436523 0.06951904 0.0020141602 -0.21386719
0.97491455 0.071899414 0.009033203 -0.21038818
0.97540283 0.074401855 0.016479492 -0.20678711
0.975647 0.07861328 0.024108887 -0.20349121
0.9755249 0.08300781 0.032714844 -0.2010498
0.97528076 0.08502197 0.04321289 -0.19934082
0.9750366 0.08508301 0.055114746 -0.1975708
0.9748535 0.084228516 0.06726074 -0.19494629
0.9747925 0.084106445 0.07867432 -0.19116211
0.97473145 0.0848999 0.08911133 -0.18652344
0.9746094 0.086364746 0.09875488 -0.18133545
0.9744873 0.08843994 0.107910156 -0.17584229
0.97424316 0.09082031 0.116882324 -0.17028809
0.973938 0.09259033 0.12585449 -0.16461182
0.9735718 0.09399414 0.13458252 -0.1586914
0.97320557 0.09625244 0.14282227 -0.15222168
0.97283936 0.09918213 0.15075684 -0.14501953
0.9724121 0.101867676 0.1585083 -0.1373291
0.9720459 0.10357666 0.16638184 -0.12915039
0.9717407 0.104003906 0.17401123 -0.12072754
0.9714966 0.10394287 0.18109131 -0.11218262
0.9713135 0.10357666 0.1873169 -0.103515625
0.97094727 0.103759766 0.1977539 -0.085876465
0.97076416 0.103027344 0.20275879 -0.07672119
0.97052 0.101745605 0.2076416 -0.06756592
0.9702759 0.10021973 0.21228027 -0.05859375
0.9699707 0.09881592 0.21661377 -0.049926758
0.96936035 0.09552002 0.22387695 -0.033203125
0.96917725 0.09289551 0.22692871 -0.02520752
0.96899414 0.090270996 0.22924805 -0.01776123
0.9688721 0.08898926 0.23083496 -0.010925293
0.9686279 0.08770752 0.23248291 0.002319336
0.9685669 0.08666992 0.23297119 0.009155273
0.96850586 0.08532715 0.23345947 0.016235352
0.9683838 0.083618164 0.23388672 0.023254395
0.96832275 0.08251953 0.23382568 0.030029297
0.96832275 0.08154297 0.23327637 0.036376953
0.96850586 0.080200195 0.23199463 0.0423584
0.96899414 0.07946777 0.22772217 0.053894043
0.9692993 0.07891846 0.22503662 0.059753418
0.96972656 0.07751465 0.2220459 0.06585693
0.97021484 0.07507324 0.21868896 0.072143555
0.97076416 0.072509766 0.21496582 0.078552246
0.9720459 0.06707764 0.20605469 0.09008789
0.9729004 0.06488037 0.20074463 0.09490967
0.9737549 0.06274414 0.19494629 0.0993042
0.9746094 0.060302734 0.18896484 0.103637695
0.97546387 0.057739258 0.18273926 0.10809326
0.97631836 0.05529785 0.1762085 0.11242676
0.97717285 0.052978516 0.16937256 0.11657715
0.97802734 0.051330566 0.16229248 0.12036133
0.97888184 0.050354004 0.15490723 0.123413086
0.9797363 0.049682617 0.14758301 0.1260376
0.9805298 0.04876709 0.1404419 0.12817383
0.9821167 0.046142578 0.12683105 0.13104248
0.9821167 0.046142578 0.12683105 0.13104248
0.9836426 0.044128418 0.113342285 0.13269043
0.98443604 0.043945312 0.10595703 0.13311768
0.9852295 0.044433594 0.09802246 0.13330078
0.98602295 0.045043945 0.089660645 0.13287354
0.98687744 0.046081543 0.08099365 0.13208008
0.98760986 0.047668457 0.072265625 0.13079834
0.9883423 0.049316406 0.06347656 0.12915039
0.9890137 0.05102539 0.05493164 0.12738037
0.98968506 0.0513916 0.046691895 0.12536621
0.9904175 0.050109863 0.038635254 0.122802734
0.99108887 0.04925537 0.030639648 0.11981201
0.9916992 0.0491333 0.022705078 0.11651611
0.9923096 0.04888916 0.014831543 0.11254883
0.9929199 0.048461914 0.007019043 0.10803223
0.9935913 0.047058105 -0.0005493164 0.103027344
0.9941406 0.045532227 -0.00793457 0.09790039
0.9945679 0.044555664 -0.015197754 0.09295654
0.9949341 0.043823242 -0.022338867 0.08782959
0.9951782 0.043518066 -0.02923584 0.08276367
0.9953613 0.04333496 -0.03552246 0.07788086
0.99560547 0.041625977 -0.0413208 0.07269287
0.9958496 0.039489746 -0.04699707 0.06726074
0.9960327 0.03753662 -0.05230713 0.061828613
0.9961548 0.035461426 -0.057128906 0.05645752
0.99627686 0.03338623 -0.061340332 0.051086426
0.9963379 0.030944824 -0.06506348 0.04559326
0.99645996 0.028442383 -0.06842041 0.040039062
0.99645996 0.026062012 -0.0715332 0.03491211
0.99645996 0.023742676 -0.074523926 0.030212402
0.99645996 0.021118164 -0.07733154 0.026000977
0.9963989 0.018615723 -0.07977295 0.022338867
0.9963379 0.016662598 -0.081726074 0.019348145
0.99627686 0.015075684 -0.08306885 0.016662598
0.99627686 0.013000488 -0.083984375 0.014038086
0.99627686 0.011291504 -0.0848999 0.0115356445
0.9962158 0.010559082 -0.08605957 0.009277344
0.99609375 0.010009766 -0.08728027 0.007080078
0.9960327 0.008972168 -0.08843994 0.004760742
0.9959717 0.0076904297 -0.08935547 0.002319336
0.99591064 0.006713867 -0.08996582 0
0.99591064 0.0063476562 -0.09033203 -0.0018310547
0.9958496 0.006286621 -0.09057617 -0.003112793
0.9958496 0.0064697266 -0.09094238 -0.003967285
0.9957886 0.0064697266 -0.091430664 -0.004699707
0.99572754 0.0060424805 -0.092041016 -0.005493164
0.9956665 0.0053710938 -0.09265137 -0.006164551
0.99560547 0.004760742 -0.09307861 -0.006591797
0.99560547 0.00390625 -0.09320068 -0.0067749023
0.99560547 0.0029907227 -0.09301758 -0.0068359375
0.9956665 0.0016479492 -0.09265137 -0.006958008
0.99572754 0.00024414062 -0.092163086 -0.0072021484
0.9957886 -0.00079345703 -0.091674805 -0.007385254
0.9957886 -0.001953125 -0.09118652 -0.0075683594
0.9958496 -0.0031738281 -0.09069824 -0.0076904297
0.9958496 -0.003967285 -0.090270996 -0.0076293945
0.99591064 -0.0041503906 -0.08996582 -0.007507324
0.99591064 -0.004272461 -0.08972168 -0.0075683594
0.9959717 -0.004699707 -0.08917236 -0.0076904297
0.9960327 -0.00579834 -0.088134766 -0.008117676
0.9962158 -0.007507324 -0.08642578 -0.008850098
0.9963379 -0.010375977 -0.08416748 -0.010131836
0.996521 -0.013793945 -0.08154297 -0.0115356445
0.99664307 -0.016662598 -0.07885742 -0.012817383
0.9968262 -0.019470215 -0.07623291 -0.014221191
0.9968872 -0.022155762 -0.07385254 -0.01574707
0.99694824 -0.024291992 -0.071899414 -0.01739502
0.9970093 -0.026123047 -0.0703125 -0.019104004
0.9970093 -0.027770996 -0.0690918 -0.020629883
0.9970093 -0.029174805 -0.0680542 -0.021911621
0.9970093 -0.030700684 -0.06695557 -0.023071289
0.9970093 -0.03161621 -0.06591797 -0.024169922
0.9970703 -0.031982422 -0.0647583 -0.02520752
0.99713135 -0.032165527 -0.06347656 -0.026306152
0.9971924 -0.032043457 -0.06201172 -0.02722168
0.9972534 -0.031921387 -0.06048584 -0.027954102
0.99731445 -0.03253174 -0.058898926 -0.028747559
0.99731445 -0.03387451 -0.057434082 -0.02947998
0.99731445 -0.03527832 -0.05633545 -0.030151367
0.99731445 -0.036499023 -0.055541992 -0.030700684
0.99731445 -0.03765869 -0.054748535 -0.03112793
0.99731445 -0.0390625 -0.053649902 -0.03149414
0.99731445 -0.040649414 -0.052246094 -0.031799316
0.99731445 -0.042175293 -0.050476074 -0.031921387
0.99731445 -0.043762207 -0.04876709 -0.032226562
0.99731445 -0.045654297 -0.04626465 -0.032958984
0.9973755 -0.045654297 -0.045532227 -0.03326416
0.9973755 -0.045837402 -0.04473877 -0.0335083
0.9973755 -0.04626465 -0.043701172 -0.033691406
0.9974365 -0.04675293 -0.04248047 -0.033935547
0.9974365 -0.047729492 -0.041015625 -0.034362793
0.9974365 -0.048950195 -0.039489746 -0.034973145
0.9973755 -0.050354004 -0.037902832 -0.035705566
0.99731445 -0.051574707 -0.036376953 -0.03643799
0.9972534 -0.054382324 -0.033691406 -0.03778076
0.99713135 -0.056030273 -0.03265381 -0.038635254
0.9970703 -0.057678223 -0.031799316 -0.039611816
0.99694824 -0.059387207 -0.031066895 -0.04071045
0.99676514 -0.061035156 -0.030395508 -0.041870117
0.99664307 -0.06262207 -0.029724121 -0.042907715
0.996521 -0.064453125 -0.028808594 -0.043884277
0.9963989 -0.06677246 -0.027526855 -0.044921875
0.9961548 -0.06982422 -0.025817871 -0.046020508
0.99591064 -0.07287598 -0.024047852 -0.04711914
0.9957886 -0.07513428 -0.022460938 -0.048034668
0.99560547 -0.07702637 -0.020996094 -0.04876709
0.9954834 -0.078552246 -0.01977539 -0.049316406
0.9953613 -0.07989502 -0.018798828 -0.049743652
0.9951782 -0.081970215 -0.01739502 -0.05053711
0.99505615 -0.08331299 -0.016662598 -0.050964355
0.9949341 -0.0847168 -0.015930176 -0.051452637
0.994812 -0.08642578 -0.015136719 -0.05206299
0.9946289 -0.088012695 -0.014404297 -0.05267334
0.9944458 -0.089538574 -0.013671875 -0.05328369
0.9942627 -0.09118652 -0.013000488 -0.053894043
0.9941406 -0.09259033 -0.012207031 -0.054382324
0.99401855 -0.093933105 -0.011352539 -0.054748535
0.99383545 -0.095336914 -0.010314941 -0.05505371
0.9937134 -0.09686279 -0.009155273 -0.05529785
0.9935913 -0.09790039 -0.008117676 -0.055419922
0.9935913 -0.09857178 -0.0072021484 -0.05529785
0.9935303 -0.09906006 -0.0064086914 -0.054992676
0.9935303 -0.099365234 -0.005554199 -0.054626465
0.9935303 -0.099731445 -0.0045776367 -0.05419922
0.9935303 -0.100097656 -0.0036621094 -0.053649902
0.9935303 -0.10040283 -0.0028076172 -0.053100586
0.9935303 -0.10070801 -0.001953125 -0.052490234
0.9935303 -0.10101318 -0.0010375977 -0.051818848
0.9935303 -0.10144043 0.00012207031 -0.05114746
0.99346924 -0.10217285 0.0014648438 -0.05053711
0.9934082 -0.10308838 0.0029296875 -0.049987793
0.99334717 -0.103881836 0.004211426 -0.049560547
0.99328613 -0.10443115 0.0052490234 -0.049316406
0.9932251 -0.10510254 0.0060424805 -0.0491333
0.99316406 -0.10571289 0.006652832 -0.04901123
0.993103 -0.10626221 0.007080078 -0.048828125
0.993042 -0.10681152 0.0075683594 -0.048583984
0.99298096 -0.10748291 0.008178711 -0.048217773
0.9929199 -0.1083374 0.008911133 -0.047912598
0.99279785 -0.109313965 0.009765625 -0.047668457
0.9926758 -0.11035156 0.010620117 -0.047424316
0.99261475 -0.11126709 0.011413574 -0.04724121
0.9924927 -0.11224365 0.012207031 -0.047180176
0.9923706 -0.113342285 0.012939453 -0.047180176
0.99224854 -0.11437988 0.01361084 -0.04724121
0.99212646 -0.115112305 0.014099121 -0.04724121
0.9920044 -0.11584473 0.014465332 -0.047424316
0.99194336 -0.11663818 0.014831543 -0.04748535
0.9918213 -0.11755371 0.015258789 -0.04748535
0.9915161 -0.11968994 0.016296387 -0.047546387
