0 0 0
0 0 0
0 0 0
0 0 0
0 0 0
0 0 0
359.9375 0 -0.5
359.9375 0 -0.5625
0 13.5625 7.75
0 13.5625 7.625
0 13.5625 7.5625
0 13.5625 7.4375
0 13.5625 7.375
0 13.5 7.25
0 13.5 7.125
0 13.5 7
0 13.5 6.8125
0 13.5 6.75
0 13.5 6.6875
0 13.5 6.625
0 13.5 6.5625
0 13.5 6.375
0 13.4375 6.25
359.9375 13.4375 6
359.9375 13.4375 6
359.9375 13.4375 5.875
359.875 13.4375 5.75
359.875 13.4375 5.6875
359.875 13.4375 5.5
359.8125 13.4375 5.375
359.8125 13.4375 5.1875
359.75 13.4375 5
359.6875 13.4375 4.6875
359.6875 13.5 4.3125
359.6875 13.625 3.875
359.625 13.6875 3.4375
359.5625 13.875 3.0625
359.5625 14.0625 2.6875
359.5625 14.25 2.3125
359.5625 14.4375 2
359.6875 14.6875 1.75
359.8125 14.9375 1.5625
0.0625 15.25 1.4375
0.3125 15.5625 1.375
0.625 15.875 1.3125
1.0625 16.1875 1.25
1.5 16.5 1.25
1.9375 16.8125 1.25
2.4375 17.0625 1.1875
2.875 17.375 1.125
3.375 17.625 1.0625
3.8125 17.8125 1.125
4.375 18.0625 1.1875
4.9375 18.1875 1.25
5.5625 18.375 1.3125
6.1875 18.4375 1.375
6.875 18.5 1.5
7.625 18.5 1.75
8.375 18.375 2.0625
9.125 18.1875 2.4375
9.9375 17.8125 2.75
10.75 17.375 3
11.5 16.75 3.25
12.125 16.0625 3.375
12.75 15.3125 3.5
13.3125 14.4375 3.4375
13.8125 13.5625 3.3125
14.125 12.625 3.375
14.4375 11.625 3.4375
14.6875 10.625 3.5
15 9.5625 3.5
15.25 8.5 3.625
15.4375 7.4375 3.75
15.625 6.3125 3.9375
15.75 5.25 4.125
15.875 2.9375 4.5625
15.875 2.9375 4.5625
15.9375 1.75 4.625
16 0.4375 4.625
15.9375 -0.8125 4.5625
15.8125 -2.125 4.4375
15.625 -3.3125 4.3125
15.4375 -4.4375 4.3125
15.1875 -5.4375 4.375
14.5625 -7.375 4.5
14.5625 -7.375 4.5
14.1875 -8.375 4.5
13.6875 -9.3125 4.6875
13.125 -10.1875 5
11.8125 -11.6875 5.5
11.8125 -11.6875 5.5
11.0625 -12.3125 5.8125
10.3125 -12.875 6.0625
8.75 -13.75 6.6875
7.875 -14.125 7.125
6.9375 -14.5 7.5625
6 -14.875 7.875
3.875 -15.625 8.125
2.8125 -16 8.125
1.625 -16.25 8.1875
0.5 -16.4375 8.4375
359.25 -16.5 8.75
358.0625 -16.4375 9.3125
356.8125 -16.3125 9.9375
355.5 -16.1875 10.5
354.1875 -16.125 11
352.875 -16.0625 11.25
351.5 -16 11.375
350.1875 -15.875 11.5625
348.875 -15.75 11.5625
347.625 -15.5625 11.5
346.4375 -15.3125 11.375
345.3125 -15.0625 11.125
343.25 -14.375 10.5
342.25 -13.9375 10.25
342.25 -13.9375 10.25
340.25 -12.6875 10.0625
339.375 -12 9.9375
338.5625 -11.375 9.75
337.8125 -10.6875 9.5625
337.125 -10.0625 9.375
336.375 -9.4375 9.25
335.6875 -8.8125 9.125
335.0625 -8.1875 9
334.5 -7.5625 8.875
333.9375 -6.875 8.625
333.4375 -6.25 8.375
333 -5.5625 8.125
332.5625 -4.875 7.9375
332.1875 -4.125 7.75
331.8125 -3.375 7.625
331.5 -2.6875 7.375
331.1875 -2 7.125
330.9375 -1.3125 6.75
330.625 -0.6875 6.3125
330.375 -0.0625 5.875
330.125 0.5 5.375
329.9375 1.125 4.9375
329.8125 1.875 4.5625
329.75 2.5625 4.25
329.6875 3.3125 3.875
329.75 4.0625 3.4375
329.8125 5.375 2.5625
329.875 6 2.0625
329.9375 6.625 1.5
330.0625 7.25 1.0625
330.1875 7.875 0.6875
330.375 8.5625 0.4375
330.6875 9.3125 0.25
331 10 0.125
331.3125 10.75 -0.125
331.6875 11.4375 -0.4375
332.125 12.0625 -0.8125
332.5625 12.75 -1.125
333 13.4375 -1.3125
333.4375 14.1875 -1.375
333.9375 14.875 -1.4375
334.4375 15.5 -1.4375
335 16.1875 -1.5
335.625 16.875 -1.5625
336.1875 17.5 -1.625
336.75 18.125 -1.75
337.375 18.75 -1.9375
337.375 18.75 -1.9375
338 19.3125 -2.0625
338.5625 19.9375 -2
339.6875 20.9375 -1.875
340.3125 21.3125 -1.8125
340.875 21.6875 -1.8125
340.875 21.6875 -1.8125
342.0625 22.25 -1.875
342.0625 22.25 -1.875
343.3125 22.5625 -1.9375
343.3125 22.5625 -1.9375
344.625 22.625 -1.875
345.3125 22.625 -1.875
345.9375 22.625 -1.8125
346.625 22.625 -1.75
347.3125 22.6875 -1.6875
347.9375 22.6875 -1.5625
348.5625 22.6875 -1.4375
349.1875 22.6875 -1.3125
349.6875 22.6875 -1.125
350.25 22.625 -0.875
350.75 22.5625 -0.6875
351.25 22.375 -0.5625
351.8125 22.1875 -0.5625
352.375 21.9375 -0.5625
352.9375 21.75 -0.5
353.4375 21.625 -0.4375
353.9375 21.4375 -0.3125
354.3125 21.3125 -0.3125
354.625 21.125 -0.3125
355 20.9375 -0.375
355.3125 20.75 -0.4375
355.5625 20.5625 -0.4375
355.875 20.3125 -0.4375
356.1875 20.125 -0.375
356.5 19.9375 -0.375
356.75 19.75 -0.3125
357 19.5625 -0.3125
357.5 19.3125 -0.5
357.625 19.1875 -0.5625
357.8125 19.125 -0.6875
357.9375 19.0625 -0.6875
358.125 19 -0.6875
358.125 19 -0.6875
358.3125 18.9375 -0.75
358.5 18.875 -0.75
358.625 18.875 -0.75
358.8125 18.8125 -0.8125
358.9375 18.8125 -0.875
359 18.8125 -0.9375
359.0625 18.8125 -1.0625
359.125 18.75 -1.125
359.1875 18.75 -1.25
359.3125 18.6875 -1.5625
359.3125 18.6875 -1.5625
359.375 18.6875 -1.6875
359.375 18.6875 -1.8125
359.5 18.6875 -2.125
359.5 18.6875 -2.125
359.5625 18.6875 -2.25
359.625 18.6875 -2.375
359.6875 18.6875 -2.5625
359.75 18.6875 -2.75
359.8125 18.6875 -2.875
359.9375 18.625 -2.375
0.0625 18.625 -1.875
0.0625 18.5625 -2
0.0625 18.5625 -2.125
0.0625 18.5625 -2.25
0.0625 18.5625 -2.3125
0.0625 18.5 -2.4375
0.125 18.5 -2.5625
0.125 18.4375 -2.75
0.125 18.4375 -2.875
0.1875 18.4375 -3
0.1875 18.375 -3.0625
0.25 18.375 -3.1875
0.3125 18.375 -3.25
0.375 18.375 -3.3125
0.4375 18.375 -3.4375
0.5 18.375 -3.5
0.625 18.3125 -3.625
0.625 18.3125 -3.625
0.75 18.3125 -3.75
