0 0 0
-7.6875 -0.125 0
-7.375 -0.5625 -0.125
-6.9375 -1.0625 0.0625
-4.8125 -1.75 0.25
-5.3125 -0.875 1.0625
-8 0.3125 1.5
-10.5 1.0625 1.75
-9.8125 1.375 1.6875
-6.5 -0.3125 0.25
-6.0625 -0.5 -0.4375
-8.25 0.125 -0.4375
-10.75 1.0625 0.0625
-11.4375 1.8125 1.5625
-9.6875 1.1875 1.4375
-8.6875 0.5 1.4375
-9.1875 0.125 1.0625
-8.8125 -0.625 0.3125
-5.6875 0.0625 1
-8.375 1.3125 1.125
-9.875 2 1.9375
-9.3125 2.3125 2.875
-12.625 1.6875 3.25
-11.5625 0.875 3
-10.375 0.625 2.9375
-9.25 0.875 3.0625
-11.25 1.125 3
-13.5 0.75 3.25
-15.125 0.25 4.625
-16.375 -0.25 6.875
-18.5625 -1.125 8.1875
-27.3125 -2.125 7.0625
-42.3125 -4 5.75
-40.375 -7.9375 8.125
-41.375 -12 9.1875
-41.6875 -14.875 10.0625
-36.25 -17.5625 9.1875
-38.125 -19 5
-31.375 -21.25 0.3125
-26.25 -24.375 -6
-21.8125 -28 -12.375
-18.125 -30.625 -18.25
-16.5625 -32.5625 -24.4375
-14.8125 -33.5 -32
-14.375 -34.1875 -39.6875
-14.875 -33.75 -44
-15.8125 -32.1875 -45.0625
-18.6875 -30.75 -45.6875
-21.75 -28.6875 -45.1875
-17.1875 -27 -44.875
-10.3125 -25.125 -47.5625
-12.75 -22.5 -52.9375
-14.0625 -18.9375 -57.25
-13.1875 -15.8125 -61
-10.75 -11.4375 -64.5
-11.4375 -5.625 -69.125
-2.1875 0.0625 -73.625
6.8125 7.5 -77.5625
12.375 17.875 -81.5625
10 30.5 -84.4375
-0.625 44.3125 -84.625
-3.25 57.75 -78.75
-1.3125 67.8125 -70.875
-8.5625 75.75 -65
-19.8125 83.625 -58.375
-22.75 91.375 -48.5625
-4.0625 95.25 -38.875
3.0625 99.25 -33.3125
-0.3125 104.25 -31.25
1 106.625 -31.125
7 107.875 -28.8125
12.25 110.0625 -25.4375
13.0625 111.375 -23.0625
21.625 112 -17.9375
26.9375 114.8125 -13.875
15.375 119.1875 -14.1875
9.0625 126.3125 -11.4375
0.5 132.375 -6.3125
-5.9375 135.75 -0.5
-16.5625 134.5625 4.6875
-12.3125 127.625 12.3125
-2.1875 117.3125 19.375
2.4375 106.9375 23.125
5.5625 100.875 26.0625
1.375 102.5625 29.125
-4.9375 103.75 34.4375
10.5 100.5625 44.8125
18.1875 95.4375 54.5
10.5625 89.0625 61.6875
13.5625 80.25 70
16.125 73.625 75.875
5 66.8125 75.8125
9.875 55.1875 75.125
17.6875 51.1875 82.0625
19.4375 49.9375 90.25
20.5625 50.5 96.25
-11.9375 53.9375 99.875
-22 55.25 102.9375
-32.5625 53 105.625
-27.375 44.875 110.6875
-8.625 34.875 118.3125
-1.8125 25.75 123
16.4375 13.1875 126.25
28.1875 8.25 132.1875
18.9375 12 135.375
7.75 18.25 136.375
-12.875 22.3125 134.1875
-22.9375 14.625 131.0625
-32.25 10.8125 129.3125
-41.1875 6 123.5625
-47.125 0.0625 117.125
-51.875 -6.375 110.8125
-57 -12.5625 103.8125
-60.75 -19.875 99.375
-48.5625 -31 100.1875
-33.4375 -42.0625 102.5625
-28 -50.0625 100.4375
-30.8125 -53.75 93.6875
-34.0625 -54.375 85.4375
-34.375 -53.6875 78.375
-33.8125 -53.375 75.3125
-23.1875 -54.25 75.3125
-20.25 -54.6875 73.3125
-24.25 -55.375 68.5
-22.9375 -57.3125 63.375
-27 -58.4375 58
-34.3125 -60 52.625
-30.6875 -63.125 50.375
-23.875 -66.875 48.6875
-17.5625 -70.5625 45.1875
-18.5 -70.5625 40.875
-24.4375 -68.4375 37.3125
-29.4375 -67.125 33.25
-36.9375 -64.5 31.6875
-46.375 -62 32.375
-48.8125 -61.9375 31.875
-50 -62.75 29.1875
-44.875 -66.125 23.875
-37.25 -71.0625 16.625
-35.0625 -74.9375 9.6875
-42.375 -74.875 1.1875
-42.4375 -72.125 0.0625
-48 -67.9375 -1.1875
-57.1875 -63.625 -2.3125
-55.25 -63.0625 -2.875
-46.875 -65 -5.3125
-39.75 -67.6875 -11.3125
-31.125 -71.1875 -18.875
-20.3125 -74.5 -25.9375
-22.3125 -74.9375 -31.125
-33.875 -72.5 -33.9375
-42.375 -70.4375 -35.3125
-45.0625 -69.4375 -37.625
-41.0625 -69.875 -40.5625
-27.1875 -70.6875 -43
-20.125 -70.3125 -45.75
-17.6875 -69.75 -49.3125
-16.3125 -69.0625 -52.6875
-19.5 -68.25 -55.625
-20.75 -67.625 -57.0625
-23.5 -65.4375 -57.25
-33.625 -61.875 -58.0625
-37.875 -60.3125 -58.75
-29.9375 -59.125 -56.9375
-16.5 -57.875 -56.0625
-10.6875 -53.875 -57.375
-15.125 -47.25 -59
-19.8125 -40.125 -58.5625
-20.25 -34.4375 -57.4375
-23.3125 -29 -56.1875
-26.6875 -22.9375 -55.625
-26.375 -17.0625 -57.125
-25.25 -11.75 -60.3125
-25.5625 -6.1875 -63.1875
-26.1875 -0.5 -63.6875
-24.6875 2.1875 -63.875
-21.625 2.375 -64.1875
-21.5625 1.5 -65.1875
-20.75 0 -65.9375
-10.75 -0.5625 -62.0625
-9.125 1.625 -58.8125
-6 3.1875 -56.25
-0.9375 5.4375 -53
1.3125 10.4375 -50.5625
-10.125 18.0625 -51
-21.125 22.6875 -53.375
-18.5625 22.25 -55.0625
-15.8125 19.375 -55
-14.1875 17.125 -51.625
-10.6875 15.875 -45.1875
-9.1875 16.625 -38
-15.1875 18.3125 -33.4375
-18.4375 19.25 -31
-16.8125 20.125 -29.3125
-13.0625 21.6875 -27.375
-9.5 21.8125 -28.0625
-6.3125 22 -29.1875
-7.8125 21.75 -29.5
-7.8125 19.3125 -28.375
-8.5 16.5625 -25.375
-15.25 14.9375 -22.1875
-16.8125 12.75 -18.625
-14.4375 10.25 -16
-11.8125 8.3125 -14.75
-8.5625 7.0625 -14.5625
-7.25 6.875 -15.1875
-8.25 6.3125 -16.9375
-6.75 5.375 -17.125
-8.25 4.125 -15.875
-10.375 3.125 -14.1875
-11 1.625 -11.125
-9.625 0.6875 -7.25
-8.5625 1.375 -4.0625
-11.6875 2.4375 -3.25
-13.3125 2.75 -3.25
-14.875 2.5625 -3.375
-17.1875 1.4375 -3.8125
-17.4375 0.625 -2.8125
-15.5 -0.3125 -2.3125
-14.875 -0.25 -3
-14.125 -0.25 -3.3125
-14.0625 -0.1875 -3.125
-15.75 0.125 -3.0625
-18.125 0.75 -2.9375
-19.8125 0.9375 -2.875
-19 0.625 -2.25
-14.625 0.0625 -0.8125
-12.875 0.125 0.25
-12 0.6875 1.3125
-10.6875 1.0625 1.625
-10.875 1.6875 1
-11.1875 2.375 0.6875
-10.4375 2.5625 0.5625
-13.75 3.5 -0.125
-15.75 2.875 -0.25
-14.0625 2.3125 0.1875
-12.5 2.25 0
-9.875 2.25 -1
-10.25 2.125 -3.125
-11.125 1.125 -5.25
-10.875 0.125 -6.25
-10.6875 0.1875 -6.125
-8.9375 0.4375 -4.9375
-8.25 2.0625 -3.875
-9.3125 2.5625 -4.375
-8.5625 2.125 -4.875
-8.625 1.9375 -3.9375
