0 0 0
0 0 0
0 0 0
0 0 0
0 0 0
2.23 1.64 -1.23
2.24 1.6 -1.22
2.18 1.32 -0.77
-0.15 -0.26 -0.32
-0.17 -0.43 -0.2
-0.15 0.21 -0.76
-0.12 0.42 -0.78
-0.12 0.49 -0.77
-0.17 0.31 -0.38
-0.19 0.11 -0.17
-0.21 0.14 -0.21
-0.23 0.04 -0.21
-0.19 0.29 -0.41
-0.14 0.41 -0.64
-0.08 0.56 -0.71
-0.1 0.62 -0.57
-0.08 0.47 -0.42
-0.1 0.25 -0.07
-0.04 0.19 -0.15
0 0.36 -0.4
0.01 0.38 -0.28
0.02 0.58 -0.16
0.03 0.83 0.01
0.04 1.31 0.27
0 0.95 0.45
0.01 0.53 0.58
0 0.11 1.1
-0.03 0.95 2.07
0 0.65 2.23
0.04 0.17 2.06
0.04 0.17 2.06
0.02 -1.41 1.6
-0.12 -2.95 1.41
-0.1 -4.06 1.76
-0.2 -4.09 1.72
-0.23 -3.94 1.47
-0.33 -4.13 1.07
-0.58 -4.57 0.19
-0.72 -4.24 -0.18
-0.81 -3.21 -0.65
-0.93 -1.97 -1.06
-0.93 -1.97 -1.06
-1.21 -0.63 -1.59
-1.31 -0.72 -1.66
-1.44 -2.31 -2.14
-1.49 -2.69 -2.38
-1.6 -2.44 -2.59
-1.63 -2.31 -2.76
-1.77 -2.42 -3.56
-1.77 -2.67 -4.32
-1.86 -2.78 -4.81
-1.86 -2.78 -4.81
-2.01 -1.91 -8.07
-1.93 -1.22 -9.25
-1.95 -0.11 -9.86
-2.08 3.33 -9.3
-2.08 3.33 -9.3
-2.28 3.7 -7.88
-2.32 4.74 -7.11
-2.22 5.49 -6.55
-2.38 5.21 -5.56
-2.38 5.21 -5.56
-2.46 2.67 -4.41
-2.41 2.11 -3.66
-2.26 2.53 -3.24
-2.18 3.18 -2.95
-1.92 3.2 -2.7
-1.91 3.68 -2.64
-1.72 3.94 -3.34
-1.59 3.02 -4.29
-1.46 3.97 -4.63
-1.48 4.7 -4.04
-1.88 5.38 -1.39
-1.93 5.46 0.7
-1.9 5.88 2.57
-1.78 5.86 3.84
-1.4 5.02 4.26
-1.19 5.15 2.99
-0.95 5.65 1.28
-1.12 7.47 2.09
-1.15 8.8 3.31
-1.15 8.8 3.31
-0.94 8.28 4.76
-0.75 7.85 5.51
-0.53 6.83 4.93
-0.23 4.79 4.89
-0.34 5.81 4.44
0.01 7.09 3
0.17 7.25 2.16
0.14 7.15 1.34
0.18 4.99 0.41
-0.02 5.05 0.61
-0.3 4.74 2.93
-0.47 5.33 4.52
-0.63 5.55 5.21
-0.61 4.63 5.08
-0.79 3.28 6.48
-0.84 4.64 3.06
-0.74 3.82 0.67
-0.87 2.45 -0.69
-1.02 1.45 0.53
-1.14 1.18 2.12
-1.16 1.4 2.98
-0.96 0.33 3.1
-0.91 -0.78 3.35
-0.75 -1.4 4.06
-0.71 -1.28 4.07
-0.68 -0.57 4.63
-0.79 0.67 5.64
-0.9 0.73 5.59
-0.96 -0.62 4.43
-0.93 -1.86 2.93
-0.82 -2.67 0.78
-0.76 -1.94 0.32
-0.83 -0.83 0.56
-0.94 -0.07 0.75
-0.99 -0.8 0.52
-1.15 -1.3 0.65
-1.18 -1.42 0.83
-1.16 -1.39 0.78
-1.26 -1.03 1.22
-1.33 -0.45 1.62
-1.37 -0.31 1.75
-1.29 -1.17 0.88
-1.22 -1.21 -0.14
-1.2 -0.9 -0.86
-1.08 -0.44 -1.2
-0.97 0.51 -1.34
-1.02 0.81 -0.95
-1.09 0.41 -0.4
-1.23 -1.27 0.32
-1.34 -2.15 0.83
-1.43 -2.69 0.97
-1.37 -2.09 0.11
-1.31 -1.5 -0.68
-1.34 -0.95 -1.23
-0.98 -0.1 -2.48
-1.02 0 -2.01
-1.14 -0.13 -1.05
-1.27 -1.81 0.06
-1.32 -2.73 0.18
-1.42 -3.1 0.35
-1.36 -2.77 0.17
-1.08 -1.14 -1.29
-1.09 -0.33 -1.56
-1.1 0.1 -1.19
-1.18 -0.45 -0.56
-1.22 -0.59 -0.31
-1.27 -0.55 -0.4
-1.25 -0.65 -0.85
-1.18 -0.72 -1.14
-1.22 -0.58 -1.26
-1.18 -0.22 -1.4
-1.09 0.91 -1.84
-1.06 1.32 -2.32
-1.05 1.23 -2.41
-1.02 1.27 -2.09
-0.97 1.89 -2.08
-0.99 1.36 -2.63
-0.9 1.09 -3.59
-0.71 1.83 -4.72
-0.7 2.37 -4.41
-0.73 2.59 -4.2
-0.8 2.63 -4.21
-0.8 2 -4.43
-0.77 1.41 -4.4
-0.78 0.96 -4.26
-0.69 1.65 -3.93
-0.66 2.09 -3.31
-0.72 2.02 -2.37
-0.76 2.01 -1.56
-0.86 2.02 -0.94
-0.89 2.48 -0.83
-0.85 3.08 -1.13
-0.69 3.85 -2.29
-0.57 3.84 -2.67
-0.46 4 -3.16
-0.46 4 -3.16
-0.33 2.63 -4.78
-0.4 2.19 -3.58
-0.56 2.85 -1.12
-0.44 3.77 -0.75
-0.34 4.96 -0.75
-0.19 5.9 -1.08
-0.15 5.84 -1.8
-0.18 5.13 -1.76
-0.23 4.5 -1.65
-0.23 4.5 -1.65
-0.29 3.42 -1.43
-0.27 2.59 -1.12
-0.22 2.57 -1.03
-0.23 3.13 -0.1
-0.23 3.76 0.45
-0.21 4.29 0.46
-0.22 4.38 0.51
-0.2 4.06 0.64
-0.14 3.74 0.56
-0.13 3.27 0.45
-0.15 2.78 -0.08
-0.17 2.56 -0.15
-0.23 2.52 0.09
-0.33 3.57 0.35
-0.31 4.05 0.35
-0.32 4.3 0.39
-0.33 4.69 0.34
-0.28 4.79 -0.18
-0.23 4.4 -0.54
-0.27 3.8 -0.63
-0.35 3.35 -0.31
-0.33 3.17 -0.06
-0.35 3.27 0.1
-0.4 3.44 0.07
-0.35 2.89 -0.35
-0.38 2.85 -0.61
-0.44 2.91 -0.73
-0.49 3.07 -0.91
-0.5 3.15 -1.04
-0.54 3.14 -0.95
-0.55 3.12 -0.79
-0.61 3.39 -0.6
-0.6 3.46 -0.74
-0.59 3.28 -0.85
-0.57 2.86 -1.05
-0.55 2.53 -1.17
-0.53 2.45 -1.23
-0.52 2.45 -1.15
-0.48 2.39 -1
-0.49 2.36 -0.79
-0.49 2.52 -0.49
-0.46 2.42 -0.56
-0.48 2.18 -0.58
-0.46 1.89 -0.5
-0.47 1.67 -0.44
-0.44 2.03 -0.24
-0.43 2.48 -0.39
-0.42 2.86 -0.56
-0.39 3.26 -0.88
-0.41 2.98 -0.82
-0.41 2.68 -0.59
-0.4 2.83 -0.43
-0.34 3.47 -0.22
-0.33 3.44 -0.14
