0 0 0 0
0 0 0 0
0 0 0 0
0 0 0 0
0 0 0 0
1 -0.0037841797 -0.0004272461 0.00018310547
1 -0.0044555664 -0.0004272461 0.00030517578
1 -0.0053100586 -0.00036621094 0.0004272461
0.99072266 0.06628418 -0.11859131 -0.00018310547
0.9908447 0.06506348 -0.11853027 -0.00024414062
0.9908447 0.06451416 -0.11853027 -0.00030517578
0.99090576 0.06384277 -0.11853027 -0.00036621094
0.9909668 0.062927246 -0.11846924 -0.00048828125
0.9911499 0.06097412 -0.11816406 -0.00048828125
0.99121094 0.060180664 -0.11804199 -0.0004272461
0.99121094 0.059387207 -0.11804199 -0.00036621094
0.991272 0.058654785 -0.11804199 -0.0004272461
0.991333 0.05731201 -0.1182251 -0.00048828125
0.991333 0.05682373 -0.1182251 -0.00048828125
0.99139404 0.056152344 -0.11810303 -0.0004272461
0.9914551 0.05529785 -0.11791992 -0.00036621094
0.9915161 0.05444336 -0.11773682 -0.00018310547
0.9916992 0.0524292 -0.11743164 0.00012207031
0.99176025 0.0513916 -0.117370605 0.00024414062
0.9918213 0.050476074 -0.117370605 0.0004272461
0.9918823 0.049682617 -0.11730957 0.0005493164
0.9918823 0.048706055 -0.1171875 0.0007324219
0.9920044 0.047546387 -0.117126465 0.0008544922
0.9920044 0.04626465 -0.1171875 0.0010986328
0.99212646 0.044799805 -0.1171875 0.0015258789
0.99212646 0.043151855 -0.11730957 0.0020141602
0.99224854 0.040771484 -0.11755371 0.002319336
0.9923096 0.03717041 -0.11791992 0.002380371
0.9923706 0.033691406 -0.11859131 0.0026245117
0.9923706 0.030151367 -0.119628906 0.0029907227
0.9923096 0.026550293 -0.120910645 0.0033569336
0.9921875 0.0234375 -0.12243652 0.0037231445
0.9920654 0.020202637 -0.12402344 0.0037231445
0.9918823 0.017578125 -0.12585449 0.0033569336
0.9916382 0.0154418945 -0.12786865 0.0025024414
0.99139404 0.01373291 -0.13024902 0.0012207031
0.99108887 0.012451172 -0.13275146 -0.0005493164
0.99072266 0.011291504 -0.13543701 -0.0028076172
0.99035645 0.010437012 -0.13824463 -0.0057373047
0.9899292 0.009643555 -0.14105225 -0.009216309
0.98950195 0.008911133 -0.14385986 -0.013122559
0.9890137 0.008117676 -0.14648438 -0.017089844
0.9885864 0.007080078 -0.14898682 -0.0211792
0.9881592 0.00579834 -0.15130615 -0.025268555
0.98773193 0.0048217773 -0.15350342 -0.02923584
0.98724365 0.0045166016 -0.15557861 -0.033325195
0.9868164 0.0040893555 -0.15740967 -0.037902832
0.9863281 0.0036010742 -0.15887451 -0.042907715
0.9859009 0.0032958984 -0.16015625 -0.04815674
0.98547363 0.0032348633 -0.16101074 -0.053710938
0.9850464 0.0031738281 -0.16143799 -0.059631348
0.9846802 0.0040283203 -0.16137695 -0.06573486
0.98431396 0.0056762695 -0.1607666 -0.072143555
0.9840698 0.00793457 -0.1593628 -0.07873535
0.9838867 0.010070801 -0.15679932 -0.08557129
0.9838257 0.011474609 -0.15301514 -0.09259033
0.9838867 0.0126953125 -0.14813232 -0.099121094
0.98413086 0.014038086 -0.14239502 -0.10491943
0.98443604 0.014770508 -0.1359253 -0.11035156
0.9848633 0.014587402 -0.12872314 -0.115356445
0.98535156 0.014099121 -0.12084961 -0.119506836
0.9859009 0.015075684 -0.11279297 -0.122680664
0.9864502 0.016723633 -0.10455322 -0.12530518
0.9869995 0.018066406 -0.09576416 -0.12774658
0.9874878 0.019592285 -0.08685303 -0.13012695
0.98791504 0.02154541 -0.07788086 -0.13232422
0.98828125 0.023986816 -0.06878662 -0.13415527
0.9885864 0.026489258 -0.059570312 -0.13580322
0.98883057 0.029663086 -0.05041504 -0.13690186
0.9890747 0.03326416 -0.041137695 -0.13769531
0.9891968 0.036010742 -0.031311035 -0.13848877
0.98931885 0.038269043 -0.020812988 -0.13897705
0.9894409 0.039855957 -0.00970459 -0.13909912
0.98950195 0.04095459 0.0017089844 -0.13861084
0.98950195 0.041137695 0.013122559 -0.13775635
0.98950195 0.04156494 0.023864746 -0.1362915
0.9894409 0.042785645 0.03363037 -0.13421631
0.9893799 0.04425049 0.04248047 -0.13189697
0.9892578 0.045959473 0.050720215 -0.1293335
0.9890747 0.047302246 0.0592041 -0.12652588
0.9888916 0.04815674 0.06774902 -0.123168945
0.9887085 0.050354004 0.0758667 -0.11907959
0.9885254 0.05316162 0.08343506 -0.11425781
0.9884033 0.055358887 0.0904541 -0.10876465
0.9883423 0.057739258 0.09674072 -0.10266113
0.98828125 0.06036377 0.10235596 -0.096069336
0.9882202 0.06201172 0.10748291 -0.089416504
0.9882202 0.06390381 0.1116333 -0.08294678
0.9881592 0.06652832 0.115356445 -0.07598877
0.9880371 0.07232666 0.12243652 -0.0602417
0.98791504 0.073913574 0.12609863 -0.051818848
0.98779297 0.074157715 0.13006592 -0.043029785
0.9876709 0.07366943 0.13409424 -0.03387451
0.9874878 0.07232666 0.13793945 -0.024353027
0.9873047 0.07141113 0.14105225 -0.014526367
0.98706055 0.072143555 0.14324951 -0.004333496
0.9867554 0.07348633 0.14465332 0.0061035156
0.9863281 0.07635498 0.1449585 0.016479492
0.98583984 0.080322266 0.14483643 0.02722168
0.98516846 0.083496094 0.1449585 0.038330078
0.984375 0.085754395 0.14556885 0.049743652
0.98272705 0.08605957 0.14691162 0.0725708
0.98187256 0.085632324 0.14703369 0.08380127
0.98095703 0.08453369 0.14672852 0.09503174
0.9801636 0.08258057 0.14605713 0.105773926
0.9793701 0.080078125 0.14477539 0.11608887
0.9786377 0.07720947 0.14300537 0.12585449
0.97802734 0.073913574 0.14068604 0.13500977
0.977478 0.070251465 0.13769531 0.14379883
0.9768677 0.06781006 0.13391113 0.15246582
0.97613525 0.066711426 0.12945557 0.16107178
0.97540283 0.066223145 0.12438965 0.16937256
0.9747925 0.06542969 0.11895752 0.17706299
0.9741821 0.06427002 0.113464355 0.18414307
0.9736328 0.06304932 0.10809326 0.19067383
0.9730835 0.061767578 0.1027832 0.19683838
0.9723511 0.061462402 0.09753418 0.2029419
0.97161865 0.061340332 0.092285156 0.2088623
0.97094727 0.06085205 0.0869751 0.2144165
0.9703369 0.060424805 0.08148193 0.21948242
0.9697876 0.059692383 0.075927734 0.22406006
0.9692993 0.05834961 0.07006836 0.22833252
0.96881104 0.057373047 0.064086914 0.2322998
0.96832275 0.057006836 0.057861328 0.23608398
0.9678345 0.05718994 0.051574707 0.23950195
0.9674072 0.057250977 0.04522705 0.24261475
0.96698 0.05682373 0.03894043 0.24542236
0.96661377 0.055908203 0.03265381 0.2479248
0.9663086 0.05432129 0.026489258 0.25030518
0.9659424 0.051940918 0.020263672 0.25274658
0.96551514 0.049316406 0.014038086 0.25512695
0.9651489 0.04663086 0.007751465 0.25732422
0.96484375 0.044433594 0.0012817383 0.2590332
0.9645996 0.042907715 -0.005432129 0.26013184
0.96447754 0.04168701 -0.012329102 0.26062012
0.96435547 0.03857422 -0.026367188 0.26049805
0.96429443 0.03668213 -0.03314209 0.26013184
0.96429443 0.034301758 -0.039733887 0.2597046
0.9642334 0.03100586 -0.046203613 0.25909424
0.96417236 0.027893066 -0.05255127 0.2584839
0.9641113 0.025512695 -0.05883789 0.25769043
0.9640503 0.023803711 -0.06518555 0.2564087
0.9641113 0.022949219 -0.07159424 0.25457764
0.9642334 0.023010254 -0.078063965 0.25213623
0.9644165 0.023010254 -0.08459473 0.24932861
0.96466064 0.022033691 -0.09112549 0.24615479
0.9649048 0.020324707 -0.097717285 0.24279785
0.9651489 0.018371582 -0.10424805 0.23925781
0.96539307 0.016784668 -0.11071777 0.23547363
0.9656372 0.016357422 -0.11694336 0.23162842
0.9658203 0.016540527 -0.12298584 0.22753906
0.96606445 0.016967773 -0.12896729 0.2232666
0.9663086 0.01751709 -0.13482666 0.21868896
0.96655273 0.017822266 -0.14068604 0.21380615
0.96673584 0.018005371 -0.14648438 0.20880127
0.96698 0.017944336 -0.15216064 0.20373535
0.9672241 0.017028809 -0.15771484 0.1984253
0.9674072 0.015686035 -0.16314697 0.1930542
0.9675293 0.015014648 -0.168396 0.18786621
0.96759033 0.015380859 -0.17333984 0.1829834
0.96765137 0.016174316 -0.17779541 0.17810059
0.9678345 0.016540527 -0.18182373 0.17297363
0.9680786 0.016418457 -0.18530273 0.16778564
0.9683838 0.016113281 -0.18835449 0.16271973
0.96868896 0.01550293 -0.190979 0.15771484
0.9691162 0.014526367 -0.19311523 0.15270996
0.9696045 0.0134887695 -0.19476318 0.14758301
0.9701538 0.012573242 -0.19598389 0.14221191
0.9708252 0.01159668 -0.19671631 0.13659668
0.9715576 0.010498047 -0.19696045 0.13092041
0.97229004 0.009521484 -0.19702148 0.12524414
0.97302246 0.0087890625 -0.19696045 0.119628906
0.97369385 0.008056641 -0.19702148 0.1138916
0.97436523 0.007446289 -0.19720459 0.1081543
0.97546387 0.0076293945 -0.19744873 0.09729004
0.97595215 0.0078125 -0.19732666 0.09234619
0.9764404 0.008239746 -0.19708252 0.08758545
0.9769287 0.009033203 -0.19659424 0.08319092
0.977417 0.009887695 -0.19567871 0.07904053
0.9780884 0.009765625 -0.19421387 0.07470703
0.97875977 0.0087890625 -0.19238281 0.06994629
0.9794922 0.0079956055 -0.1906128 0.06512451
0.98010254 0.007446289 -0.18908691 0.060302734
0.9805908 0.007019043 -0.1876831 0.055786133
0.9810791 0.0067749023 -0.18640137 0.051879883
0.98150635 0.0065307617 -0.1850586 0.04864502
0.9819336 0.0057373047 -0.18353271 0.04559326
0.98236084 0.0045776367 -0.18200684 0.042785645
0.9827881 0.0036010742 -0.18035889 0.040100098
0.98321533 0.0028076172 -0.1786499 0.037597656
0.98358154 0.002380371 -0.17681885 0.03515625
0.9840088 0.0022583008 -0.1749878 0.032592773
0.98443604 0.001953125 -0.17321777 0.030029297
0.98480225 0.0017089844 -0.17163086 0.02758789
0.9850464 0.0012817383 -0.17028809 0.02532959
0.98535156 0.00030517578 -0.16906738 0.02331543
0.98553467 -0.0008544922 -0.16802979 0.021484375
0.9857178 -0.0018310547 -0.1671753 0.019958496
0.98583984 -0.0026245117 -0.1665039 0.018554688
0.9859619 -0.0031738281 -0.16595459 0.017211914
0.986084 -0.003540039 -0.16540527 0.01586914
0.98620605 -0.0040283203 -0.16485596 0.014343262
0.9862671 -0.004333496 -0.16442871 0.012817383
0.98638916 -0.0048217773 -0.16412354 0.011352539
0.98638916 -0.005493164 -0.1638794 0.010009766
0.9864502 -0.006286621 -0.16375732 0.008972168
0.9864502 -0.006958008 -0.16369629 0.008178711
0.9864502 -0.0076293945 -0.16357422 0.007751465
0.98651123 -0.008544922 -0.16339111 0.0073242188
0.98651123 -0.009643555 -0.16314697 0.0068359375
0.98657227 -0.010803223 -0.16296387 0.0063476562
0.98657227 -0.012207031 -0.1628418 0.00579834
0.98657227 -0.01361084 -0.16278076 0.0053100586
0.98651123 -0.014892578 -0.1628418 0.0048828125
0.98651123 -0.016052246 -0.1628418 0.0044555664
0.98651123 -0.017211914 -0.1628418 0.003967285
0.9864502 -0.018371582 -0.1628418 0.003540039
0.9864502 -0.019592285 -0.1628418 0.0030517578
0.9864502 -0.021057129 -0.16278076 0.0025634766
0.98638916 -0.022705078 -0.16271973 0.0020141602
0.98638916 -0.024230957 -0.16265869 0.0015869141
0.98657227 -0.020141602 -0.16223145 0.0004272461
0.98669434 -0.016235352 -0.16186523 -0.0005493164
0.98669434 -0.017211914 -0.1618042 -0.00061035156
0.98669434 -0.018127441 -0.16168213 -0.00061035156
0.98669434 -0.019042969 -0.16156006 -0.0006713867
0.98669434 -0.020019531 -0.16137695 -0.00079345703
0.98669434 -0.020874023 -0.16113281 -0.00091552734
0.9867554 -0.022033691 -0.16082764 -0.0010986328
0.9867554 -0.023376465 -0.1605835 -0.0013427734
0.9867554 -0.024536133 -0.16040039 -0.0015258789
0.9867554 -0.02557373 -0.16021729 -0.0017089844
0.9867554 -0.026367188 -0.16003418 -0.001953125
0.9867554 -0.02722168 -0.15985107 -0.002319336
0.9867554 -0.028076172 -0.15979004 -0.0029296875
0.98669434 -0.028869629 -0.15979004 -0.0036010742
0.98669434 -0.029663086 -0.15979004 -0.004272461
0.98669434 -0.030395508 -0.15979004 -0.0048217773
0.98669434 -0.03100586 -0.15960693 -0.0052490234
0.98669434 -0.03173828 -0.15942383 -0.0057373047
0.98669434 -0.032348633 -0.15924072 -0.006286621
0.98669434 -0.03302002 -0.15911865 -0.006713867
