0 0 0
0 0 0
0 0 0
0 0 0
0 0 0
0 0 0
359.875 0 -0.5
359.875 0 -0.6875
359.875 0 -0.75
359.875 0 -0.8125
359.875 0.0625 -0.875
359.875 0.0625 -1
359.875 0 -1.1875
359.8125 0 -1.3125
359.8125 0 -1.375
359.8125 0 -1.5625
359.8125 0 -1.6875
359.875 0 -1.75
359.875 0 -1.875
359.875 0 -1.9375
359.875 0 -2.1875
359.8125 0 -2.3125
359.8125 0 -2.375
359.8125 0 -2.5
359.8125 0 -2.625
359.75 0.0625 -2.75
359.75 0.125 -2.875
359.8125 0.125 -3.125
359.8125 0.1875 -3.5
0 0.5 -4.3125
0.0625 0.75 -4.5625
0.1875 1 -4.75
0.375 1.25 -5.0625
0.375 1.25 -5.0625
1.0625 1.6875 -6.0625
1.0625 1.6875 -6.0625
2.0625 2.0625 -7.25
2.0625 2.0625 -7.25
3.3125 2.4375 -8.375
3.9375 2.625 -8.8125
4.625 2.6875 -9.3125
4.625 2.6875 -9.3125
6.125 2.625 -10.25
6.125 2.625 -10.25
6.875 2.5 -10.6875
7.625 2.25 -11.125
9.125 1.625 -11.8125
9.125 1.625 -11.8125
10.4375 0.5 -12.4375
10.4375 0.5 -12.4375
11.625 -1 -13.0625
12.0625 -1.9375 -13.3125
12.4375 -3.0625 -13.6875
12.625 -4.25 -14
12.75 -5.5625 -14.3125
12.75 -5.5625 -14.3125
12.9375 -8.3125 -15
13 -9.625 -15.1875
13 -10.9375 -15.1875
13 -10.9375 -15.1875
13 -12.1875 -15.125
13 -13.4375 -15.25
12.8125 -15.9375 -15.75
12.8125 -15.9375 -15.75
12.5625 -18.25 -15.8125
12.5625 -18.25 -15.8125
12.375 -19.375 -15.75
12.125 -20.5625 -15.625
11.75 -21.6875 -15.4375
11.3125 -22.8125 -15.25
10.8125 -23.875 -15.125
10.3125 -24.9375 -14.8125
9.6875 -25.9375 -14.3125
9 -26.875 -13.625
8.1875 -27.9375 -13.0625
7.375 -29 -12.375
6.375 -30 -11.8125
5.3125 -31.125 -11.25
4.125 -32.1875 -10.5
2.9375 -33.25 -9.75
1.625 -34.3125 -8.9375
0.1875 -35.4375 -8.25
358.75 -36.625 -7.6875
357.1875 -37.75 -7.25
355.75 -38.625 -6.5
354.25 -39.25 -5.5
352.75 -39.75 -4.125
351.125 -40.125 -2.375
349.3125 -40.4375 -0.6875
347.375 -40.8125 0.375
345.4375 -41.0625 1.125
343.5625 -41.1875 1.875
340.1875 -41 3.25
340.1875 -41 3.25
338.5625 -40.75 3.625
337.0625 -40.375 3.9375
335.5625 -39.8125 4.125
334.1875 -39.1875 4.125
332.875 -38.4375 4.25
331.625 -37.625 4.375
330.375 -36.6875 4.4375
329.1875 -35.6875 4.4375
328.0625 -34.5625 4.4375
327.0625 -33.3125 4.5625
326.125 -31.9375 4.75
325.375 -30.625 4.875
324.6875 -29.25 4.8125
324.0625 -27.875 4.75
323.5 -26.5625 4.625
323 -25.25 4.5625
323 -25.25 4.5625
322.625 -23.875 4.375
322.3125 -22.5625 4.0625
322.0625 -21.1875 3.9375
321.875 -19.8125 3.875
321.6875 -18.5 3.6875
321.5625 -17.1875 3.5
321.5 -15.9375 3.375
321.5 -14.6875 3.125
321.5 -13.5625 2.875
321.625 -11.3125 1.875
321.625 -11.3125 1.875
321.75 -10.1875 1.4375
321.875 -9 1.125
322 -7.9375 0.9375
322.125 -6.875 0.5625
322.375 -5.9375 0.0625
322.625 -5 -0.375
322.9375 -4.125 -0.8125
323.25 -3.3125 -1.125
323.5625 -2.4375 -1.3125
323.9375 -1.5625 -1.5625
324.375 -0.625 -1.8125
325.3125 1.0625 -1.875
325.875 1.875 -1.9375
325.875 1.875 -1.9375
326.375 2.625 -2.125
327.5625 3.9375 -2.875
328.25 4.625 -3.1875
328.9375 5.3125 -3.4375
329.75 6.0625 -3.625
330.5625 6.75 -3.875
331.5 7.375 -4
332.5625 8 -4.1875
333.6875 8.5625 -4.3125
334.875 9.125 -4.25
336.0625 9.625 -4.1875
337.375 10.0625 -4.0625
338.75 10.5 -3.9375
340.0625 10.8125 -3.75
341.4375 11.125 -3.625
342.8125 11.4375 -3.5
344.1875 11.6875 -3.3125
345.5625 11.875 -3.125
346.875 11.9375 -2.875
348.1875 12 -2.6875
349.5 11.9375 -2.5
350.75 11.875 -2.3125
352.0625 11.6875 -2.125
354.625 11.3125 -1.5625
354.625 11.3125 -1.5625
355.75 11.125 -1.125
356.8125 10.875 -0.6875
357.75 10.625 -0.375
358.5 10.25 -0.25
359.125 10 -0.3125
0.125 9.5625 -0.5
0.5625 9.4375 -0.6875
0.875 9.3125 -0.875
1.1875 9.125 -1.1875
1.4375 9 -1.5
1.5625 8.8125 -1.75
1.875 8.5 -2.1875
1.875 8.5 -2.1875
2.125 8.25 -2.375
2.1875 8.1875 -2.25
2.3125 8.1875 -2.1875
2.4375 8.1875 -2.0625
2.5 8.1875 -2
2.4375 8.125 -2
2.4375 8.0625 -2.1875
2.4375 7.9375 -2.375
2.5 7.875 -2.5
2.5625 7.75 -2.625
2.625 7.6875 -2.6875
2.625 7.625 -2.6875
2.6875 7.5 -2.8125
2.6875 7.4375 -2.9375
2.625 7.3125 -3
2.625 7.1875 -3.0625
2.625 7 -3.1875
2.5625 6.6875 -3.4375
2.5625 6.5625 -3.5625
2.5 6.5 -3.625
2.5 6.4375 -3.6875
2.4375 6.4375 -3.75
2.375 6.375 -3.8125
2.125 6.1875 -4.0625
2.125 6.1875 -4.0625
2 6 -4.4375
1.9375 5.9375 -4.5625
1.875 5.875 -4.6875
1.8125 5.8125 -4.75
1.6875 5.8125 -4.875
1.5625 5.8125 -4.9375
1.4375 5.8125 -5.0625
1.3125 5.8125 -5.1875
1.1875 5.8125 -5.3125
1.0625 5.875 -5.4375
1 5.8125 -5.5625
0.875 5.8125 -5.625
0.875 5.75 -5.75
0.875 5.6875 -5.875
0.875 5.6875 -6.0625
0.875 5.625 -6.1875
0.875 5.625 -6.3125
0.875 5.625 -6.375
0.875 5.625 -6.5
0.8125 5.625 -6.625
0.8125 5.5625 -6.75
0.8125 5.5625 -6.8125
0.8125 5.5625 -6.9375
0.8125 5.5 -7.0625
