0 0 0
-8.3125 -0.125 1.3125
-7.75 -0.4375 3.6875
-6.4375 -0.4375 3.5
-6.75 0 2.0625
-8.6875 0.4375 -0.1875
-9.9375 -0.1875 -1.5
-7.375 -1.25 -0.625
-5 -2.25 0
-6.6875 -1.8125 -0.125
-8.0625 -0.8125 0.5
-9.125 0.75 0.9375
-9.6875 1.25 1.4375
-11.6875 1.125 0.6875
-10.5625 0.8125 0.8125
-9.125 0.5625 0.25
-8.75 0.125 -1.0625
-9.4375 1.0625 -1
-11.3125 1.6875 -0.125
-13.375 2.1875 0.625
-11.5 1.1875 0.875
-10.1875 0.125 0.875
-11.25 -1.5625 1.0625
-11.4375 -3 1.6875
-10.625 -3.8125 2.3125
-16.4375 -4.4375 0.5625
-24.875 -4.6875 -2.0625
-38.4375 -6.4375 -5.625
-44.75 -11.8125 -9.125
-38.4375 -18.4375 -9.375
-26.625 -23.75 -9
-18.1875 -26.1875 -11.5625
-31.5 -24.3125 -20.6875
-48.75 -20.5 -31.8125
-56.4375 -17.4375 -40.5
-62.75 -14.8125 -47.3125
-63.3125 -13 -53.5
-64.25 -11.5 -60.25
-58.6875 -9.5 -65.0625
-51.25 -4.25 -67.5
-50.375 3.4375 -69.6875
-51.6875 11.3125 -72.4375
-51 19.4375 -74.125
-51.9375 28.5625 -74.6875
-49 36.6875 -74
-42.5625 44.9375 -72.3125
-33.25 53.75 -67.875
-29.1875 65.375 -63.25
-38.25 77.6875 -61.8125
-38 87.9375 -56.625
-25.3125 98.6875 -44.9375
-27.1875 110.375 -32.375
-32.75 120.5 -20.8125
-29.9375 129.5625 -8.6875
-32.375 140.125 2.25
-34.875 145.5625 8.4375
-27.625 144.375 10.125
-14.4375 138.875 11.125
5.9375 132.5625 14.375
6.6875 129.375 17.6875
-7.0625 128.8125 20
-22.375 129.625 22.25
-25.9375 126.25 22.8125
-6 118.625 24.9375
5.5625 114.75 29.125
3.75 114.125 36.5
5.125 111.1875 45.0625
11.9375 106.875 53.5625
5.5625 104.25 59.5625
0.25 98.25 63.1875
11.5625 91.125 69.1875
29.6875 84.6875 78.6875
33 83.625 89.6875
24.375 85.75 97
23.1875 87.375 103.0625
6.9375 87.9375 109.6875
1.9375 87.8125 119.5
6.25 87.6875 130.875
4.75 87.1875 135.8125
-4.3125 90.5 140.9375
-15.4375 96.5 146
-41.125 101.625 145.625
-53.6875 96.625 146.4375
-29.3125 72.5625 144.5
-10.625 52.125 149.375
13.1875 35.5625 161.9375
32.375 27.4375 179.5625
13.0625 31.375 192.0625
-45.0625 36.0625 186.875
-75.625 29 173.1875
-66.5 16.0625 164.25
-58.3125 3.8125 157.25
-68.4375 -6.75 148.3125
-77.1875 -19.3125 138.375
-74.5 -32.5625 129.5625
-84.375 -44.125 120.9375
-87.1875 -56.875 115.1875
-73.75 -68.6875 112.625
-66.1875 -79 109.25
-69.875 -87.4375 105.4375
-73.6875 -97.0625 102.5625
-63.75 -109.0625 100.75
-45 -122.0625 96.1875
-28.375 -131.5625 88.8125
-28.375 -131.5625 88.8125
-29.0625 -135.125 77.625
-34.3125 -135 67.375
-35.6875 -134.5 59.875
-33.4375 -134.125 53.9375
-26.875 -134.5625 47.8125
-31.8125 -134.625 38.25
-31.8125 -134.625 38.25
-36.5625 -136.1875 29.5
-15.375 -139.125 22.75
-21.125 -136.5 17.9375
-19.125 -133.9375 14.5625
-19.125 -133.9375 14.5625
-20.5 -126.5 3.375
-25.625 -121.4375 -1.625
-45.5 -116.875 -7
-51.3125 -115.8125 -11.6875
-42.375 -117.625 -13.75
-27.1875 -117.625 -13.5625
-21.25 -113.9375 -13.6875
-34.5 -106.6875 -18.1875
-49.9375 -99.5625 -25
-47.3125 -94 -29.875
-41.3125 -89.3125 -32.5
-29.75 -87.9375 -33.6875
-16.9375 -89.5 -36.1875
-24.625 -89.75 -42
-23.6875 -90.5 -47.5
-8.625 -90.6875 -49.0625
-2.3125 -88.25 -50.6875
-6.5 -82.625 -53.5625
-23.625 -74.375 -57.125
-38.75 -68 -60.375
-40.3125 -66.625 -63.5625
-32.625 -68.125 -73.625
-31.3125 -67.4375 -81.6875
-31.3125 -67.4375 -81.6875
-30.1875 -61.375 -97.75
-31.3125 -56.8125 -107.4375
-25.625 -51.6875 -115.25
-16.75 -46.875 -121.8125
-11.375 -42 -128.6875
-10.9375 -36.5625 -135
-11.375 -31.4375 -138.8125
-8.5 -27.875 -139.3125
-11.75 -24.0625 -139
-13.5 -20 -139.6875
-10.125 -15.9375 -141.0625
-11.25 -11.1875 -141.25
-3.4375 -4.0625 -136.9375
-7.875 4.1875 -134.1875
-9.75 10 -132.625
-9.875 14.875 -131.375
-6.5625 19.9375 -131.3125
-1.125 23.375 -133.1875
7.3125 24.375 -131.375
21.0625 25 -122.25
23.125 26.5 -110.375
11.3125 30.5625 -94.9375
-3.4375 33.0625 -79
-14.375 30.0625 -65.625
-15.5 24.5 -54.4375
-27.5 15.625 -39.8125
-26.125 14.5 -32.0625
-34.75 16.1875 -26.625
-33 17.4375 -20.75
-27.5 17.5625 -16.3125
-28.3125 16.75 -13.8125
-23.375 15.5625 -10.9375
-18.5625 13.8125 -10.5
-2.6875 10.25 -10.8125
7 6.4375 -11.25
10.3125 2.125 -11.8125
6.25 -0.625 -6.3125
2.375 1.8125 -0.625
-5.75 5.625 3.375
-13.6875 9.125 3.1875
-18.75 10.5625 -0.25
-15.875 10.0625 -3.25
-11.4375 9 -4.5
-3.875 6.625 -3.75
-5.8125 6.5 -2.3125
-8.5 7.125 -0.3125
-9.375 8.4375 1.5
-4.75 10.5 3.25
-14.125 16.75 3.25
-15.5 16.75 3.3125
-12.1875 14.75 3.1875
-8.375 11.3125 2.75
-4.75 7.6875 1.9375
-6.4375 5.125 2.625
-8.875 4.1875 5.5
-7.6875 6 12.25
-13.375 8.625 11.75
-17.75 9.75 9.25
-17.6875 9.625 7.75
-13.4375 7.75 7.6875
-9.4375 5.3125 8.125
-7.4375 1.1875 10.75
-8.5 -0.1875 13.0625
-8.5 -0.1875 13.0625
-11.0625 -2.5625 15.3125
-13.4375 -3.0625 13.6875
-13.0625 -2.0625 11.4375
-9.75 -0.4375 9.5625
-6.875 2.125 7.5
-11.375 4.5 4.1875
-15.25 5.75 1.9375
-14.25 4.375 0.3125
-13.1875 2.4375 -0.9375
-11.4375 1.375 0.1875
-8.875 0.375 2.25
-11.6875 0.375 2.9375
-13.8125 0.9375 2.8125
-9.875 1.4375 3.375
-9.125 1.8125 2.1875
-11.8125 2.4375 0.4375
-11.6875 2.9375 0.0625
-9.9375 2.125 -0.75
