0 0 0
0 0 0
0 0 0
0 0 0
0 0 0
0 0 0
2.55 1.58 -0.45
2.5 1.54 -0.61
2.51 1.51 -0.91
2.51 1.63 -1.28
2.52 1.64 -1.33
2.5 1.62 -1.3
2.51 1.36 -0.93
2.55 1.39 -0.9
2.5 1.33 -0.84
2.52 1.19 -0.86
2.54 1.53 -1.04
2.54 1.99 -1.1
2.56 1.99 -0.93
2.51 1.78 -0.5
2.52 1.76 -0.25
2.53 1.87 -0.04
2.52 1.95 -0.1
2.53 1.84 -0.2
2.55 1.22 -0.51
2.54 0.88 -0.57
2.53 0.09 0
2.54 -0.3 1.74
2.65 0 1.85
2.71 -0.06 1.43
2.72 -2.37 -0.9
2.7 -3.81 -2.16
2.55 -4.31 -2.72
2.38 -3.98 -2.85
2.02 -3.03 -2.53
1.75 -2.91 -2.24
1.56 -2.76 -2.18
1.28 -1.53 -3.09
1.15 -0.7 -4.02
1.08 -0.32 -4.83
0.98 -0.24 -5.15
0.75 0.58 -5.53
0.7 1.09 -5.71
0.63 1.58 -5.65
0.48 2.78 -5.82
0.34 3.71 -6.29
0.34 3.98 -7.05
0.47 3.65 -7.59
0.3 5.99 -6.9
0.33 7.76 -6.97
0.3 8.41 -6.78
0.29 8.58 -6.4
-0.02 8.41 -5.67
-0.12 7.69 -5.46
-0.19 6.11 -4.08
-0.37 3.52 -0.6
-0.15 3.44 0.52
0.18 4.12 0.88
0.5 5.04 -0.02
0.69 5 -0.24
0.78 4.88 -0.08
0.85 4.51 1
0.66 5.57 2.76
0.88 6.77 2.11
0.98 8.14 1.67
1.02 9.03 2.11
0.91 9.33 3.13
0.9 8.71 3.28
0.85 8.01 4.29
0.75 9.05 4.95
0.78 10.07 4.46
1.05 10.89 3.05
1.06 10.09 1.9
1.08 9.43 1.47
1.13 9.74 2.01
1.04 10.05 2.26
0.9 9.64 2.38
0.92 7.68 2.05
1.05 7.32 0.98
0.93 7.56 0.05
0.93 7.56 0.05
0.72 4.07 5.27
0.4 2.88 10.61
0.73 6.96 10.76
0.65 8.88 9.6
0.56 10.06 7.28
0.24 9.1 4.65
0.1 0.57 3.46
-0.05 -1.73 5.8
-0.06 -1.63 7.43
0.28 -1.6 7.97
0.48 -2.11 8
0.59 -2.38 8.42
0.59 -2.5 8.58
0.82 -1.88 8.1
0.73 -1.22 8.18
0.73 -0.6 7.8
0.65 -0.9 7.05
0.5 -0.95 6.87
0.36 -0.87 7.22
0.22 -0.96 7.67
-0.03 -3.07 7.54
-0.09 -4.12 6.01
-0.12 -4.99 4.29
-0.12 -4.99 4.29
0.21 -4.11 2.34
0.19 -3.47 2.08
0.15 -3.11 1.88
0.09 -3.14 1.87
0.33 -4.13 1.6
0.33 -4.13 1.6
0.27 -3.48 1.94
0.15 -2.25 1.83
0.38 -2.35 0.25
0.47 -2.25 -0.52
0.41 -2.17 -0.82
0.41 -2.43 -1.3
0.61 -2.29 -2.19
0.71 -2.01 -1.92
0.62 -1.55 -0.49
0.5 -1.1 -0.21
0.54 -0.68 -0.84
0.65 -0.56 -2.17
1.08 -1.98 -4.03
1.11 -2.46 -3.95
1.13 -2.24 -3.75
1.28 -1.59 -2.8
1.16 -1.5 -1.78
1.08 -1.85 -1.31
1.12 -2.51 -1.38
1.09 -2.09 -1.57
1.18 -1.34 -2.18
1.23 -1.26 -2.97
1.54 -1.27 -4.86
1.58 -1.06 -5.06
1.47 -1.07 -4.28
1.32 -1.14 -3.07
1.2 -1.92 -1.82
1.11 -2.78 -2.14
1.08 -3.23 -2.87
1.1 -3.08 -3.86
0.82 -3.52 -4.67
0.67 -2.99 -4.89
0.5 -2.28 -5.27
0.44 -2.15 -5.44
0.4 -1.54 -5.69
0.41 0.4 -5.29
0.43 1.52 -5.05
0.47 1.77 -5.08
0.38 1.58 -4.99
0.54 1.83 -5.48
0.59 2.73 -5.58
0.78 3.92 -5.99
0.96 3.57 -5.61
0.9 3.46 -4.86
0.87 3.33 -4.45
0.83 3.01 -4.18
0.67 3.1 -3.12
0.73 5.07 -2.51
0.8 7.4 -2.4
1.12 10.47 -2.95
1.23 11.55 -2.88
1.21 11.57 -1.95
1.15 10.79 -0.47
1.13 9.14 0.61
1.27 8.26 0.38
1.61 7.79 -1.6
1.72 7.42 -1.76
1.77 7.29 -1.56
1.82 6.93 -1.3
1.85 6.1 -0.48
1.91 5.91 -0.57
1.96 5.05 -0.4
1.89 4.54 -0.06
1.88 4.69 0
1.95 4.86 -0.14
2.05 5.47 -0.66
2.22 7.07 -2.39
2.25 7.02 -3.24
2.09 3.72 -3.27
2.01 3.19 -2.66
1.92 3.29 -2.21
1.94 3.75 -2.02
1.88 4.43 -1.74
1.93 4.73 -1.88
1.97 5.07 -2.39
2.01 4.98 -2.48
2.02 4.66 -2.7
2.03 4.28 -2.87
1.96 4.1 -1.85
1.87 3.87 -0.19
1.77 3.68 0.45
1.77 3.97 0.39
1.8 4.65 0.1
1.86 5.29 -0.16
1.88 5.41 -0.88
1.86 3.82 -1.45
1.76 3.16 -0.62
1.75 3.48 -0.12
1.74 3.76 0.23
1.75 3.95 0.33
1.78 4.36 0.07
1.78 4.68 -0.09
1.78 4.73 -0.41
1.84 4.03 -0.7
1.8 2.8 -1.36
1.82 2.62 -1.78
1.88 2.61 -2.26
1.88 2.55 -2.37
1.88 2.47 -2.15
1.77 2.95 -1.13
1.76 3.08 -0.63
1.82 3.61 -0.54
1.86 4.27 -0.62
1.85 4.43 -0.91
1.88 4.16 -1.11
1.9 4.05 -1.22
1.98 3.62 -1.35
2.05 3.39 -1.37
2.06 3.51 -1.22
2.08 3.78 -1.08
2.05 3.62 -0.69
2.07 3.68 -0.73
