0 0 0 0
0 0 0 0
0 0 0 0
0 0 0 0
0 0 0 0
1 -0.0048217773 0 0.0008544922
1 -0.0056762695 0 0.0007324219
1 -0.0067749023 -0.00030517578 0.0007324219
1 -0.0072021484 -0.00048828125 0.0007324219
0.99993896 -0.007751465 -0.00061035156 0.0007324219
0.99993896 -0.008422852 -0.0007324219 0.0007324219
0.99993896 -0.009887695 -0.0006713867 0.0008544922
0.99993896 -0.010681152 -0.0005493164 0.0009765625
0.99993896 -0.012512207 -0.00036621094 0.001159668
0.99993896 -0.013427734 -0.00030517578 0.0012207031
0.9998779 -0.014160156 -0.00030517578 0.0012207031
0.9998779 -0.015563965 -0.00030517578 0.0010375977
0.9998779 -0.016357422 -0.00018310547 0.00091552734
0.9998779 -0.017333984 -0.000061035156 0.00091552734
0.9998169 -0.018493652 0.00012207031 0.0009765625
0.9998169 -0.019470215 0.00024414062 0.0010375977
0.9998169 -0.020324707 0.00024414062 0.001159668
0.99975586 -0.021240234 0.00012207031 0.0012207031
0.99975586 -0.022216797 -0.00018310547 0.0014038086
0.99975586 -0.023132324 -0.00048828125 0.0015869141
0.9996948 -0.02545166 -0.0012207031 0.0017700195
0.9996338 -0.02758789 -0.0016479492 0.0015869141
0.9995117 -0.030822754 -0.0021972656 0.0010986328
0.99938965 -0.034606934 -0.0032348633 0.00036621094
0.9992676 -0.037841797 -0.0048217773 -0.00036621094
0.9991455 -0.040100098 -0.0068359375 -0.0010375977
0.9990845 -0.041625977 -0.009094238 -0.001953125
0.9989624 -0.04425049 -0.011230469 -0.0036621094
0.99871826 -0.048339844 -0.013061523 -0.006286621
0.9984131 -0.053100586 -0.014709473 -0.00970459
0.9980469 -0.05834961 -0.016113281 -0.01373291
0.99768066 -0.06359863 -0.01739502 -0.018249512
0.9971924 -0.06896973 -0.018554688 -0.023376465
0.99664307 -0.073791504 -0.01965332 -0.028869629
0.9961548 -0.07800293 -0.020324707 -0.03466797
0.99560547 -0.08215332 -0.020324707 -0.04058838
0.9949951 -0.08630371 -0.019714355 -0.046875
0.99432373 -0.09039307 -0.018371582 -0.053344727
0.9935913 -0.09454346 -0.016357422 -0.05987549
0.9928589 -0.09832764 -0.01361084 -0.066467285
0.99212646 -0.1015625 -0.010192871 -0.07293701
0.99139404 -0.10394287 -0.0060424805 -0.0791626
0.99072266 -0.10595703 -0.00091552734 -0.08502197
0.9899292 -0.10858154 0.0053100586 -0.09088135
0.9890137 -0.111083984 0.012390137 -0.09643555
0.98828125 -0.11248779 0.020446777 -0.10107422
0.9874878 -0.11383057 0.02960205 -0.10479736
0.9866333 -0.11553955 0.039733887 -0.10760498
0.9857788 -0.116882324 0.050720215 -0.109436035
0.98480225 -0.11828613 0.062683105 -0.11053467
0.9837036 -0.11975098 0.07519531 -0.111083984
0.98254395 -0.120666504 0.08758545 -0.11151123
0.9813843 -0.12042236 0.0993042 -0.11187744
0.9804077 -0.11859131 0.1104126 -0.11206055
0.9793701 -0.11663818 0.12121582 -0.11193848
0.9780884 -0.11578369 0.13214111 -0.11151123
0.97662354 -0.1161499 0.14324951 -0.11065674
0.9749756 -0.11682129 0.1541748 -0.109680176
0.97351074 -0.11590576 0.1642456 -0.10870361
0.972229 -0.11395264 0.17388916 -0.107543945
0.97088623 -0.11206055 0.18353271 -0.105651855
0.96954346 -0.10998535 0.1930542 -0.10308838
0.96832275 -0.107177734 0.20220947 -0.09991455
0.967041 -0.10479736 0.21118164 -0.096069336
0.9657593 -0.10284424 0.2197876 -0.091796875
0.96466064 -0.09991455 0.22772217 -0.08709717
0.96380615 -0.095336914 0.23504639 -0.081970215
0.9630127 -0.09033203 0.24230957 -0.07598877
0.9619751 -0.085754395 0.24987793 -0.0692749
0.9608154 -0.08117676 0.25756836 -0.06201172
0.95947266 -0.07775879 0.2654419 -0.053833008
0.9580078 -0.074523926 0.27331543 -0.044799805
0.9564209 -0.07067871 0.28118896 -0.03491211
0.9547119 -0.06677246 0.28900146 -0.024536133
0.9526367 -0.0635376 0.2970581 -0.01361084
0.9501953 -0.06097412 0.30560303 -0.001953125
0.9472656 -0.06048584 0.31445312 0.010253906
0.94421387 -0.06097412 0.32287598 0.022888184
0.9417114 -0.059509277 0.32928467 0.034851074
0.93969727 -0.05633545 0.33416748 0.04675293
0.9379883 -0.050842285 0.33776855 0.05908203
0.93634033 -0.043273926 0.3408203 0.072265625
0.9342041 -0.03692627 0.34405518 0.0869751
0.93151855 -0.03527832 0.34710693 0.10290527
0.928772 -0.03643799 0.34918213 0.118652344
0.9263916 -0.036987305 0.35028076 0.13342285
0.92419434 -0.03692627 0.3503418 0.1473999
0.9222412 -0.03778076 0.34942627 0.16101074
0.92059326 -0.03942871 0.347229 0.1741333
0.91937256 -0.04095459 0.34399414 0.1864624
0.91833496 -0.043273926 0.33966064 0.19848633
0.9176636 -0.045776367 0.33416748 0.21008301
0.9172363 -0.04711914 0.3279419 0.2211914
0.9170532 -0.047729492 0.3209839 0.23175049
0.9169922 -0.048583984 0.31323242 0.24212646
0.9170532 -0.049560547 0.30462646 0.2524414
0.9173584 -0.049621582 0.29522705 0.2623291
0.9180298 -0.047973633 0.2850952 0.2713623
0.9189453 -0.045043945 0.27459717 0.27947998
0.92004395 -0.042297363 0.26367188 0.2866211
0.92004395 -0.042297363 0.26367188 0.2866211
0.92126465 -0.040161133 0.25256348 0.29309082
0.9224243 -0.038330078 0.24139404 0.2989502
0.923645 -0.03643799 0.23028564 0.30426025
0.9248657 -0.034179688 0.21923828 0.30889893
0.9262085 -0.032409668 0.20794678 0.3128662
0.9262085 -0.032409668 0.20794678 0.3128662
0.9276123 -0.031188965 0.19641113 0.3161621
0.930542 -0.025817871 0.17370605 0.32122803
0.9319458 -0.023498535 0.16241455 0.3232422
0.9332886 -0.0211792 0.15136719 0.32489014
0.93463135 -0.018798828 0.140625 0.32611084
0.9359741 -0.016845703 0.13006592 0.32678223
0.93725586 -0.015563965 0.11975098 0.3270874
0.93847656 -0.015991211 0.10925293 0.32714844
0.9397583 -0.016967773 0.09863281 0.32684326
0.94104004 -0.017211914 0.08807373 0.3262329
0.9421997 -0.016235352 0.077941895 0.3255005
0.9432373 -0.014892578 0.06829834 0.32470703
0.9442749 -0.014831543 0.058776855 0.32354736
0.9453125 -0.016235352 0.049438477 0.3218994
0.94641113 -0.017578125 0.04058838 0.31982422
0.94750977 -0.018554688 0.032287598 0.31750488
0.9486084 -0.018676758 0.024414062 0.31500244
0.94970703 -0.017700195 0.016723633 0.31225586
0.9508667 -0.01739502 0.0087890625 0.30908203
0.9520874 -0.016967773 0.0008544922 0.3053589
0.9533081 -0.015319824 -0.006713867 0.3015747
0.9545288 -0.013244629 -0.013977051 0.2975464
0.9556885 -0.01159668 -0.020874023 0.29333496
0.9569702 -0.01159668 -0.027526855 0.28875732
0.9581909 -0.012939453 -0.033996582 0.28381348
0.96069336 -0.015625 -0.046875 0.27313232
0.96203613 -0.016418457 -0.053222656 0.26708984
0.963501 -0.017028809 -0.059509277 0.260437
0.96502686 -0.017578125 -0.06555176 0.2531128
0.9666748 -0.018188477 -0.0713501 0.24505615
0.96850586 -0.018920898 -0.07678223 0.23620605
0.9703369 -0.019226074 -0.081726074 0.22668457
0.97229004 -0.018859863 -0.08605957 0.21661377
0.97424316 -0.018127441 -0.089904785 0.20599365
0.9761963 -0.017333984 -0.093322754 0.19488525
0.9781494 -0.016662598 -0.09631348 0.18334961
0.9800415 -0.015808105 -0.09893799 0.17181396
0.9817505 -0.015258789 -0.101257324 0.16021729
0.98339844 -0.014953613 -0.10333252 0.14849854
0.9849243 -0.014343262 -0.10491943 0.13671875
0.98638916 -0.013916016 -0.10614014 0.12487793
0.98773193 -0.012878418 -0.10668945 0.113464355
0.98895264 -0.012390137 -0.10656738 0.10217285
0.9901123 -0.012084961 -0.10595703 0.09100342
0.99121094 -0.01184082 -0.1048584 0.07989502
0.9921875 -0.011413574 -0.103393555 0.06878662
0.993103 -0.010437012 -0.1015625 0.057617188
0.9938965 -0.008850098 -0.09954834 0.04663086
0.9945679 -0.006164551 -0.097473145 0.036499023
0.99505615 -0.0033569336 -0.095214844 0.027404785
0.9954834 -0.0017089844 -0.09265137 0.01953125
0.9958496 -0.0014648438 -0.089904785 0.012817383
0.9961548 -0.0021972656 -0.087402344 0.0072021484
0.9963379 -0.003112793 -0.08532715 0.0025024414
0.99658203 -0.006713867 -0.08239746 -0.0051879883
0.99664307 -0.008666992 -0.08117676 -0.008056641
0.9967041 -0.011413574 -0.079833984 -0.010559082
0.99676514 -0.014038086 -0.078308105 -0.012573242
0.9968262 -0.016235352 -0.07684326 -0.014099121
0.9968872 -0.018493652 -0.07537842 -0.01550293
0.9968872 -0.020385742 -0.07409668 -0.016601562
0.99694824 -0.021911621 -0.07287598 -0.01763916
0.9970093 -0.022033691 -0.07208252 -0.018554688
0.9970093 -0.021362305 -0.0715332 -0.019470215
0.9970093 -0.020385742 -0.07141113 -0.020446777
0.9970093 -0.019104004 -0.0715332 -0.02178955
0.9970093 -0.018920898 -0.0713501 -0.021850586
0.9970703 -0.01940918 -0.07086182 -0.021606445
0.9970703 -0.020568848 -0.07006836 -0.02142334
0.99713135 -0.022094727 -0.06915283 -0.02154541
0.99713135 -0.0234375 -0.068237305 -0.021911621
0.9971924 -0.024902344 -0.066833496 -0.022827148
0.9971924 -0.02520752 -0.06628418 -0.02319336
0.9972534 -0.0256958 -0.06573486 -0.0234375
0.9972534 -0.026367188 -0.06506348 -0.023498535
0.9972534 -0.027160645 -0.064331055 -0.0234375
0.9973755 -0.028198242 -0.06225586 -0.023010254
0.9974365 -0.02935791 -0.060791016 -0.022888184
0.99749756 -0.030700684 -0.059326172 -0.022705078
0.9975586 -0.031677246 -0.058044434 -0.022521973
0.9976196 -0.032409668 -0.05706787 -0.022338867
0.9976196 -0.03277588 -0.056396484 -0.022216797
0.9976196 -0.034118652 -0.055541992 -0.02166748
0.99768066 -0.03479004 -0.05517578 -0.020874023
0.99768066 -0.035461426 -0.054626465 -0.019897461
0.99768066 -0.03668213 -0.053833008 -0.018981934
0.99768066 -0.038208008 -0.05291748 -0.018371582
0.99768066 -0.03967285 -0.05206299 -0.017822266
0.99768066 -0.04083252 -0.0513916 -0.017211914
0.99768066 -0.04168701 -0.05090332 -0.016601562
0.99768066 -0.043151855 -0.05041504 -0.015014648
0.99768066 -0.043884277 -0.050354004 -0.013977051
0.9976196 -0.04486084 -0.05041504 -0.012756348
0.9976196 -0.045898438 -0.05053711 -0.0115356445
0.9975586 -0.047058105 -0.050720215 -0.010375977
0.99749756 -0.048217773 -0.050842285 -0.009460449
0.9974365 -0.049072266 -0.05078125 -0.008728027
0.9974365 -0.049743652 -0.050598145 -0.008117676
0.9974365 -0.050720215 -0.0501709 -0.0078125
0.9973755 -0.052001953 -0.049682617 -0.007751465
0.99731445 -0.05316162 -0.049316406 -0.0078125
0.99731445 -0.05432129 -0.049072266 -0.0079956055
0.9972534 -0.055236816 -0.048950195 -0.008056641
0.9971924 -0.056030273 -0.048950195 -0.007873535
0.99713135 -0.057006836 -0.04888916 -0.0076904297
0.9970703 -0.058166504 -0.048828125 -0.007507324
0.9970703 -0.059020996 -0.04864502 -0.0072631836
0.9970093 -0.059814453 -0.04852295 -0.0071411133
0.99694824 -0.060791016 -0.04827881 -0.0072021484
0.9968872 -0.061828613 -0.048034668 -0.0072631836
0.9968872 -0.06262207 -0.047851562 -0.007385254
