0 0 0
0 0 0
0 0 0
0 0 0
0 0 0
359.9375 0 -0.5625
359.9375 0 -0.625
359.9375 0 -0.6875
359.9375 0 -0.8125
359.9375 0 -0.8125
0 0 -1
0 0 -1
0 -0.0625 -1.1875
0 -0.0625 -1.1875
0 -0.125 -1.375
0 -0.125 -1.375
0 -0.125 -1.5625
0 -0.125 -1.625
0 -0.125 -1.75
0 -0.125 -1.8125
0 -0.125 -1.875
0 -0.1875 -2
0.0625 -0.1875 -2.25
0 -0.1875 -2.3125
0 -0.125 -2.5
0 -0.125 -2.625
359.9375 -0.0625 -2.6875
359.9375 0 -2.75
359.8125 0.1875 -2.9375
359.8125 0.375 -3
359.75 0.625 -3
359.75 0.9375 -3
359.6875 1.25 -3
359.6875 1.5625 -3.125
359.75 2.1875 -3.8125
359.75 2.1875 -3.8125
359.8125 2.8125 -4.125
359.9375 3.125 -4.1875
0.0625 3.4375 -4.3125
0.0625 3.4375 -4.3125
0.25 3.6875 -4.5625
0.4375 3.9375 -4.75
0.875 4.625 -4.9375
0.875 4.625 -4.9375
1.5 5.375 -5.125
1.5 5.375 -5.125
2.1875 6.25 -5.125
2.1875 6.25 -5.125
2.9375 6.875 -5.1875
2.9375 6.875 -5.1875
3.9375 7.375 -5.5625
3.9375 7.375 -5.5625
5.0625 7.875 -5.75
5.6875 8.0625 -5.75
6.875 8.3125 -5.75
7.5625 8.4375 -5.625
8.1875 8.5 -5.5
8.875 8.5 -5.375
10.3125 8.375 -5
11 8.25 -4.875
11 8.25 -4.875
11.75 8.0625 -4.75
13.1875 7.4375 -4.75
13.875 7.125 -4.6875
14.5625 6.8125 -4.5625
15.125 6.5 -4.375
15.6875 6.125 -4.1875
16.125 5.8125 -3.8125
16.625 5.4375 -3.4375
17.125 5 -3.125
17.6875 4.5 -2.9375
17.6875 4.5 -2.9375
18.25 3.9375 -2.8125
18.8125 3.3125 -2.625
19.3125 2.625 -2.5625
19.8125 1.8125 -2.4375
20.3125 1.0625 -2.375
20.75 0.25 -2.25
21.1875 -0.4375 -2.125
21.625 -1.125 -1.9375
21.9375 -1.875 -1.75
22.25 -2.5625 -1.625
22.4375 -3.3125 -1.4375
22.625 -4.125 -1.3125
22.75 -5 -1.375
22.8125 -5.8125 -1.5625
22.875 -6.6875 -1.75
22.8125 -8.25 -1.875
22.75 -8.9375 -1.75
22.75 -8.9375 -1.75
22.5625 -9.625 -1.4375
22.3125 -10.3125 -1.125
22.0625 -11.0625 -0.8125
21.75 -11.875 -0.75
21.5 -12.6875 -0.6875
21.1875 -13.5 -0.6875
20.5 -15.1875 -0.5625
20.0625 -16.0625 -0.375
19.5625 -17 -0.1875
19.125 -17.875 0.0625
18.75 -18.6875 0.375
18.3125 -19.625 0.5
17.8125 -20.5 0.625
17.3125 -21.4375 0.75
16.75 -22.4375 0.875
16.125 -23.4375 0.9375
15.5 -24.4375 0.8125
14.8125 -25.4375 0.6875
14.125 -26.375 0.625
13.375 -27.25 0.6875
12.625 -28 0.75
11.875 -28.75 0.75
11.0625 -29.375 0.8125
10.3125 -29.9375 0.9375
8.625 -30.875 1.25
7.6875 -31.3125 1.375
7.6875 -31.3125 1.375
5.8125 -32 1.625
4.875 -32.25 1.6875
3.9375 -32.5625 1.6875
3 -32.75 1.625
3 -32.75 1.625
0.9375 -32.9375 1.875
359.875 -32.875 2.3125
358.875 -32.8125 2.8125
357.875 -32.6875 3.25
356.875 -32.5625 3.625
355.875 -32.4375 3.8125
354.9375 -32.3125 3.8125
354 -32.125 3.625
353.0625 -31.9375 3.5
352.1875 -31.5625 3.5
351.3125 -31.1875 3.5625
350.375 -30.75 3.6875
349.5 -30.25 3.8125
348.625 -29.6875 4
347.75 -29.1875 4.1875
346.9375 -28.5625 4.4375
345.375 -27.375 4.8125
345.375 -27.375 4.8125
344.6875 -26.8125 4.875
343.3125 -25.75 4.5625
342.625 -25.25 4.25
341.9375 -24.6875 4
341.9375 -24.6875 4
341.3125 -24 3.75
340.1875 -22.5625 3.375
339.6875 -21.8125 3.1875
339.6875 -21.8125 3.1875
338.8125 -20.375 2.5
338.8125 -20.375 2.5
338.5 -19.75 2
338.25 -19.125 1.5
338 -18.5 1
337.5625 -17.1875 0.1875
337.5625 -17.1875 0.1875
337.375 -16.4375 -0.0625
337.1875 -15.625 -0.1875
337 -14.75 -0.25
336.9375 -13.9375 -0.375
336.875 -13.0625 -0.5625
336.9375 -12.25 -0.75
337.125 -10.6875 -1.125
337.3125 -9.9375 -1.375
337.3125 -9.9375 -1.375
337.4375 -9.25 -1.5625
337.8125 -8 -2.25
338.0625 -7.375 -2.6875
338.3125 -6.8125 -3.125
338.5625 -6.125 -3.375
338.5625 -6.125 -3.375
339.125 -4.9375 -3.9375
339.5 -4.375 -4.1875
339.875 -3.875 -4.5
339.875 -3.875 -4.5
340.3125 -3.375 -4.75
341.25 -2.4375 -5.25
341.625 -1.9375 -5.4375
342.0625 -1.5 -5.625
342.0625 -1.5 -5.625
342.5625 -1.0625 -5.8125
343.625 -0.1875 -6.25
344.25 0.1875 -6.5
344.875 0.5625 -6.6875
344.875 0.5625 -6.6875
345.4375 0.9375 -6.9375
346.5 1.625 -7.1875
346.5 1.625 -7.1875
347.5 2.375 -7.375
347.9375 2.6875 -7.375
348.375 3 -7.4375
348.875 3.25 -7.5
349.25 3.5 -7.625
349.625 3.75 -7.75
349.9375 4.0625 -7.8125
349.9375 4.0625 -7.8125
350.25 4.375 -7.8125
350.5625 4.625 -7.8125
350.875 4.8125 -8
351.1875 4.9375 -8.125
351.5 5 -8.3125
351.8125 5 -8.5
352.125 5 -8.6875
352.4375 5 -8.875
352.9375 5.0625 -9.0625
353.1875 5.125 -9.125
353.3125 5.1875 -9.1875
353.5 5.25 -9.25
353.625 5.25 -9.3125
353.8125 5.3125 -9.375
353.9375 5.3125 -9.5
354 5.3125 -9.5625
354.0625 5.375 -9.5625
354.0625 5.375 -9.625
354.125 5.375 -9.75
354.25 5.4375 -9.8125
354.375 5.4375 -9.875
354.4375 5.375 -9.9375
354.5 5.375 -9.9375
354.5 5.375 -10.0625
354.5 5.3125 -10.125
354.5 5.3125 -10.1875
354.5 5.25 -10.3125
354.5 5.25 -10.375
354.5 5.25 -10.375
354.5 5.1875 -10.5
354.5625 5.125 -10.75
354.625 5.0625 -10.875
354.625 5.0625 -11
354.6875 5 -11.125
354.75 4.9375 -11.25
354.8125 4.875 -11.375
354.875 4.875 -11.4375
354.9375 4.875 -11.5625
355 4.875 -11.6875
355.125 4.875 -11.8125
355.3125 4.875 -11.875
355.5 4.875 -12
355.625 4.875 -12.125
355.75 4.875 -12.25
355.875 4.8125 -12.375
355.9375 4.8125 -12.5
356 4.8125 -12.5625
356.1875 4.8125 -12.625
356.1875 4.8125 -12.625
356.25 4.875 -12.6875
356.375 4.875 -12.6875
356.4375 4.9375 -12.75
356.5625 4.9375 -12.75
