0 0 0
-8.5625 0 -0.25
-8.4375 -0.0625 0.125
-8 0.25 0.875
-9.0625 1.4375 0.4375
-9.1875 1.5 -0.125
-6.75 -0.125 0.0625
-5.625 -0.1875 -0.125
-7.5625 -0.125 -0.875
-9.25 0 -1.4375
-8.375 0.75 -1.4375
-8.25 1.875 -0.75
-9.6875 2.6875 -0.3125
-10.3125 2.8125 0.125
-9.9375 2.25 0.25
-7.625 1.125 0.1875
-8.375 0.375 -0.3125
-7.0625 0.0625 -0.4375
-6.8125 0.25 -0.5
-7.875 1.125 -1
-9.8125 1.5 -1.0625
-12.3125 1.75 -0.875
-11.0625 0.5625 0.875
-9.875 -1.0625 1.25
-9.0625 -2.5 1.25
-9.9375 -3.8125 1.375
-7.6875 -7.6875 3.375
-8.375 -10.5 4.3125
-8.75 -15.25 3.9375
-3.5625 -20.875 3.625
-1.5625 -29.875 2
-3.4375 -32.125 2.0625
-13 -31.75 0.125
-33.75 -32.1875 -3.8125
-34.125 -32.875 -3.875
-22.8125 -33.9375 -3.5
-7.125 -33.3125 -4.9375
-6.9375 -30.5625 -9.625
-17.4375 -26.6875 -15.5625
-24.5 -24.9375 -19.125
-20.75 -26.6875 -20.625
-13.375 -30.375 -21.4375
-9 -34.0625 -24.4375
-12 -37.3125 -30.3125
-11.5625 -39.5625 -35.375
-3.625 -40.5 -37.6875
-3.5625 -38.3125 -39.125
-5.1875 -33.75 -39.25
-11.625 -27.3125 -40.125
-23 -22.4375 -45.75
-25.25 -20.3125 -52.75
-22.875 -19.25 -58.3125
-8.25 -14.75 -61.8125
-7.25 -10.1875 -62.375
-7.0625 -5.6875 -63.5
-0.6875 -2 -66.125
2.625 0.8125 -69.5
7.0625 9 -72.375
5.75 15 -72.5625
4.5 20.5625 -74
-0.8125 27.5625 -73.8125
-9.5625 34.5625 -72.875
-11.125 38.75 -72.3125
-2.875 40.125 -69.625
8.5625 39.75 -65.5625
10.625 39.125 -60.75
15.25 37.875 -54.625
32.25 37.5 -48.1875
33.3125 41.0625 -48.25
23.375 47.8125 -52.8125
13.625 55.5625 -57.375
10.125 62.375 -58
14.375 68.4375 -55.5625
8.875 74.9375 -53.625
6.0625 80.25 -50.3125
6.5 83.5625 -47.0625
9.625 83 -46
15.4375 79.625 -44.375
20.25 76.3125 -39.9375
18 75.125 -33.6875
18.5625 75.8125 -27.125
17.5625 77.875 -20.5
12.875 82.3125 -14.8125
-6 86.9375 -12
-17.375 89.8125 -8.0625
-19.5625 88.5625 -4.1875
-9.9375 83.125 0.5
-0.75 77.125 5.375
9.1875 71.0625 11.3125
28.9375 68 21.25
30.6875 71.6875 28.6875
23.6875 77.5 30.9375
4.4375 84.375 30.6875
-3.1875 85.375 28.125
-4.875 84.375 28.875
-5.25 84.125 33.6875
2.5625 86.625 41.375
4.125 90.3125 46.125
6.6875 93 48.4375
15.125 91 47.4375
19.6875 88.75 45.625
-4.5625 91.8125 43.375
-6.25 93.6875 46.875
-4.0625 96.875 53.5
-9.875 101.6875 57.25
-20.125 105.9375 57.3125
-37.375 108.0625 56.375
-43.875 104.6875 59.25
-28.9375 88.5 67.625
-33.875 82.125 68.9375
-36.375 74.75 70.0625
-33.5 66.9375 71.625
-29.75 59 73.125
-28.6875 52.8125 75.9375
-30.8125 47.5 79.75
-36.5 44 83.625
-38.1875 40.375 86.25
-42.6875 36.5 84.5625
-49.3125 32.4375 81.4375
-54.125 28.75 81.125
-56.375 23.3125 83.375
-54.25 16.375 88.8125
-40.3125 7.75 95.3125
-18.9375 -0.375 99.9375
-13.5 -4.875 100.375
-19.75 -6.125 99.4375
-23.75 -6.25 98.75
-35.0625 -6.5625 92.1875
-54.8125 -8 81.6875
-66.25 -11.4375 76.8125
-60.125 -19.3125 76.875
-48.1875 -28.6875 79.4375
-38.125 -41.8125 84.3125
-33.6875 -45.625 85.375
-27.625 -48.25 85.1875
-22.9375 -50.5625 84
-20.0625 -53.25 82.6875
-20 -55.875 80.0625
-18.4375 -56.75 75
-24.5 -54.375 69.125
-37.5625 -49.0625 64.5
-54.5625 -47.1875 59.9375
-57.3125 -50.5 58
-52.875 -56.125 57.8125
-47.3125 -62.5625 57.25
-43 -69.4375 54.0625
-39.125 -75.625 50.5625
-35.25 -76.8125 48.0625
-42.375 -72.6875 43.125
-56.9375 -68.8125 32.25
-58.6875 -66.1875 22.875
-57 -63.0625 18
-56.75 -61.875 15.0625
-51.6875 -65.125 13.6875
-42.3125 -71.0625 14.4375
-32.75 -77.5625 16.5625
-22 -84.1875 17.4375
-10.1875 -88.5625 15.125
-12.5625 -88.0625 8.4375
-21.5625 -85.625 0.125
-18.75 -84.6875 -5.875
-14.9375 -83.3125 -11.3125
-19 -79.9375 -15.75
-18.875 -75.9375 -17.375
-18.75 -71.375 -18.75
-26.1875 -66.4375 -21.625
-38.25 -61.375 -25.375
-45 -59.625 -28.5
-37.75 -62.0625 -29.25
-24.9375 -64.5 -29.25
-23.6875 -62.6875 -30.875
-27.5625 -58.3125 -33.875
-25.8125 -54.5625 -38.5625
-27.1875 -50.6875 -44.125
-25.6875 -46.875 -48.25
-24.3125 -44.1875 -49.75
-20.25 -44 -49
-16.625 -44.3125 -46.875
-16.4375 -43.5 -46
-20.3125 -42.25 -50.3125
-23.5 -40.4375 -56.625
-23.125 -37.5625 -61.875
-21.875 -34.1875 -64.0625
-23.1875 -32.5625 -65.75
-21.3125 -31.9375 -63.5625
-15.75 -31.0625 -58.0625
-13.875 -30.6875 -53.875
-14.5625 -31.0625 -52.75
-10.375 -30.5 -51.25
-4.1875 -27.75 -49.3125
-5.5 -24.5625 -49.0625
-10.375 -21 -46.625
-14.125 -19.9375 -42.6875
-12.125 -22.5 -38.875
-12.25 -26 -36.5625
-1.5625 -26.625 -31.75
-3.5 -21.6875 -30.875
-18.1875 -15 -34.75
-21.3125 -7.6875 -34.8125
-20.8125 -2.1875 -32.25
-17.5 2.1875 -29.3125
-24.5 4.4375 -30
-19.8125 4.3125 -29.125
-14 2.5 -27
-10.875 -0.0625 -25.4375
-9.6875 -2.1875 -22.6875
-6.8125 -3.1875 -18.125
-6.125 -2.8125 -15
-9.3125 -1.875 -15.375
-10.375 -0.5625 -15.1875
-11.8125 0.375 -13.3125
-3.3125 -1 -4.125
-7.125 -0.625 -2.8125
-8.125 -0.8125 -3.6875
-4 -0.6875 -5.1875
-7.4375 0.4375 -8.375
-5.75 1.9375 -8.875
-4.375 2.625 -8.0625
-5.9375 3.1875 -5.625
-8 3.3125 -2.125
-8.375 2.6875 0.9375
-8.6875 2.0625 2.875
-10.875 2.1875 2.0625
-8.5 2.25 0.3125
-12.75 4.4375 -1.375
-21.9375 6.6875 -2.9375
-17.3125 6.6875 -2.5
-13.3125 6.4375 -2.9375
-12.25 6.25 -4.5
-11.1875 5.8125 -4.9375
-13 5.375 -5
-11.375 3.8125 -4.375
-12.125 3.125 -5.0625
-14.8125 1.5 -9.125
-9.6875 0.625 -12.875
-9.4375 1.125 -16.3125
-12.0625 2.8125 -17.5625
-15 4.9375 -15.625
-19 6.0625 -11.375
-12.625 4.9375 -6.25
-11.25 3.5625 -5.875
-5.5625 0.875 -7.375
-1.875 -0.25 -9.0625
-9 -0.4375 -10.8125
-4.125 -0.625 -9.375
-3 -0.3125 -7.125
-3 -0.0625 -6.3125
-3.3125 0.3125 -6
-2.9375 1.5 -7.1875
