0 0 0
0 0 0
0 0 0
0 0 0
0 0 0
1.95 5.06 -1.85
1.97 5.17 -1.72
1.98 4.94 -2.17
2.02 5.02 -2.3
1.99 5.19 -2.35
2 5.52 -2.46
1.99 5.55 -2.29
1.98 5.54 -2.07
1.93 5.42 -1.62
1.92 5.32 -1.46
1.95 5.21 -1.61
1.96 5.25 -1.69
2.02 5.43 -1.97
2.06 5.46 -2.1
2.06 5.45 -2.02
2.02 5.75 -1.79
2.02 5.9 -1.54
2.03 6.05 -1.2
1.97 5.74 -0.83
1.94 5.85 -0.58
1.91 6.01 -0.32
1.87 6.07 -0.05
1.66 5.23 1.11
1.57 5.03 1.3
1.52 4.77 1.17
1.63 4.7 0.36
1.55 4.35 -1.09
1.44 3.68 -1.12
1.38 4.61 -0.97
1.32 4.29 -1.06
1.3 3.7 -1.69
1.31 2.32 -2.94
1.38 2.41 -2.96
1.35 2.95 -2.39
1.25 3.45 -1.39
1.06 3.55 -0.3
1 2.92 -0.47
0.9 2.27 -0.84
0.67 2.77 -1.65
0.58 3.41 -2.55
0.51 3.79 -3.58
0.42 4.18 -4.43
0.34 3.71 -5.42
0.2 2.44 -5.01
0.13 1.9 -4.41
0.04 2.07 -4.09
0.03 3.23 -4.33
-0.01 3.93 -4.89
-0.28 3.88 -5.68
-0.41 3.36 -5.47
-0.39 3.19 -5.35
-0.31 3.61 -5.6
-0.12 4.76 -6.09
-0.16 4.85 -6.48
-0.35 6 -6.67
-0.48 6.28 -6.23
-0.77 6.47 -5.28
-1.04 7.04 -4.24
-1.42 8.31 -3.11
-1.51 8.67 -3.06
-1.53 9.07 -2.92
-1.41 8.51 -4.2
-1.27 6.76 -5.8
-1.13 5.52 -7.09
-1.03 5.27 -7.84
-1.13 6.84 -7.48
-0.97 7.76 -7.27
-0.87 7.98 -7.03
-1.03 8.94 -5.72
-1.04 8.89 -4.65
-1.03 8.64 -3.58
-1.06 8.88 -2.47
-1.23 10.77 -2.12
-1.24 11.51 -2.6
-1.22 11.89 -3.21
-1.09 12.08 -4.32
-0.9 11.79 -4.88
-0.67 11.14 -4.73
-0.64 11.17 -3.85
-0.65 11.03 -1.3
-0.69 11.27 -0.07
-0.68 11.49 0.39
-0.68 12.37 -0.04
-0.64 13.1 -1.27
-0.45 12.49 -3.15
-0.31 10.48 -3.92
-0.24 9.04 -4.14
-0.24 9.04 -4.14
0.16 9.3 -2.28
0.61 11.12 -2.5
0.85 11.3 -3.27
1.07 10.53 -3.49
1.18 9.65 -3.17
1.05 7.89 -0.66
1.35 8.51 -1.81
1.68 8.37 -3.18
1.74 10.77 -3.2
1.84 10.93 -3.56
1.83 10.16 -3.88
1.83 9.27 -3.77
1.57 8.9 -1.87
1.47 9.71 0.19
1.34 10.05 2.05
1.37 9.58 2.55
1.64 8.87 2.95
1.63 8.96 3.31
1.83 9.05 2.92
1.93 9.58 2.49
1.95 9.81 2.19
1.9 9.45 1.52
1.86 8.49 1.43
1.9 7.25 1.44
1.89 6.73 1.49
1.93 7.88 1.98
1.89 8.58 2.63
1.97 9.39 3.31
1.86 9.06 4
1.95 8.16 3.37
2.13 7.19 2.3
2.2 6.69 1.34
2.08 5.69 0.63
2.16 3.9 0.53
2.22 3.1 0.76
2.35 5.79 2.55
2.27 6.72 3.54
2.24 7.29 3.7
2.25 7.43 3.41
2.16 6.88 2.3
2.07 5.78 1.09
2.03 4.95 0.91
2.09 4.63 0.86
2.16 4.03 0.65
2.16 3.13 -0.01
2.65 3.02 -1.96
2.74 3.43 -2.13
2.75 3.54 -1.05
2.7 4.37 1.45
2.67 4.35 2.03
2.68 3.98 2.16
2.66 3.29 2
2.81 2.92 0.56
2.91 2.86 -1.08
2.9 2.01 -2.47
3.14 0.13 -2.61
3.14 1.13 -2.56
3.18 2.12 -2.39
3.23 2.81 -1.69
3.13 3.74 0.39
3.08 4.32 1
2.97 4.57 1.22
2.92 3.38 0.66
2.88 2.28 -0.65
2.93 1.35 -2.05
2.9 0.94 -2.72
2.81 1.67 -2.86
2.93 1.92 -3.42
2.99 2.5 -4
3.08 3.71 -4.65
3.05 3.65 -4.82
3.05 3.48 -5.06
3.06 3.52 -4.8
2.93 4.02 -2.55
2.83 4.5 -1.72
2.79 4.56 -2.01
3.09 3.8 -4.17
3.06 3.4 -4.61
3.03 3.02 -4.8
2.93 2.95 -4.9
2.99 4.29 -4.78
2.96 5.24 -4.28
2.91 6.01 -3.71
2.86 6.43 -3.47
2.84 5.59 -4.06
2.74 4.36 -4.38
2.72 3.88 -4.72
2.83 4.94 -5.17
2.84 5.67 -5.08
2.86 6.2 -4.62
2.91 7.46 -4.19
2.99 8.86 -3.95
2.95 8.56 -3.86
2.84 8 -3.75
2.79 8.2 -4.42
2.75 8.02 -4.89
2.71 7.91 -5.06
2.67 8.56 -4.91
2.51 9.3 -3.28
2.49 9.04 -2.8
2.47 8.8 -2.86
2.48 8.86 -5.29
2.64 7.26 -6.63
2.65 6.78 -7.1
2.61 7.69 -7.27
2.49 8.72 -6.06
2.45 8.46 -5.81
2.4 7.68 -5.06
2.3 8.49 -3.46
2.3 8.51 -2.91
2.22 8.69 -2.74
2.21 9.03 -2.71
2.28 9.63 -3.21
2.31 8.92 -3.48
2.3 8.26 -3.56
2.34 8.82 -3.56
2.27 9.36 -3.14
2.26 9.97 -2.78
2.26 9.98 -2.71
2.25 7.73 -2.89
2.3 7.36 -3.18
2.31 7.51 -3.44
2.27 8.17 -3.4
2.29 8.63 -3.16
2.27 9.17 -3.06
2.19 9.59 -2.78
2.12 9.28 -2.66
2.06 8.7 -2.79
2.03 7.35 -3.14
2.11 7.24 -3.5
2.17 7.29 -3.83
2.21 7.38 -3.53
2.13 7.69 -2.63
2.15 7.38 -2.55
2.17 7.28 -2.44
2.19 7.78 -2.24
2.18 7.82 -1.98
2.15 7.89 -1.94
2.13 7.4 -2.08
2.12 6.06 -2.19
2.12 6.29 -2.64
2.17 6.58 -3.07
2.12 8.56 -3.28
2.09 9.34 -3.05
2.02 9.95 -2.34
1.86 9.8 -1.79
1.94 7.65 -1.43
1.87 7.4 -1.54
1.93 7.26 -2.12
1.96 8.08 -2.49
1.94 8.6 -2.59
1.9 8.55 -2.72
1.89 8.21 -2.87
1.9 7.7 -3.29
1.93 7.14 -3.61
1.96 7.08 -3.78
