0 0 0 0
0 0 0 0
0 0 0 0
0 0 0 0
0 0 0 0
1 -0.0051879883 0.00030517578 0.00012207031
1 -0.0065307617 0.00036621094 0.00012207031
1 -0.007019043 0.00036621094 0.00012207031
1 -0.0076293945 0.00036621094 0.000061035156
0.99993896 -0.008422852 0.00036621094 -0.000061035156
0.99993896 -0.009094238 0.0004272461 -0.00018310547
0.99993896 -0.00982666 0.00061035156 -0.00024414062
0.99993896 -0.010620117 0.0008544922 -0.00024414062
0.99993896 -0.0115356445 0.0010986328 -0.00024414062
0.99993896 -0.012329102 0.0012817383 -0.00024414062
0.99993896 -0.013000488 0.0013427734 -0.00024414062
0.9998779 -0.014404297 0.0013427734 -0.00024414062
0.9998779 -0.015014648 0.0013427734 -0.00024414062
0.9998779 -0.015625 0.0013427734 -0.00024414062
0.9998779 -0.016845703 0.0015258789 -0.0004272461
0.9998169 -0.017700195 0.0016479492 -0.00048828125
0.9998169 -0.018737793 0.0018310547 -0.0005493164
0.99975586 -0.020629883 0.001953125 -0.00048828125
0.99975586 -0.021484375 0.0018310547 -0.00036621094
0.99975586 -0.022277832 0.0016479492 -0.00024414062
0.99975586 -0.023071289 0.0012817383 -0.00012207031
0.9996948 -0.024475098 0.00018310547 0.00036621094
0.9996948 -0.02520752 -0.0006713867 0.0007324219
0.9996338 -0.025939941 -0.001953125 0.0010986328
0.9996338 -0.026245117 -0.0037231445 0.0014648438
0.9996338 -0.026367188 -0.008422852 0.0020141602
0.99957275 -0.026672363 -0.011169434 0.0022583008
0.9995117 -0.027709961 -0.0138549805 0.002319336
0.99938965 -0.030578613 -0.016601562 0.0020141602
0.9992676 -0.033447266 -0.019348145 0.0017089844
0.9991455 -0.035339355 -0.022277832 0.0015258789
0.99902344 -0.035949707 -0.02508545 0.001159668
0.9989624 -0.036499023 -0.027709961 0.0004272461
0.99884033 -0.037963867 -0.030029297 -0.0008544922
0.9986572 -0.039978027 -0.032165527 -0.0024414062
0.99853516 -0.04168701 -0.034484863 -0.0041503906
0.99835205 -0.042785645 -0.037109375 -0.00592041
0.99823 -0.04345703 -0.040100098 -0.007873535
0.9980469 -0.044433594 -0.04333496 -0.010314941
0.99780273 -0.045288086 -0.046813965 -0.013183594
0.9975586 -0.04547119 -0.050354004 -0.016235352
0.99731445 -0.045654297 -0.053710938 -0.01940918
0.9970703 -0.046020508 -0.05670166 -0.022583008
0.9968262 -0.046813965 -0.059143066 -0.025939941
0.996521 -0.048583984 -0.061157227 -0.029846191
0.9961548 -0.050476074 -0.06304932 -0.034301758
0.99572754 -0.05218506 -0.064819336 -0.039245605
0.9949951 -0.053588867 -0.0680542 -0.049621582
0.9946289 -0.053894043 -0.06915283 -0.05480957
0.9942627 -0.054138184 -0.069885254 -0.060180664
0.9935303 -0.05316162 -0.070617676 -0.0715332
0.993103 -0.052246094 -0.070617676 -0.07757568
0.9926758 -0.051208496 -0.070251465 -0.083618164
0.9923096 -0.0501709 -0.06933594 -0.089782715
0.9918213 -0.049194336 -0.06793213 -0.0960083
0.99139404 -0.048583984 -0.06591797 -0.10235596
0.9908447 -0.048706055 -0.06323242 -0.10864258
0.99035645 -0.04888916 -0.060180664 -0.114868164
0.98986816 -0.04840088 -0.05706787 -0.120910645
0.9893799 -0.046936035 -0.054138184 -0.12652588
0.98895264 -0.04534912 -0.051208496 -0.13171387
0.9885254 -0.04345703 -0.04840088 -0.13635254
0.9882202 -0.040100098 -0.045837402 -0.14038086
0.98791504 -0.036621094 -0.04296875 -0.14440918
0.9874878 -0.033935547 -0.03942871 -0.14886475
0.9869385 -0.031921387 -0.035095215 -0.15374756
0.98638916 -0.030090332 -0.030212402 -0.15875244
0.98583984 -0.027770996 -0.024841309 -0.16351318
0.9852295 -0.025939941 -0.018798828 -0.16815186
0.98461914 -0.024169922 -0.012329102 -0.17248535
0.9840088 -0.022399902 -0.005554199 -0.1765747
0.9833374 -0.020324707 0.0010986328 -0.18054199
0.982666 -0.017822266 0.007385254 -0.18432617
0.9819946 -0.014953613 0.013366699 -0.18780518
0.9813843 -0.012329102 0.01928711 -0.19067383
0.98083496 -0.0095825195 0.02520752 -0.1930542
0.98028564 -0.0068969727 0.03137207 -0.19482422
0.97979736 -0.0045166016 0.037963867 -0.19616699
0.9793091 -0.0036010742 0.045288086 -0.19714355
0.9788208 -0.0036010742 0.052978516 -0.1977539
0.9783325 -0.0037231445 0.06060791 -0.19805908
0.97784424 -0.0031738281 0.06768799 -0.19805908
0.977478 -0.001953125 0.074035645 -0.1975708
0.9772339 0.00012207031 0.07977295 -0.19671631
0.9771118 0.0037841797 0.0848999 -0.19519043
0.97698975 0.0076904297 0.090270996 -0.19299316
0.9768677 0.011108398 0.09631348 -0.19055176
0.9766846 0.013122559 0.103149414 -0.18798828
0.97631836 0.014465332 0.11022949 -0.18554688
0.97595215 0.015625 0.1171875 -0.1829834
0.975647 0.016845703 0.12414551 -0.18005371
0.9753418 0.018798828 0.13122559 -0.17651367
0.9749756 0.020996094 0.13848877 -0.17260742
0.97454834 0.023498535 0.1459961 -0.16851807
0.97406006 0.026611328 0.1531372 -0.16461182
0.9734497 0.030029297 0.16009521 -0.1609497
0.9727783 0.03149414 0.16760254 -0.15704346
0.9720459 0.03289795 0.17523193 -0.15283203
0.97125244 0.034606934 0.18310547 -0.14813232
0.97039795 0.035949707 0.19134521 -0.14294434
0.96936035 0.036499023 0.20013428 -0.13763428
0.9682617 0.03564453 0.20922852 -0.13201904
0.9671631 0.034240723 0.21807861 -0.12609863
0.9651489 0.03338623 0.23345947 -0.113586426
0.9642334 0.03277588 0.24029541 -0.107055664
0.9633789 0.031921387 0.246521 -0.10040283
0.9626465 0.03125 0.25201416 -0.093688965
0.96203613 0.030883789 0.25683594 -0.0869751
0.9614868 0.030578613 0.26116943 -0.08001709
0.96099854 0.030151367 0.26501465 -0.072753906
0.9606323 0.029296875 0.26861572 -0.06500244
0.9602051 0.028381348 0.2718506 -0.057006836
0.95983887 0.027038574 0.27478027 -0.0491333
0.9595337 0.02508545 0.27746582 -0.041259766
0.9592285 0.022705078 0.27978516 -0.03338623
0.9589844 0.020141602 0.28167725 -0.02520752
0.95880127 0.0178833 0.28295898 -0.016723633
0.95880127 0.016906738 0.28344727 -0.0079956055
0.9588623 0.01776123 0.2833252 0.0005493164
0.9589844 0.019104004 0.28277588 0.008972168
0.9590454 0.019836426 0.2821045 0.01751709
0.9590454 0.020263672 0.28137207 0.026062012
0.9589844 0.01965332 0.2805786 0.034362793
0.9590454 0.017150879 0.2796631 0.042236328
0.95910645 0.013671875 0.2783203 0.050048828
0.9592285 0.010681152 0.27642822 0.057617188
0.9595337 0.008728027 0.2738037 0.06518555
0.96032715 0.0065307617 0.2668457 0.08050537
0.9607544 0.0060424805 0.26287842 0.088134766
0.96118164 0.0060424805 0.25872803 0.09564209
0.9616089 0.0064086914 0.2543335 0.10290527
0.9619751 0.007019043 0.2498169 0.11004639
0.96240234 0.0075683594 0.24499512 0.11694336
0.9628296 0.008178711 0.24017334 0.123413086
0.9631958 0.008178711 0.2354126 0.12945557
0.96343994 0.006958008 0.23095703 0.13543701
0.9636841 0.004211426 0.22644043 0.14135742
0.96398926 0.0012207031 0.22161865 0.14715576
0.96429443 -0.0012817383 0.21636963 0.15283203
0.96466064 -0.0032958984 0.21069336 0.1583252
0.9650879 -0.0048828125 0.20446777 0.16351318
0.9656372 -0.006164551 0.1977539 0.16833496
0.9661865 -0.0071411133 0.190979 0.1729126
0.9666748 -0.008850098 0.18444824 0.17718506
0.9672241 -0.011962891 0.17803955 0.1807251
0.96777344 -0.015380859 0.17175293 0.18353271
0.96832275 -0.018798828 0.16571045 0.18591309
0.96881104 -0.022277832 0.15979004 0.18804932
0.96936035 -0.025268555 0.15362549 0.19000244
0.96990967 -0.027404785 0.14715576 0.1918335
0.97052 -0.028686523 0.14031982 0.19378662
0.9711914 -0.028869629 0.13311768 0.19567871
0.9718628 -0.028076172 0.12567139 0.19726562
0.9725952 -0.027526855 0.11828613 0.19830322
0.9733887 -0.027893066 0.110839844 0.19866943
0.9741821 -0.028076172 0.10357666 0.1986084
0.9750366 -0.028015137 0.09643555 0.19799805
0.9758911 -0.028381348 0.08947754 0.19702148
0.9766846 -0.028808594 0.08288574 0.19592285
0.977417 -0.029296875 0.07659912 0.19464111
0.9781494 -0.030517578 0.070617676 0.19317627
0.9788208 -0.03277588 0.06488037 0.19146729
0.97943115 -0.035705566 0.059143066 0.18951416
0.98010254 -0.037963867 0.05328369 0.1875
0.9807129 -0.03918457 0.04748535 0.18536377
0.9813843 -0.040283203 0.041809082 0.18310547
0.9819946 -0.041809082 0.03643799 0.18060303
0.982666 -0.04321289 0.03137207 0.17767334
0.9833374 -0.044799805 0.026611328 0.17425537
0.9840088 -0.04638672 0.022155762 0.17047119
0.9846802 -0.047851562 0.0178833 0.16656494
0.98535156 -0.04901123 0.013793945 0.16265869
0.9859619 -0.049804688 0.009643555 0.15899658
0.98657227 -0.05065918 0.0056152344 0.15533447
0.9871216 -0.051818848 0.0015869141 0.15130615
0.98773193 -0.05328369 -0.002319336 0.14678955
0.9883423 -0.054748535 -0.0060424805 0.14178467
0.9890137 -0.05609131 -0.009460449 0.13659668
0.989624 -0.057617188 -0.012756348 0.13122559
0.99017334 -0.05895996 -0.015930176 0.1260376
0.9906006 -0.05987549 -0.018981934 0.121276855
0.99102783 -0.060668945 -0.021972656 0.11694336
0.99139404 -0.061462402 -0.025024414 0.11260986
0.99176025 -0.061950684 -0.027954102 0.10845947
0.99212646 -0.06188965 -0.030578613 0.10449219
0.99243164 -0.06201172 -0.03289795 0.10046387
0.9927368 -0.06262207 -0.03503418 0.09667969
0.9929199 -0.06347656 -0.03704834 0.09313965
0.993103 -0.064208984 -0.039245605 0.08996582
0.9932251 -0.064941406 -0.04168701 0.0869751
0.99334717 -0.0647583 -0.044128418 0.084472656
0.99346924 -0.0647583 -0.046142578 0.081970215
0.9935303 -0.06604004 -0.047729492 0.07904053
0.9935913 -0.06768799 -0.048706055 0.07611084
0.9937134 -0.0692749 -0.049194336 0.07330322
0.9937744 -0.070617676 -0.049316406 0.070739746
0.99383545 -0.0725708 -0.04925537 0.068115234
0.9938965 -0.074157715 -0.049194336 0.06555176
0.9939575 -0.07525635 -0.049194336 0.06323242
0.99401855 -0.076049805 -0.049438477 0.061035156
0.9940796 -0.07678223 -0.049804688 0.05908203
0.9940796 -0.07727051 -0.050231934 0.057556152
0.9940796 -0.077697754 -0.050598145 0.056274414
0.9940796 -0.07836914 -0.05090332 0.054992676
0.9940796 -0.07922363 -0.05102539 0.053649902
0.9940796 -0.08074951 -0.05126953 0.051696777
0.9940796 -0.08099365 -0.0513916 0.051330566
0.99401855 -0.08154297 -0.051513672 0.051086426
0.9939575 -0.082214355 -0.051635742 0.050720215
0.9939575 -0.08251953 -0.051757812 0.05029297
0.9939575 -0.08312988 -0.051879883 0.049560547
0.9939575 -0.083618164 -0.051757812 0.04876709
0.9939575 -0.08392334 -0.051635742 0.048034668
0.9939575 -0.08441162 -0.0513916 0.04748535
0.9939575 -0.08508301 -0.051208496 0.04724121
0.9938965 -0.08581543 -0.050964355 0.047302246
0.99383545 -0.08654785 -0.050842285 0.04748535
0.9937134 -0.087524414 -0.05065918 0.047607422
0.99365234 -0.088256836 -0.05053711 0.047546387
0.9935913 -0.08929443 -0.0501709 0.04736328
0.99346924 -0.09118652 -0.049743652 0.046936035
0.9934082 -0.09265137 -0.04925537 0.04663086
0.99334717 -0.09375 -0.04876709 0.04626465
0.99328613 -0.0947876 -0.048339844 0.045776367
0.9932251 -0.09576416 -0.047912598 0.045288086
0.99316406 -0.09686279 -0.047546387 0.04473877
0.993103 -0.097839355 -0.047302246 0.044311523
0.993042 -0.09881592 -0.047180176 0.043762207
0.9929199 -0.10003662 -0.047180176 0.04296875
0.9929199 -0.10076904 -0.04724121 0.041809082
0.9928589 -0.101501465 -0.047302246 0.040405273
0.9928589 -0.10247803 -0.047302246 0.038879395
0.99279785 -0.10369873 -0.047058105 0.03741455
0.9926758 -0.105285645 -0.046691895 0.036376953
0.99261475 -0.10632324 -0.04638672 0.035705566
0.9925537 -0.10723877 -0.046142578 0.03515625
0.9924927 -0.107666016 -0.046142578 0.034484863
0.9924927 -0.10784912 -0.04626465 0.03375244
0.9924927 -0.10852051 -0.04638672 0.03277588
0.99243164 -0.10882568 -0.04650879 0.031982422
0.99243164 -0.109069824 -0.04663086 0.03137207
0.99243164 -0.109313965 -0.046691895 0.030822754
0.99243164 -0.109558105 -0.04675293 0.030334473
0.99243164 -0.109802246 -0.046691895 0.029724121
