0 0 0
0 0 0
0 0 0
0 0 0
0 0 0
0 0 0
0 0 -0.625
0 0 -0.6875
0 0 -0.8125
0 0.625 -16.3125
0 0.625 -16.375
0 0.625 -16.5
0 0.625 -16.5625
0 0.625 -16.625
0 0.625 -16.625
0 0.625 -16.6875
0 0.625 -16.8125
0 0.625 -16.9375
0 0.625 -17
0 0.625 -17.125
0 0.625 -17.1875
0 0.625 -17.1875
0 0.625 -17.3125
0 0.625 -17.375
0 0.625 -17.4375
0 0.625 -17.5625
0 0.625 -17.625
0 0.625 -17.6875
0 0.625 -17.75
0 0.625 -17.8125
0 0.625 -17.8125
0 0.625 -17.875
0 0.625 -17.9375
0 0.625 -18.0625
0 0.625 -18.125
0 0.625 -18.1875
0 0.625 -18.1875
0 0.625 -18.25
0 0.625 -18.375
0 0.625 -18.4375
0 0.625 -18.5
0 0.625 -18.5625
0 0.625 -18.625
0 0.625 -18.6875
0 0.625 -18.75
0 0.625 -18.75
0 0.625 -18.8125
0 0.625 -18.875
0 0.625 -18.9375
0 0.625 -19
0 0.625 -19
0 0.625 -19.0625
0 0.625 -19.125
0 0.625 -19.125
0 0.625 -19.1875
0 0.625 -19.25
0 0.625 -19.25
0 0.625 -19.3125
125.625 0.625 -19.375
125.625 0.625 -19.375
125.625 0.625 -19.375
125.625 0.625 -19.4375
125.6875 0.625 -19.4375
125.6875 0.625 -19.5
125.6875 0.625 -19.5
125.6875 0.625 -19.5
125.6875 0.625 -19.5625
125.6875 0.625 -19.5625
125.6875 0.625 -19.5625
125.75 0.625 -19.5625
125.75 0.625 -19.5625
125.75 0.625 -19.625
125.75 0.625 -19.625
125.75 0.625 -19.625
125.75 0.625 -19.625
125.75 0.625 -19.625
125.75 0.625 -19.625
125.75 0.625 -19.6875
125.75 0.625 -19.6875
125.75 0.625 -19.6875
125.75 0.625 -19.6875
125.6875 0.625 -19.6875
125.6875 0.625 -19.6875
125.6875 0.625 -19.6875
125.75 0.625 -19.6875
125.75 0.625 -19.6875
125.75 0.625 -19.6875
125.75 0.625 -19.6875
125.75 0.625 -19.6875
125.75 0.625 -19.6875
125.75 0.625 -19.6875
125.75 0.625 -19.6875
125.75 0.625 -19.75
125.75 0.625 -19.75
125.75 0.625 -19.75
125.75 0.625 -19.75
125.75 0.625 -19.75
125.75 0.625 -19.75
125.75 0.625 -19.75
125.75 0.625 -19.75
125.75 0.625 -19.75
125.75 0.625 -19.75
125.75 0.625 -19.75
125.75 0.625 -19.75
125.75 0.625 -19.75
125.75 0.625 -19.75
125.75 0.625 -19.75
125.75 0.625 -19.75
125.75 0.625 -19.75
125.75 0.625 -19.75
125.75 0.625 -19.75
125.75 0.625 -19.75
125.75 0.625 -19.75
125.75 0.625 -19.75
125.75 0.625 -19.75
125.625 0.625 -19.75
125.625 0.625 -19.75
125.625 0.625 -19.75
125.625 0.625 -19.75
125.625 0.625 -19.75
125.6875 0.625 -19.75
125.6875 0.625 -19.75
125.6875 0.625 -19.75
125.6875 0.625 -19.75
125.625 0.625 -19.75
125.625 0.625 -19.75
125.625 0.625 -19.75
125.625 0.625 -19.75
125.625 0.625 -19.75
125.625 0.625 -19.75
125.625 0.625 -19.75
