0 0 0
-8 -0.1875 -0.25
-7.9375 0 0
-8.0625 0 0
-8.0625 0 0
-8.25 0.0625 -0.1875
-8.1875 -0.0625 -0.0625
-8.0625 -0.1875 0.0625
-8.1875 -0.25 -0.1875
-8.0625 -0.0625 -0.125
-8.25 0 -0.125
-8.1875 -0.0625 0
-8.0625 -0.125 -0.125
-8 0 0
-7.875 -0.125 -0.125
-8.125 -0.1875 -0.0625
-8.25 -0.0625 -0.125
-8.1875 -0.125 -0.0625
-8.125 0.125 -0.125
-8.1875 -0.0625 -0.0625
-8.1875 -0.0625 -0.0625
-8.125 0.0625 -0.125
-8.1875 0.125 0.0625
-8 0 -0.0625
-8.1875 -0.0625 0
-8.3125 0 -0.125
-8.25 0.125 -0.1875
-8.1875 0 -0.0625
-8 -0.1875 -0.125
-7.875 0 -0.125
-8.0625 -0.1875 -0.0625
-8.0625 -0.125 0.0625
-8.1875 -0.0625 0
-8.125 -0.0625 -0.125
-8.25 -0.0625 -0.0625
-8.125 0 -0.125
-8.125 0.25 -0.125
-7.9375 0.0625 0
-8 -0.0625 -0.0625
-8.0625 -0.0625 -0.1875
-8.1875 0.0625 -0.125
-8.25 0.125 -0.0625
-8.25 -0.0625 -0.0625
-8.125 0.0625 -0.125
-7.875 -0.125 -0.1875
-8.0625 -0.0625 -0.0625
-8.125 0 -0.0625
-8.1875 0.0625 -0.1875
-8.25 0.0625 -0.1875
-8.1875 0 -0.0625
-8.0625 -0.1875 -0.0625
-8.0625 -0.125 -0.0625
-8.125 0 -0.125
-7.9375 -0.25 -0.0625
-8 -0.1875 0
-8.1875 -0.0625 -0.0625
-8.1875 -0.125 -0.0625
-8 0.125 -0.0625
-8 -0.125 0
-7.9375 -0.125 -0.0625
-8.25 -0.125 0.0625
-8.3125 -0.1875 -0.0625
-8.125 -0.125 -0.1875
-8.0625 0.0625 -0.0625
-8.1875 0.0625 0
-8.25 0.125 -0.0625
-7.875 -0.0625 0
-7.875 0.1875 0
-7.875 0.0625 -0.0625
-7.8125 -0.125 0.0625
-7.875 -0.1875 0.125
-7.8125 0.1875 -0.125
-7.9375 0.125 -0.125
-7.875 0.1875 0
-7.8125 0 0.0625
-7.8125 -0.0625 -0.0625
-7.9375 0.125 -0.0625
-7.75 0.1875 -0.0625
-8 -0.0625 0.0625
-7.9375 0.0625 -0.125
-7.8125 0.125 0
-7.875 0.0625 0.0625
-7.75 -0.125 -0.0625
-7.875 0.1875 -0.0625
-8 0.0625 -0.125
-8 0 0.0625
-7.875 0.0625 -0.0625
-7.75 0.125 0
-7.625 0.125 -0.0625
-7.875 -0.125 0
-8 -0.0625 0.125
-8.125 0.0625 0
-7.875 0.0625 -0.125
-7.9375 0.3125 -0.0625
-7.9375 0.1875 0.0625
-7.9375 0.0625 0
-7.8125 0.1875 0
-7.75 -0.0625 0
-7.8125 0.125 0.0625
-7.9375 0.125 0
-7.9375 0.0625 -0.125
-7.8125 0 0.0625
-7.6875 0.125 0
-7.8125 0.125 0.0625
-7.875 0.0625 -0.0625
-7.8125 -0.125 0.0625
-7.9375 0.125 -0.0625
-7.875 -0.0625 0
-7.875 0.125 0
-7.75 0 0
-7.375 -0.0625 0
-7.5625 -0.0625 -0.0625
-7.625 -0.0625 -0.0625
-7.5625 -0.125 -0.125
-7.6875 0.0625 0
-7.5625 0.0625 0
-7.625 -0.0625 0
-7.375 -0.125 0.0625
-7.5625 -0.0625 0
-7.4375 -0.0625 0.125
-7.625 0 0
-7.6875 0.0625 0
-7.6875 0.0625 0.125
-7.5625 0.125 0.0625
-7.375 0 -0.125
-7.6875 -0.0625 -0.0625
-7.5625 -0.125 0.0625
-7.625 0 0
-7.75 0.0625 -0.125
-7.625 -0.0625 0
-7.4375 -0.0625 0.0625
