0 0 0 0
0 0 0 0
0 0 0 0
0 0 0 0
0 0 0 0
1 -0.004760742 0 0
1 -0.005432129 0 0
1 -0.0068359375 0 0
1 -0.007507324 0 0
0.9898071 -0.14221191 -0.005859375 -0.000061035156
0.9897461 -0.1428833 -0.005859375 -0.000061035156
0.989624 -0.14355469 -0.005859375 -0.000061035156
0.98950195 -0.14422607 -0.005859375 -0.000061035156
0.9894409 -0.14489746 -0.005859375 -0.000061035156
0.98931885 -0.14556885 -0.005859375 -0.000061035156
0.9892578 -0.14624023 -0.005859375 -0.000061035156
0.98913574 -0.14691162 -0.005859375 -0.000061035156
0.9890137 -0.14758301 -0.005859375 -0.000061035156
0.98895264 -0.1482544 -0.005859375 -0.000061035156
0.98883057 -0.14892578 -0.005859375 -0.000061035156
0.9887085 -0.14959717 -0.005859375 -0.00012207031
0.98864746 -0.15020752 -0.005859375 -0.00012207031
0.9885254 -0.1508789 -0.005859375 -0.00012207031
0.98846436 -0.15148926 -0.005859375 -0.00012207031
0.9883423 -0.15209961 -0.005859375 -0.00012207031
0.9882202 -0.15270996 -0.005859375 -0.00012207031
0.9881592 -0.15338135 -0.005859375 -0.00012207031
0.9880371 -0.1539917 -0.005859375 -0.00012207031
0.9879761 -0.15454102 -0.005859375 -0.00012207031
0.987854 -0.15515137 -0.005859375 -0.00012207031
0.98779297 -0.15570068 -0.005859375 -0.00012207031
0.9876709 -0.15631104 -0.005859375 -0.00012207031
0.98760986 -0.15686035 -0.005859375 -0.00012207031
0.9874878 -0.15740967 -0.005859375 -0.00012207031
0.98742676 -0.15795898 -0.005859375 -0.00018310547
0.9873657 -0.1585083 -0.005859375 -0.00018310547
0.98724365 -0.15905762 -0.005859375 -0.00018310547
0.9871826 -0.1595459 -0.005859375 -0.00018310547
0.98706055 -0.16003418 -0.005859375 -0.00018310547
0.9869995 -0.16052246 -0.005859375 -0.00018310547
0.9869385 -0.16107178 -0.005859375 -0.00018310547
0.98687744 -0.16156006 -0.005859375 -0.00018310547
0.9867554 -0.16204834 -0.005859375 -0.00018310547
0.98669434 -0.16247559 -0.005859375 -0.00018310547
0.9866333 -0.16290283 -0.005859375 -0.00018310547
0.98657227 -0.16339111 -0.005859375 -0.00018310547
0.9864502 -0.16381836 -0.005859375 -0.00024414062
0.98638916 -0.1642456 -0.005859375 -0.00024414062
0.9863281 -0.16467285 -0.005859375 -0.00024414062
0.9862671 -0.1651001 -0.005859375 -0.00024414062
0.98620605 -0.16546631 -0.005859375 -0.00024414062
0.986145 -0.16583252 -0.005859375 -0.00024414062
0.986084 -0.16619873 -0.005859375 -0.00024414062
0.98602295 -0.16656494 -0.005859375 -0.00024414062
0.9859619 -0.16693115 -0.005859375 -0.00024414062
0.98583984 -0.16760254 -0.005859375 -0.00024414062
0.9857788 -0.16796875 -0.005859375 -0.00030517578
0.4501953 -0.082092285 0.14697266 -0.8768921
0.4501953 -0.08215332 0.14715576 -0.8768921
0.45013428 -0.082336426 0.14746094 -0.87683105
0.45013428 -0.08239746 0.14758301 -0.87683105
0.4494629 -0.082336426 0.14782715 -0.87713623
0.4494629 -0.08239746 0.14794922 -0.8770752
0.44940186 -0.08251953 0.14819336 -0.8770752
0.44940186 -0.08258057 0.14831543 -0.8770752
0.44940186 -0.0826416 0.1484375 -0.87701416
0.44940186 -0.08270264 0.14849854 -0.87701416
0.44934082 -0.08276367 0.14874268 -0.8769531
0.44934082 -0.08282471 0.14880371 -0.8769531
0.44921875 -0.08282471 0.14892578 -0.87701416
0.44921875 -0.08288574 0.14904785 -0.87701416
0.44921875 -0.08294678 0.14910889 -0.8769531
0.44921875 -0.08300781 0.14923096 -0.8769531
0.4491577 -0.08306885 0.14935303 -0.8769531
0.4491577 -0.08306885 0.14941406 -0.8769531
0.44909668 -0.08306885 0.1494751 -0.8769531
0.44909668 -0.08312988 0.1494751 -0.8769531
0.44903564 -0.08312988 0.14953613 -0.87701416
0.4489746 -0.08319092 0.1496582 -0.8769531
0.4489746 -0.08319092 0.14971924 -0.8769531
0.4489746 -0.08325195 0.14971924 -0.8769531
0.44921875 -0.08325195 0.14971924 -0.87683105
0.44921875 -0.08325195 0.14978027 -0.87683105
0.4491577 -0.08331299 0.14978027 -0.87683105
0.4491577 -0.08331299 0.14978027 -0.87683105
0.4491577 -0.08331299 0.14984131 -0.87683105
0.4491577 -0.08331299 0.14984131 -0.87683105
0.4491577 -0.08331299 0.14984131 -0.87683105
0.4491577 -0.08331299 0.14984131 -0.87683105
0.44885254 -0.08331299 0.14996338 -0.8769531
0.44885254 -0.08331299 0.14996338 -0.8769531
0.44885254 -0.08331299 0.15002441 -0.8769531
0.44885254 -0.08337402 0.15002441 -0.8769531
0.44885254 -0.08337402 0.15002441 -0.8769531
0.4489746 -0.08337402 0.15002441 -0.8768921
0.4489746 -0.08337402 0.15008545 -0.8768921
0.44891357 -0.08337402 0.15008545 -0.8768921
0.44891357 -0.08337402 0.15008545 -0.8768921
0.44891357 -0.08337402 0.15008545 -0.8768921
0.44891357 -0.08337402 0.15014648 -0.8768921
0.44891357 -0.08343506 0.15014648 -0.8768921
0.44891357 -0.08343506 0.15020752 -0.8768921
0.44891357 -0.08343506 0.15020752 -0.8768921
0.44891357 -0.08343506 0.15020752 -0.8768921
0.44903564 -0.083496094 0.15020752 -0.87683105
0.44903564 -0.083496094 0.15020752 -0.87683105
0.44903564 -0.083496094 0.15026855 -0.87683105
0.44903564 -0.083496094 0.15026855 -0.87683105
0.44903564 -0.083496094 0.15026855 -0.87683105
0.44909668 -0.083496094 0.15026855 -0.87677
0.44909668 -0.083496094 0.15020752 -0.87677
0.44909668 -0.083496094 0.15026855 -0.87683105
0.44909668 -0.083496094 0.15020752 -0.87683105
0.44909668 -0.083496094 0.15020752 -0.87683105
0.449646 -0.08355713 0.15014648 -0.8765259
0.449646 -0.08355713 0.15014648 -0.8765259
0.449646 -0.08355713 0.15014648 -0.8765259
0.449646 -0.08355713 0.15014648 -0.8765259
0.449646 -0.08355713 0.15008545 -0.8765259
0.449646 -0.083496094 0.15008545 -0.8765259
0.449646 -0.083496094 0.15008545 -0.8765259
0.449646 -0.083496094 0.15008545 -0.8765259
0.449646 -0.083496094 0.15008545 -0.8765259
0.44958496 -0.083496094 0.15008545 -0.8765259
0.44970703 -0.08355713 0.15008545 -0.8765259
0.44970703 -0.08355713 0.15008545 -0.8765259
0.44970703 -0.08355713 0.15008545 -0.8765259
0.44970703 -0.08355713 0.15008545 -0.8765259
0.44970703 -0.08355713 0.15008545 -0.8765259
0.44970703 -0.08355713 0.15008545 -0.8765259
0.44970703 -0.08355713 0.15008545 -0.8765259
