0 0 0
-9.1875 0.3125 0.375
-10.6875 0.9375 0.25
-8.8125 0.9375 -0.4375
-8 0.4375 0.375
-7.3125 0.625 1
-7.9375 1.125 1
-9.75 1.5 -0.125
-11.5 1.75 -1
-9 0.8125 -0.0625
-8.875 0.6875 0.75
-6.75 0.8125 1.0625
-6.625 1.625 0.4375
-9.875 2.25 -0.6875
-10.1875 1.5 -0.0625
-8.125 0.25 0.625
-5.3125 -0.9375 0.9375
-6.625 -1.25 0.1875
-9.3125 -0.625 0.4375
-9.875 -0.375 1
-8.8125 -0.0625 1.6875
-8.6875 0.125 2
-9.5625 -1.625 0.3125
-9.625 -3.125 -0.75
-7.3125 -4.875 -1.0625
-6.9375 -8.75 -2.3125
-9.9375 -11.125 -3.8125
-10.75 -14.6875 -6.875
-9.9375 -18.375 -9.625
-8.75 -20.1875 -15
-12.375 -18 -19.125
-11.5625 -11.375 -26.75
-15.1875 -6.625 -30.75
-19.0625 -2.25 -33.9375
-19.6875 1 -35.9375
-14.125 4.8125 -39.3125
-2 6.25 -41.5
7.625 11.875 -43.4375
-13.4375 39.0625 -59.4375
-16.5625 53.0625 -63.6875
-12.375 65.0625 -65.4375
-16.125 83 -68.375
-17.9375 85.1875 -69.6875
-4.375 83.6875 -65.6875
-5.875 83.5 -59.375
-7.875 85.4375 -45
5.375 84.5 -37.9375
15.4375 84.3125 -32.5
18.4375 85.3125 -27.0625
31.9375 83.125 -16
29.625 81.5 -8.625
28.6875 81.625 2.375
32.25 87 22.375
17.8125 93.5625 26.4375
8.6875 100.25 31.5
-8.125 104.375 33
-14.625 102.8125 34.875
0 93.625 40.75
19.625 87.5625 44.4375
25.5625 83.5625 47.3125
17.375 86.75 69.3125
-3.5 92.1875 77.5625
-26.8125 95.1875 92.5
-15.0625 86.9375 103.625
8.625 74.125 113.125
25.875 62.125 120.375
31 55.3125 126.25
-8.0625 55.375 125.5
-12.625 51.5 127.5
-9.625 46.8125 132.3125
-15.9375 42.3125 136.25
-26.5625 31.125 134.1875
-26.5 23.4375 124.875
-35.625 17.375 115.125
-38.375 10.8125 110.75
-45.4375 0.375 111.8125
-51 -6.875 111.4375
-55.3125 -15.1875 109.625
-55.625 -25.0625 106.625
-46.0625 -42 102.1875
-44.5 -46.3125 99.75
-47.4375 -48.25 96.25
-48.4375 -50.4375 90.6875
-32 -59.875 78.25
-31.375 -62.625 72.375
-34.875 -63.625 69.125
-32.9375 -65.25 67.875
-34.1875 -67.9375 60.75
-41.4375 -67.6875 55.875
-41.375 -69.6875 52.25
-36.6875 -71.8125 49
-38.8125 -74.625 38.5625
-38.9375 -76.8125 31.75
-39.3125 -79.1875 25.8125
-32.4375 -82.625 22.125
-29 -86.1875 18.375
-35.9375 -88 16.5
-33.0625 -88.5625 16.25
-31.625 -88.125 12.5625
-32.8125 -87 5.1875
-34 -85.3125 -3.5625
-36.3125 -81.6875 -10.625
-44.3125 -72.25 -18.6875
-47.9375 -69.25 -22.5625
-44.1875 -68.1875 -25.0625
-37.1875 -69 -28.0625
-28.3125 -71.6875 -32.6875
-21.625 -74.3125 -36.8125
-19.5625 -75.4375 -41
-26.75 -73.5 -47.375
-36.125 -72.375 -54.375
-31.1875 -73.0625 -57.75
-24.1875 -74.8125 -59.4375
-15.75 -77.3125 -61.0625
-12.125 -78.9375 -63.25
-13.75 -78.5625 -66.6875
-20 -76.0625 -69
-21.5625 -72.875 -68.875
-18.75 -70.0625 -66.9375
-12.625 -66 -63.9375
-8.75 -59.75 -62.25
-9.5625 -52.3125 -62.4375
-9.6875 -42.5625 -60.5
-16.6875 -31.625 -59.25
-29.875 -20.5 -58.5625
-36.375 -13.75 -59
-33 -10.125 -59.1875
-29.8125 -4.375 -57.5625
-36.1875 4.875 -54.6875
-47.3125 14.1875 -52.875
-51.75 20 -53.375
-49.875 22.6875 -56.3125
-40.6875 22.875 -59.5625
-29.3125 22 -63.25
-23.1875 21.3125 -67.1875
-18.5625 19.625 -69.5625
-6.875 14.4375 -70.0625
6.8125 6.8125 -71.5
18.875 0.6875 -71.1875
32.8125 -1.9375 -71
22.9375 0.75 -75.0625
16.25 4.875 -78.6875
15.4375 8.1875 -79.375
18.125 10 -77.1875
15.375 11.3125 -76.25
13.0625 13.5 -74.125
6.8125 17.625 -70.1875
-3.5625 22.5625 -66.4375
-14.9375 29.75 -63.375
-22.3125 32.6875 -64.8125
-22.8125 32.625 -66.8125
-18.875 31.5625 -66.375
-8.6875 29.75 -60.4375
-6.375 27.0625 -54
-11.75 24.5 -48.8125
-19.8125 21.875 -45.125
-19.9375 18.625 -41.8125
-21.3125 15.8125 -39.5
-21.6875 13.5625 -39.3125
-24.25 11.0625 -40.5
-19.75 7.375 -40.0625
-17.0625 4.4375 -37
-15.875 2.125 -30.5
-11.75 0 -22.3125
-7.3125 -4 -16.5
-3 -7 -11.6875
-4.8125 -9.4375 -8.5625
-2.9375 -12.25 -5.75
2.0625 -14.4375 -2.75
1.0625 -14.375 0.5625
-3.9375 -10.5 8.5
-10.0625 -8.875 8.4375
-9.375 -7.9375 8
-7.625 -6.375 9.25
-13.875 -3.8125 11.125
-16.875 -2.125 13.8125
-12.875 -1.6875 16.625
-11.625 -1.125 17.9375
-14.875 -0.375 16.875
-16.625 0.5625 15.5625
-15.5625 0.5 14.25
-14.375 0.625 13.375
