0 0 0
0 0 0
0 0 0
0 0 0
0 0 0
2.26 1.9 -1.17
2.25 1.67 -1.19
2.23 1.78 -0.93
2.22 2.07 -0.79
2.23 2.28 -0.77
2.25 2.01 -1.03
2.26 1.88 -1.18
2.27 1.84 -1.14
2.21 2.32 -0.43
2.19 2.38 -0.32
2.19 2.27 -0.31
2.21 1.95 -0.79
2.23 2.04 -0.82
2.24 2.37 -1
2.23 2.4 -0.88
2.26 2.36 -0.81
-0.08 -0.35 0.05
-0.07 -0.48 0.35
-0.21 -0.5 0.52
-0.25 -0.62 0.57
-0.28 -1.18 0.85
-0.32 -2.09 1.01
-0.29 -2.26 0.84
-0.34 -2.17 0.45
-0.37 -3.04 -2.01
-0.44 -3.03 -2.39
-0.53 -3.13 -2.76
-0.73 -2.76 -3.36
-0.94 -2.36 -3.02
-1.21 -2.22 -2.84
-1.39 -2.42 -2.97
-1.58 -2.64 -4.76
-1.42 -4.24 -8.75
-1.44 -3.06 -9.5
-1.75 -1.47 -8.02
-1.99 -1.33 -7.07
-2.04 -0.97 -6.13
-2.16 2.39 -2.03
-2.08 3.4 -1.85
-1.88 4.25 -1.93
-1.87 4.65 -0.87
-1.83 4.54 -0.97
-1.73 4.76 -1.21
-1.83 5.47 -0.6
-1.4 6.77 -0.6
-1.14 7.92 -0.98
-0.87 8.27 -1.88
-0.75 7.3 -2.87
-0.59 5.41 -3.14
-0.5 4.22 -1.88
-0.57 3.95 -0.07
-0.57 4.34 0.98
-0.44 4.51 1.83
-0.3 5.18 1.18
-0.32 9.25 -0.45
-0.12 8.05 -1.25
-0.28 6.78 -0.5
-0.39 8.07 1.6
-0.63 7.01 6.21
-0.44 5.46 7.04
-0.37 5.83 4.37
-0.24 4.58 2.75
-0.11 3.23 2.16
-0.3 4.61 4.23
-0.4 4.2 4.61
-0.56 2.17 4.82
-0.66 -0.11 5.31
-0.54 -2.06 4.99
-0.41 0.35 5.05
-0.5 1.52 4.81
-0.62 1.67 4.65
-1.08 0.25 5.92
-1.29 -0.21 6.28
-1.4 -0.27 5.99
-1.49 -0.66 4.59
-1.47 -1.3 2.67
-1.49 -2.66 2.52
-1.49 -2.75 2.83
-1.59 -2.84 2.74
-1.45 -1.19 1.21
-1.58 -0.81 1.33
-1.62 -1.1 1.26
-1.51 -1.74 0.53
-1.62 -1.59 1.14
-1.7 -1.44 1.39
-1.71 -2.11 1.15
-1.83 -2.47 1.32
-1.93 -2.1 1.52
-1.95 -1.75 1.67
-2.07 -1.7 1.44
-2.03 -1.18 0.81
-2.03 -0.81 0.11
-2.01 -1.92 -0.5
-1.97 -3.91 -1.46
-1.96 -4.03 -2
-1.79 -3.45 -2.61
-1.69 -2.85 -3.04
-1.49 -2.1 -2.56
-1.54 -1.81 -1.95
-1.54 -1.81 -1.95
-1.61 -2.44 -0.35
-1.67 -2.2 -0.34
-1.68 -2.11 -0.56
-1.46 -2.62 -1.47
-1.5 -2.33 -0.97
-1.6 -1.42 -0.5
-1.7 -0.7 0
-1.75 -0.5 -0.13
-1.8 -0.59 -0.45
-1.74 -0.8 -1.08
-1.51 0.21 -1.99
-1.49 0.94 -2.23
-1.43 1.46 -2.37
-1.2 1.88 -3.47
-1.12 1.46 -4.3
-1.02 1.35 -5
-0.91 2.03 -5.75
-0.75 2.32 -6.45
-0.81 2.22 -6.02
-0.89 1.82 -5.1
-0.92 2.14 -4.52
-0.85 2.81 -5.31
-0.78 3.24 -6.01
-0.76 3.01 -5.66
-0.94 1.26 -3.66
-1.04 0.63 -2.69
-1.1 0.29 -1.85
-1.15 0.06 -1.21
-1.12 0.04 -1.06
-1.21 0.67 -0.56
-1.34 0.98 0.44
-1.51 0.71 0.76
-1.58 1.26 -0.01
-1.51 1.1 -1.61
-1.27 0.19 -4.14
-1.28 0.57 -4.47
-1.34 1.48 -4.18
-1.32 2.11 -3.91
-1.34 2.16 -3.81
-1.28 2.87 -4.2
-1.27 3.37 -4.57
-1.12 3.44 -4.86
-1.12 2.5 -4.48
-1.21 1.32 -3.06
-1.34 1.18 -1.92
-1.29 2.94 -0.48
-1.1 4.28 0.01
-0.89 4.51 0.55
-0.49 4.3 1.04
-0.34 3.98 1.37
-0.24 3.82 1.52
-0.15 3.65 1.61
-0.05 3 1.63
-0.03 3.16 2.01
-0.01 3.96 2.2
0.03 6.18 2.27
0.05 7.26 2.18
0.05 7.32 2.23
0 6.81 2.37
-0.08 6.17 1.63
-0.13 5.66 1.35
-0.16 5.48 1.13
-0.24 5.57 -0.11
-0.26 5.67 -0.87
-0.31 5.71 -1.3
-0.37 5.46 -1.75
-0.57 3.57 -1.77
-0.56 3.86 -1.97
-0.56 4.02 -1.95
-0.63 3.95 -1.58
-0.65 3.55 -1.32
-0.67 2.98 -1.44
-0.71 1.74 -1.46
-0.68 1.48 -1.32
-0.69 1.45 -1.13
-0.67 1.73 -1.02
-0.65 1.88 -0.85
