0 0 0 0
0 0 0 0
0 0 0 0
0 0 0 0
0 0 0 0
1 -0.0051879883 0.00018310547 0.000061035156
1 -0.005859375 0.00030517578 0.00018310547
1 -0.006652832 0.0004272461 0.00018310547
0.99993896 -0.008544922 0.0007324219 0
0.99993896 -0.009338379 0.00079345703 0
0.99993896 -0.010070801 0.0008544922 0.000061035156
0.99993896 -0.010620117 0.00091552734 0.00018310547
0.99993896 -0.0119018555 0.0012207031 0.00018310547
0.99993896 -0.0126953125 0.0014038086 0.00012207031
0.9998779 -0.013549805 0.0015258789 0.00012207031
0.9998779 -0.014770508 0.0015258789 0.00024414062
0.9998779 -0.015197754 0.0014038086 0.00030517578
0.9998779 -0.015808105 0.0013427734 0.00036621094
0.9998779 -0.017211914 0.001159668 0.00036621094
0.9998169 -0.018066406 0.001159668 0.0004272461
0.9998169 -0.018798828 0.001159668 0.0005493164
0.9890137 0.09112549 -0.1161499 -0.0014038086
0.9890747 0.09033203 -0.11627197 -0.0015258789
0.98913574 0.089538574 -0.11651611 -0.0017089844
0.98913574 0.08831787 -0.11743164 -0.0021362305
0.98913574 0.087768555 -0.11816406 -0.0024414062
0.9890747 0.0869751 -0.11907959 -0.0029907227
0.9890137 0.086120605 -0.12023926 -0.0037841797
0.9887085 0.08496094 -0.12335205 -0.0059814453
0.9885254 0.08441162 -0.124938965 -0.007507324
0.9884033 0.08355713 -0.12628174 -0.009338379
0.9882202 0.08227539 -0.1281128 -0.013916016
0.9882202 0.08135986 -0.128479 -0.016723633
0.98828125 0.08013916 -0.12835693 -0.01977539
0.9884033 0.07788086 -0.12750244 -0.026245117
0.98846436 0.0770874 -0.12677002 -0.029663086
0.98846436 0.07739258 -0.12597656 -0.033081055
0.9884033 0.078552246 -0.12475586 -0.03656006
0.98876953 0.07891846 -0.11871338 -0.045410156
0.98913574 0.07836914 -0.11376953 -0.05053711
0.98950195 0.07824707 -0.10784912 -0.055664062
0.99035645 0.077819824 -0.093566895 -0.06616211
0.99072266 0.07733154 -0.0859375 -0.07159424
0.99090576 0.077941895 -0.078430176 -0.07659912
0.991272 0.078430176 -0.06347656 -0.08483887
0.9914551 0.07861328 -0.05596924 -0.08807373
0.9914551 0.079833984 -0.048706055 -0.09069824
0.9914551 0.08190918 -0.041503906 -0.09277344
0.99121094 0.0871582 -0.027282715 -0.095458984
0.99102783 0.09057617 -0.020446777 -0.09613037
0.9908447 0.09375 -0.013793945 -0.096191406
0.99072266 0.09680176 -0.0072631836 -0.09527588
0.9904785 0.103393555 0.006164551 -0.09082031
0.9904175 0.10559082 0.013671875 -0.08782959
0.9904175 0.1071167 0.02166748 -0.08428955
0.9904785 0.10723877 0.030212402 -0.080566406
0.9906006 0.10681152 0.03857422 -0.076660156
0.99035645 0.10784912 0.054016113 -0.068237305
0.98999023 0.11016846 0.060791016 -0.06384277
0.98913574 0.11541748 0.0736084 -0.053771973
0.9887085 0.11767578 0.080078125 -0.04724121
0.9883423 0.11828613 0.08703613 -0.039855957
0.98773193 0.11651611 0.101135254 -0.023071289
0.9873047 0.11633301 0.107421875 -0.013427734
0.98657227 0.11816406 0.11248779 -0.0033569336
0.9857178 0.12145996 0.11639404 0.007080078
0.9846802 0.12524414 0.11975098 0.017822266
0.9828491 0.1282959 0.1262207 0.039978027
0.9819336 0.12841797 0.12908936 0.05126953
0.980896 0.12884521 0.13146973 0.06286621
0.97979736 0.12884521 0.13342285 0.07476807
0.97753906 0.12774658 0.13580322 0.09857178
0.9764404 0.12677002 0.13616943 0.109436035
0.9755249 0.125 0.13598633 0.119506836
0.9746094 0.12298584 0.13531494 0.12921143
0.9727783 0.11883545 0.13250732 0.14855957
0.9719238 0.1159668 0.13018799 0.15820312
0.97106934 0.112854004 0.12713623 0.16766357
0.9703369 0.10974121 0.12322998 0.17675781
0.96875 0.105041504 0.113586426 0.19396973
0.9678955 0.10308838 0.1081543 0.20214844
0.967041 0.10089111 0.10253906 0.21002197
0.96624756 0.09863281 0.09680176 0.21740723
0.96466064 0.09613037 0.0847168 0.23028564
0.9639282 0.09527588 0.07836914 0.23590088
0.9631958 0.094177246 0.07196045 0.24121094
0.9624634 0.09320068 0.06542969 0.24645996
0.9609375 0.0914917 0.052124023 0.2559204
0.96032715 0.08984375 0.045288086 0.26013184
0.9597168 0.088256836 0.038330078 0.26397705
0.95910645 0.08703613 0.031311035 0.2675171
0.95806885 0.084350586 0.017028809 0.27331543
0.95770264 0.08300781 0.009643555 0.27539062
0.95739746 0.08166504 0.0021362305 0.27697754
0.9570923 0.08099365 -0.005432129 0.27819824
0.9567871 0.08068848 -0.013183594 0.27905273
0.95617676 0.07910156 -0.02923584 0.2803955
0.9557495 0.07849121 -0.03729248 0.28100586
0.9553833 0.07800293 -0.04522705 0.28131104
0.9550781 0.07739258 -0.05303955 0.2810669
0.9550171 0.076660156 -0.06072998 0.2800293
0.9552002 0.074401855 -0.07519531 0.27648926
0.95544434 0.072631836 -0.081970215 0.27423096
0.9557495 0.070495605 -0.08850098 0.27160645
0.9560547 0.06866455 -0.09484863 0.26885986
0.9562988 0.06744385 -0.101135254 0.26586914
0.95654297 0.06707764 -0.10736084 0.26257324
0.9567871 0.06732178 -0.11364746 0.25897217
0.9570923 0.06774902 -0.11993408 0.25506592
0.9574585 0.06762695 -0.12615967 0.25048828
0.9580078 0.066833496 -0.13250732 0.2453003
0.9585571 0.066467285 -0.13873291 0.23986816
0.9589844 0.066711426 -0.1449585 0.23431396
0.95928955 0.06768799 -0.15118408 0.22875977
0.9595337 0.0690918 -0.15740967 0.22302246
0.95977783 0.0703125 -0.16363525 0.21691895
0.960083 0.07104492 -0.1697998 0.21063232
0.9603882 0.0715332 -0.17565918 0.20428467
0.9605713 0.072265625 -0.18127441 0.19812012
0.96069336 0.07330322 -0.18640137 0.19232178
0.9607544 0.074523926 -0.19104004 0.18676758
0.9609375 0.07556152 -0.19500732 0.18121338
0.9612427 0.07647705 -0.19824219 0.17584229
0.9616699 0.076538086 -0.2006836 0.17053223
0.9623413 0.07543945 -0.20239258 0.16516113
0.96313477 0.07366943 -0.20361328 0.15966797
0.9639282 0.072143555 -0.20452881 0.1541748
0.9647827 0.070739746 -0.20495605 0.14898682
0.9657593 0.06866455 -0.20465088 0.1439209
0.96691895 0.06555176 -0.20373535 0.13885498
0.96813965 0.06201172 -0.20245361 0.13372803
0.9694214 0.058654785 -0.2008667 0.12835693
0.9706421 0.05609131 -0.19909668 0.122924805
0.9717407 0.054504395 -0.19732666 0.11730957
0.9729004 0.053527832 -0.1954956 0.11151123
0.973938 0.05291748 -0.19372559 0.10559082
0.9747925 0.05340576 -0.19226074 0.099731445
0.97546387 0.05505371 -0.19134521 0.09399414
0.97595215 0.057739258 -0.1907959 0.08843994
0.9762573 0.061584473 -0.19036865 0.08312988
0.97662354 0.064697266 -0.18969727 0.07727051
0.9771118 0.06726074 -0.18878174 0.07110596
0.9776001 0.06976318 -0.18756104 0.064819336
0.9780884 0.07244873 -0.18615723 0.058776855
0.9785156 0.0748291 -0.18469238 0.05279541
0.9789429 0.07702637 -0.18304443 0.046936035
0.97943115 0.07861328 -0.18109131 0.041381836
0.9800415 0.07922363 -0.17877197 0.035949707
0.9807739 0.07885742 -0.17590332 0.030700684
0.9815674 0.07788086 -0.17285156 0.02520752
0.9822998 0.0769043 -0.16973877 0.01953125
0.9829712 0.07623291 -0.16668701 0.013977051
0.9834595 0.07635498 -0.1638794 0.009033203
0.98394775 0.076538086 -0.16125488 0.004638672
0.984375 0.076171875 -0.15893555 0.0005493164
0.9847412 0.07513428 -0.15679932 -0.0032958984
0.9851074 0.074035645 -0.15496826 -0.006958008
0.9854126 0.07281494 -0.15338135 -0.010437012
0.9857178 0.0715332 -0.15197754 -0.013916016
0.9859009 0.070007324 -0.15081787 -0.01751709
0.986084 0.06890869 -0.14990234 -0.021057129
0.986145 0.06793213 -0.14929199 -0.024353027
0.98620605 0.0670166 -0.14892578 -0.027038574
0.98620605 0.066345215 -0.14874268 -0.029052734
0.986145 0.06591797 -0.14898682 -0.030578613
0.986084 0.0657959 -0.1494751 -0.03161621
0.9859619 0.06542969 -0.15020752 -0.032470703
0.9857788 0.06524658 -0.15118408 -0.03302002
0.9855957 0.06542969 -0.15240479 -0.033325195
0.9852295 0.06518555 -0.15472412 -0.033081055
0.98516846 0.064697266 -0.15563965 -0.03253174
0.9851074 0.0637207 -0.15637207 -0.031982422
0.9851074 0.062805176 -0.15704346 -0.03149414
0.9850464 0.062072754 -0.15759277 -0.030883789
0.9851074 0.06072998 -0.15795898 -0.030151367
0.9852295 0.059143066 -0.15814209 -0.02923584
0.9852905 0.057800293 -0.15838623 -0.028015137
0.98535156 0.056640625 -0.1585083 -0.026672363
0.98547363 0.05517578 -0.15856934 -0.02545166
0.9855957 0.053527832 -0.15863037 -0.024414062
0.98565674 0.05206299 -0.15863037 -0.0234375
0.9857788 0.050720215 -0.15863037 -0.022460938
