0 0 0
0 0 0
0 0 0
0 0 0
0 0 0
2.5625 1 -5.75
3.3125 0.875 -7.5
3.9375 0.6875 -9.3125
4.5 0.5625 -10.8125
4.875 0.5 -11.9375
5.0625 0.625 -12.25
5.125 0.9375 -12
5.125 1.25 -11.8125
5.125 1.6875 -11.6875
5.1875 2.125 -11.3125
5.0625 3.0625 -9.25
4.875 3.5625 -7.375
4.6875 3.9375 -5.625
4.4375 4.1875 -4.125
3.8125 4.4375 -1.3125
3.4375 4.5 0.25
2.875 4.4375 2.0625
1.875 4.25 4.9375
1.5625 4.125 5.6875
1.3125 3.9375 6.125
1.25 3.625 6.5625
1.375 3.5625 6.625
1.5 3.5 6.8125
1.5625 3.5 6.9375
1.875 3.4375 7.3125
1.9375 3.375 7.5
2 3.25 7.5625
2 3.125 7.5625
1.875 2.9375 7.4375
1.6875 2.875 7.4375
1.5 2.875 7.25
1.375 2.875 7.125
1 2.75 6.875
0.8125 2.625 6.8125
0.625 2.5 6.75
0.4375 2.375 6.75
0.125 2.125 6.625
0.125 2 6.5
0.125 1.9375 6.3125
0.125 1.8125 6.1875
0.1875 1.6875 6
0.25 1.5625 5.8125
0.25 1.4375 5.5625
0.25 1.125 5.125
0.1875 0.9375 4.875
0.1875 0.6875 4.5625
0.1875 0.5 4.25
0.125 0.25 4.0625
0.125 0 3.875
0.0625 -0.1875 3.8125
0.0625 -0.4375 3.6875
0.0625 -0.75 3.4375
0 -1.0625 3.1875
359.8125 -1.6875 2.4375
359.625 -2.0625 2
359.5 -2.375 1.625
359.3125 -2.75 1.1875
358.875 -3.5625 0.125
358.6875 -3.9375 -0.375
358.4375 -4.1875 -0.875
358.1875 -4.5 -1.375
357.9375 -4.6875 -1.875
357.625 -4.9375 -2.4375
357 -5.3125 -3.3125
356.6875 -5.4375 -3.6875
356.375 -5.5625 -4.0625
355.75 -5.75 -4.8125
355.375 -5.8125 -5.25
355 -5.8125 -5.625
354.625 -5.8125 -6.0625
354.25 -5.875 -6.5625
353.8125 -5.875 -7.125
353.3125 -5.9375 -7.6875
352.75 -6 -8.25
352.1875 -6.0625 -8.875
351.5 -6.125 -9.4375
350.8125 -6.25 -10.125
350.1875 -6.3125 -10.875
349.5 -6.4375 -11.5
348.8125 -6.5625 -12.125
348.0625 -6.6875 -12.75
347.25 -6.75 -13.25
346.5 -6.875 -13.8125
345.75 -6.9375 -14.375
345.125 -6.9375 -14.9375
344.4375 -6.875 -15.5
343.75 -6.75 -16.0625
343 -6.5625 -16.5
342.125 -6.3125 -16.6875
341.1875 -6 -16.5625
340.25 -5.75 -16.75
339.4375 -5.4375 -17.125
338.75 -5.1875 -17.625
338 -4.875 -18.1875
337.3125 -4.4375 -18.5625
336.5625 -3.9375 -18.8125
335.875 -3.375 -19.125
335.3125 -2.75 -19.625
334.8125 -2.125 -20.125
334.375 -1.4375 -20.75
333.9375 -0.6875 -21.5
333.5625 0.0625 -22.25
333.25 0.875 -23.0625
332.9375 1.8125 -24
332.6875 2.75 -24.875
332.5 3.75 -25.625
332.375 4.75 -26.3125
332.25 5.6875 -27.0625
332.1875 6.625 -27.9375
332.1875 8.5 -29.125
332.1875 8.5 -29.125
332.1875 9.375 -29.75
332.25 10.25 -30.4375
332.375 11.0625 -31.1875
332.5 11.9375 -31.9375
332.6875 12.9375 -32.625
332.875 13.9375 -33.25
333.125 15 -33.875
333.375 16.0625 -34.3125
333.5625 17 -34.9375
333.8125 17.9375 -35.5
334.0625 18.875 -36.0625
334.375 19.8125 -36.8125
334.8125 20.75 -37.625
335.3125 21.6875 -38.625
335.875 22.75 -39.4375
336.5 23.9375 -40.0625
337.0625 25.1875 -40.5
337.6875 26.375 -40.75
338.3125 27.5 -40.9375
339.8125 29.625 -41.0625
339.8125 29.625 -41.0625
340.6875 30.5625 -41.125
341.5625 31.375 -41.3125
342.625 32.3125 -41.5
343.6875 33.375 -41.625
344.75 34.5 -41.5
345.8125 35.6875 -41.3125
346.8125 36.875 -41
347.8125 37.9375 -40.625
348.75 38.875 -40.1875
349.75 39.6875 -39.6875
350.75 40.4375 -39.1875
351.875 41.125 -38.6875
353 41.8125 -38.125
354.125 42.5 -37.375
355.25 43.1875 -36.5625
356.375 43.8125 -35.75
357.5 44.3125 -34.8125
358.75 44.875 -33.875
91.1875 45.75 -31.5625
92.4375 46.0625 -30.3125
93.625 46.3125 -29
94.6875 46.5 -27.625
95.8125 46.5625 -26.125
95.8125 46.5625 -26.125
96.875 46.625 -24.625
97.9375 46.5625 -23.0625
99.0625 46.4375 -21.375
100.125 46.1875 -19.5625
101.3125 45.75 -17.6875
102.375 45.1875 -15.8125
13.5 44.4375 -13.9375
14.625 43.5 -12.125
15.75 42.5 -10.375
16.8125 41.4375 -8.625
17.9375 40.3125 -6.9375
19 39.1875 -5.1875
20.125 38.0625 -3.5625
21.25 36.875 -2.0625
23.25 34.3125 0.5625
23.25 34.3125 0.5625
24.125 32.9375 1.625
24.9375 31.375 2.5
25.75 29.75 3.125
26.5 28.125 3.5625
27.125 26.4375 3.75
27.625 24.875 3.875
28 23.375 4
28.3125 22 4.125
28.5 19.625 4.5625
28.4375 18.5 4.75
28.375 17.3125 4.9375
28.1875 16.125 5.125
27.5625 13.4375 5.3125
27.25 12.125 5.25
26.9375 10.875 5.3125
26.625 9.6875 5.5
25.875 7.625 6.0625
25.4375 6.625 6.375
25 5.625 6.75
24.625 4.625 7.25
24.1875 3.625 7.625
23.6875 2.5 7.875
23.125 1.3125 8.125
22.5 0.1875 8.4375
20.9375 -1.875 9.5
20.125 -2.8125 10.0625
19.25 -3.75 10.5
18.375 -4.75 10.8125
17.4375 -5.75 11
16.5 -6.6875 11.1875
14.375 -8.375 12
13.1875 -9.0625 12.5625
11.9375 -9.8125 13.0625
10.625 -10.5 13.3125
9.25 -11.1875 13.3125
7.9375 -11.875 13.25
5.4375 -12.625 13.4375
4.1875 -12.6875 13.9375
2.9375 -12.625 14.5
1.75 -12.4375 14.8125
0.5 -12.1875 15.125
359.375 -11.875 15.3125
358.1875 -11.5 15.4375
357.0625 -11 15.5
354.9375 -9.75 15.8125
354.9375 -9.75 15.8125
353.9375 -9 16.125
353 -8.25 16.25
352.125 -7.5 16.1875
351.375 -6.6875 16.125
350.6875 -5.8125 16.125
350.1875 -5 15.875
349.5625 -3.125 15.125
349.5625 -3.125 15.125
349.25 -0.9375 15.1875
349.125 0 15.3125
349.125 0 15.3125
349.0625 0.875 15.4375
348.9375 2 15.5625
348.9375 2.3125 15.625
349 2.5625 15.4375
349.0625 2.8125 15.1875
349.0625 2.8125 15.1875
349.125 3.1875 15
349.25 3.6875 15
349.3125 4.1875 15.125
349.5625 5.125 15.125
349.5625 5.125 15.125
349.6875 5.4375 14.9375
349.75 5.5625 14.75
350.125 5.75 14.3125
350.125 5.75 14.3125
350.4375 5.9375 14.0625
350.75 6.3125 14.125
351 6.75 14.375
351.25 7.25 14.6875
351.625 8.0625 14.9375
351.625 8.0625 14.9375
351.75 8.375 14.8125
351.8125 8.5625 14.5625
351.8125 8.6875 14.375
351.8125 8.9375 14.1875
351.9375 9.0625 14.1875
351.9375 9.0625 14.1875
352.0625 9.1875 14.125
352.1875 9.3125 14.125
352.3125 9.5 14.125
352.375 9.625 14.0625
352.5 9.6875 13.9375
352.5625 9.75 13.75
352.5625 9.75 13.5
352.625 9.6875 13.1875
352.625 9.625 12.9375
352.625 9.5625 12.625
352.625 9.375 12.375
352.6875 9.25 12.125
352.75 9.125 11.875
352.875 9 11.6875
352.9375 8.875 11.5625
353.0625 8.8125 11.4375
353.1875 8.75 11.25
353.25 8.6875 11.0625
353.375 8.625 10.9375
353.4375 8.625 10.8125
353.5625 8.625 10.75
353.625 8.625 10.6875
353.6875 8.5625 10.625
353.75 8.5625 10.5625
353.75 8.5625 10.4375
353.8125 8.5625 10.3125
353.8125 8.5625 10.1875
353.875 8.5625 10
353.875 8.5625 10
353.875 8.5 9.9375
353.9375 8.5 9.875
353.9375 8.4375 9.75
354 8.375 9.6875
354 8.375 9.5625
354 8.3125 9.4375
354.0625 8.25 9.3125
354.0625 8.25 9.1875
354.125 8.1875 9.125
354.1875 8.1875 9
354.25 8.1875 8.9375
354.3125 8.1875 8.8125
354.3125 8.1875 8.75
354.375 8.125 8.6875
354.375 8.125 8.625
354.375 8.125 8.5
354.375 8.125 8.4375
354.4375 8.125 8.25
354.4375 8.125 8.1875
354.4375 8.125 8.1875
354.5 8.0625 8.125
354.5 8.0625 8.0625
354.5625 8.0625 8
354.5625 8 7.9375
354.5625 7.9375 7.875
354.625 7.9375 7.875
354.625 7.9375 7.875
354.625 7.8125 7.75
354.625 7.8125 7.75
354.6875 7.6875 7.625
354.6875 7.6875 7.625
354.75 7.5625 7.5625
354.8125 7.5 7.4375
354.875 7.4375 7.375
354.875 7.3125 7.3125
354.875 7.25 7.1875
354.875 7.1875 7.125
354.875 7.1875 7.0625
354.9375 7.125 6.9375
355 7.125 6.875
