0 0 0
0 0 0
0 0 0
0 0 0
0 0 0
359.875 -0.0625 -0.5625
359.875 -0.125 -0.625
359.875 -0.125 -0.6875
359.875 -0.125 -0.6875
359.875 -0.125 -0.75
359.8125 -0.125 -0.8125
359.8125 -0.125 -0.9375
359.8125 -0.1875 -1.0625
359.75 -0.1875 -1.25
359.6875 -0.25 -1.625
359.6875 -0.25 -1.625
359.6875 -0.25 -1.6875
359.6875 -0.25 -1.625
359.75 -0.25 -1.625
359.8125 -0.25 -1.75
359.875 -0.25 -1.875
359.9375 -0.3125 -2
0 -0.3125 -2.125
0 -0.3125 -2.125
0.0625 -0.3125 -2.1875
0.0625 -0.3125 -2.1875
0.125 -0.3125 -2.1875
0.125 -0.3125 -2.1875
0.125 -0.375 -2.0625
0.125 -0.375 -1.9375
0.1875 -0.375 -1.75
0.25 -0.4375 -1.375
0.25 -0.5 -0.9375
0.3125 -0.6875 -0.5625
0.4375 -0.8125 -0.5
0.5625 -1 -0.5
0.8125 -1.1875 -0.5625
1 -1.375 -0.6875
1.25 -1.5 -0.8125
1.5625 -1.6875 -1.125
2.1875 -2 -2.0625
2.1875 -2 -2.0625
2.4375 -2.125 -2.8125
2.9375 -2.375 -4.5
3.125 -2.3125 -5.25
3.25 -2.0625 -5.875
3.25 -2.0625 -5.875
3.375 -1.6875 -6.5
3.4375 -1.1875 -7
3.5625 -0.5 -7.4375
3.625 1 -8.3125
3.625 1 -8.3125
3.625 1.8125 -8.9375
3.5 2.625 -9.625
3.3125 3.375 -10.4375
3.0625 4.25 -11.3125
2.8125 5.125 -12.1875
2.3125 7.375 -13.8125
2.0625 8.75 -14.4375
1.8125 10.25 -15.0625
1.5625 11.75 -15.625
1.25 13.25 -16.3125
0.9375 14.6875 -17
0.9375 14.6875 -17
0.5625 16.125 -17.5625
0.1875 17.4375 -18.0625
359.8125 18.75 -18.4375
359.375 19.9375 -18.8125
359 21.125 -19.1875
358.6875 22.25 -19.625
358.375 23.375 -20.1875
358.0625 24.4375 -20.6875
357.8125 25.4375 -21.125
357.5 26.4375 -21.4375
357.25 27.4375 -21.625
357.0625 28.3125 -21.75
356.9375 29.1875 -21.8125
356.9375 29.9375 -21.8125
357 30.625 -21.6875
357.125 31.1875 -21.5625
357.25 31.6875 -21.375
357.375 32.0625 -21.125
357.5 32.3125 -20.875
357.75 32.5 -20.5625
358.5 32.6875 -19.8125
359.125 32.6875 -19.375
359.8125 32.625 -18.8125
0.5625 32.4375 -18.1875
1.25 32.0625 -17.3125
2.0625 31.625 -16.4375
2.9375 31 -15.5625
3.875 30.375 -14.5625
4.875 29.625 -13.5
5.875 28.75 -12.5
8 26.75 -10.1875
9.0625 25.625 -9.0625
10.25 24.375 -8.1875
11.5 23 -7.75
12.6875 21.5625 -7.375
13.75 20.1875 -7
14.6875 18.875 -6.625
15.5625 17.5625 -6.1875
16.375 16.375 -5.8125
17.1875 15.3125 -5.4375
18.8125 13.375 -4.9375
19.6875 12.625 -4.75
20.5 12 -4.4375
21.1875 11.625 -4
21.875 11.375 -3.5625
22.4375 11.1875 -3.5
22.9375 11 -3.875
23.3125 10.875 -4.375
23.5 10.875 -4.875
23.5625 11.0625 -5.3125
23.5625 11.9375 -5.9375
23.4375 12.625 -6.3125
23.3125 13.5 -6.6875
23.125 14.4375 -7.0625
22.875 15.4375 -7.5625
22.5 16.4375 -8
22.0625 17.5 -8.4375
21.5625 18.5 -9
20.6875 20.4375 -10.5
20.25 21.4375 -11.375
19.8125 22.5 -12.25
19.375 23.5 -13.1875
18.9375 24.5625 -14.0625
18.5 25.625 -14.9375
18 26.75 -15.75
17.5 27.8125 -16.625
16.9375 28.875 -17.625
16.3125 30 -18.625
15.75 31.125 -19.6875
14.5625 33.3125 -21.8125
13.9375 34.375 -22.8125
13.375 35.3125 -23.75
12.8125 36.1875 -24.625
12.25 36.9375 -25.375
11.875 37.5625 -26
11.3125 38.5625 -27.125
11.0625 38.9375 -27.4375
10.8125 39.25 -27.625
10.625 39.5 -27.6875
10.5 39.6875 -27.625
10.375 39.8125 -27.5625
10.25 39.875 -27.5
10.25 39.875 -27.4375
10.25 39.8125 -27.3125
10.375 39.8125 -27.125
10.5625 39.75 -26.75
10.9375 39.75 -26.3125
11.5 39.625 -25.75
12.1875 39.5 -25.1875
13 39.3125 -24.5625
13.75 38.9375 -23.875
14.4375 38.5625 -23.1875
15.125 38.125 -22.5
15.875 37.6875 -21.75
16.625 37.3125 -20.9375
17.375 37 -19.875
18.125 36.6875 -18.75
18.875 36.25 -17.6875
19.6875 35.75 -16.625
20.4375 35.125 -15.5
21.25 34.375 -14.3125
22.1875 33.5 -13.25
23.25 32.5625 -12.25
24.3125 31.625 -11.375
25.375 30.6875 -10.4375
26.375 29.75 -9.625
27.3125 28.75 -8.9375
28.25 27.875 -8.3125
29.125 26.9375 -7.625
30 26.125 -7
31.8125 24.625 -6.0625
31.8125 24.625 -6.0625
32.5625 23.9375 -5.75
33.25 23.375 -5.4375
33.75 22.9375 -5.1875
34.1875 22.5 -4.8125
34.5 22.1875 -4.5
34.75 22 -4.1875
34.9375 21.8125 -4
35.125 21.625 -3.6875
35.1875 21.5 -3.375
35.1875 21.4375 -3
35.125 21.375 -2.75
34.9375 21.375 -2.375
34.875 21.4375 -2.25
34.6875 21.5 -2.125
34.5625 21.5625 -2
34.4375 21.625 -1.9375
34.375 21.6875 -1.875
34.125 21.75 -1.9375
34 21.8125 -2
33.875 21.875 -2.0625
33.75 22 -2.