0 0 0
-6.5 0.125 0.9375
-6.75 2.25 3.125
-8.1875 2.75 1.375
-8.25 1.9375 -1.125
-8.0625 1.375 -0.8125
-3.5625 0.375 1.6875
-4.0625 0.25 1.5625
-4.875 0.625 1.625
-6.125 1.5625 1.625
-11.0625 2.4375 1.5
-16.4375 3.1875 1.75
-19 2.8125 2.5625
-18.75 2.3125 3
-17.1875 1.875 3.5
-7.3125 0.8125 3.625
0.625 -0.375 0.875
3.1875 -0.8125 -2.875
0.8125 -0.5625 -5.4375
-8.625 1.25 -6.8125
-16 2.1875 -6.625
-14.75 1.75 -5.75
-9.1875 1.4375 -4.625
-3.9375 0.625 -4.125
-1.5 -0.0625 -3.9375
-1.25 -0.0625 -3.375
-0.9375 0.875 -2.125
2 1.8125 -0.75
8.3125 2.4375 -0.625
14.8125 2.8125 -2
40.0625 4.4375 -3.25
44.8125 8.5625 -2.1875
33.125 14 -5.1875
12 18 -11.5625
-2.9375 19.875 -17.25
-8.1875 19.5 -20.6875
-8.375 17.0625 -23.9375
-14.75 15.8125 -27.5625
-28 16.125 -30.25
-39.75 17.125 -30.5625
-59.6875 17.25 -31.5625
-72.5625 17.4375 -29.5625
-84.9375 15.5 -27.25
-87.0625 8.0625 -24.5625
-76.6875 -4.5625 -21.0625
-66.125 -20.25 -17.3125
-59.9375 -36.75 -14.4375
-53.75 -52.5 -14.125
-44.375 -66.9375 -13.75
-43.25 -77.75 -11.9375
-50.9375 -83.6875 -8.625
-62.75 -85.625 -2.9375
-71.8125 -85.0625 6.3125
-80.4375 -85.375 15.75
-88.25 -90 20
-88.9375 -100.25 19.8125
-84.8125 -114.8125 15.875
-73.625 -132.5625 11.75
-57.375 -149.625 10.375
-51.5625 -159.9375 10.6875
-51.8125 -165.3125 12.125
-57.75 -165.1875 14.1875
-53.6875 -162.125 17.3125
-39.5 -157.5 19.4375
-30.8125 -151.4375 19.8125
-21 -145.75 20.875
-14.375 -140.875 21.4375
-16.25 -136.625 19.6875
-20.75 -130.625 19
-27.25 -125 17.8125
-29 -122 14.6875
-21.4375 -119.8125 11.1875
-6.625 -115.625 9.3125
5.5625 -109.375 7.1875
8.3125 -100.625 1.4375
7.375 -90.3125 -7.9375
8.5625 -79.375 -16.3125
11.375 -67.4375 -21.3125
12 -55.1875 -24.375
16.1875 -43.8125 -25
18.8125 -32.0625 -24.1875
16.9375 -20.5 -24.6875
15.4375 -9.625 -28.5625
12.875 0.75 -36.5
9.6875 10.1875 -48.75
6.25 20.625 -61.875
7.375 33.1875 -69.5
15.4375 46.875 -72.5
27.4375 60.9375 -74.8125
31.5625 75.5625 -79.3125
27.4375 87.4375 -86.5625
36.9375 104.3125 -101.0625
37.25 114.3125 -104.5
42.5 123.3125 -106.6875
53.8125 131.125 -108
51.25 139.5625 -112.25
23.375 150.75 -117
-13.75 158.875 -117.8125
-16.625 160.625 -109.875
-5.125 157.5625 -99.125
4.3125 150.8125 -89
9.375 131.875 -79.3125
11.25 121.875 -78.1875
5.875 112.875 -78.9375
-2 101.5 -82.375
3.25 84.1875 -84.6875
8.0625 68.25 -82.1875
30.5625 46.5625 -76.375
33.625 29.5 -68.625
-7.125 23.6875 -59.875
-48.4375 21 -47.3125
-55.5625 2.0625 -15.25
-41.25 -16 -3.9375
-33.0625 -36.0625 2
-31.9375 -55.75 5.3125
-33.9375 -74.4375 7.9375
-31.125 -90.9375 13
-33.75 -101.5625 19.5
-37.5 -107.3125 25.6875
-33 -110.375 34.625
-35.4375 -112.5 44.875
-48.1875 -112.0625 45.5
-61.875 -111.625 46.25
-63.6875 -113.25 47.625
-63.75 -116.875 47.25
-60.9375 -122.9375 43.625
-53.0625 -126.875 42.6875
-45.6875 -129.8125 45.125
-48.5625 -130 49.125
-51.1875 -132.4375 51.625
-51.75 -136.4375 53.6875
-51.25 -140 54.75
-51.6875 -141.375 53.1875
-36.125 -137.6875 49.25
-27.875 -129.9375 47.3125
-26 -117.75 44.3125
-19.6875 -103.875 39.375
-16.625 -88.8125 32.5
-19.4375 -74.25 24
-15.125 -62.25 16.625
-6.1875 -52.625 14.25
6 -43 13.625
14.75 -33.6875 9.3125
16.4375 -24.625 3.5625
15.1875 -14.4375 2.5625
11.625 -5.25 3.1875
8.5625 0.875 1.1875
9.8125 9.375 -11.625
11.625 15.625 -23.5
8.125 23.75 -38.4375
5 33.75 -52.75
-0.25 45.125 -62.875
-4.8125 57.125 -65.8125
-3.125 66 -64.5625
3.625 71.0625 -61.6875
7.3125 74.1875 -60
6.875 74.875 -64.375
14.375 71.25 -73.125
31.1875 65.5 -79.0625
43.125 63.75 -81.5625
37.375 69.125 -82.375
34.125 79.5625 -81
46.125 92.0625 -81.6875
42.5 105.5625 -87.5
29.5 116.25 -94.625
21.0625 120.5 -101.1875
14 119.8125 -104.1875
21.5 118.25 -101.3125
12.875 118 -97.8125
9 116.375 -92.3125
12.625 111.1875 -89.125
15.0625 104.75 -89.3125
14.6875 97.5625 -90.25
7.5 91.0625 -90.6875
-3.875 85.375 -85.375
-4.1875 77.375 -75.25
-1 64.6875 -64.25
3.8125 54.8125 -54.375
16.8125 46.75 -40.5
19.3125 32.5 -35.3125
14.625 24.0625 -30
14.75 20.75 -24.1875
22.9375 19.0625 -18.3125
28.5625 15.6875 -11.6875
30.5625 10.5625 -6.0625
26.8125 4.6875 -1.6875
22.625 0 3.375
17.9375 -3.625 6.68