0 0 0
0 0 0
0 0 0
0 0 0
-0.61 4.92 -1.32
-0.58 5.26 -1.32
-0.55 5.12 -1.37
-0.52 4.94 -1.69
-0.49 5.01 -1.81
-0.53 5.02 -1.79
-0.52 5.17 -1.7
-0.54 5.24 -1.51
-0.52 5.06 -1.31
-0.56 4.94 -1.32
-0.58 4.65 -1.37
-0.53 3.96 -1.27
-0.44 3.45 -1.58
-0.43 3.92 -1.79
-0.36 4.51 -1.93
-0.4 5.32 -1.72
-0.47 5.43 -1.48
-0.47 5.47 -1.39
-0.51 5.47 -1.32
-0.54 5.4 -1.42
-0.56 5.56 -1.69
-0.56 5.8 -1.86
-0.6 5.6 -2.16
-0.62 5.13 -2.08
-0.53 4.64 -2.17
-0.46 4.09 -2.21
-0.18 4.81 -3.01
0.11 4.69 -3.55
-0.13 3.87 -3.97
0.03 2.54 -2.42
-0.02 2.92 -1.58
0 3.15 -0.79
0.18 3.78 -0.26
0.06 4.11 -0.1
0.1 5.48 0.32
-0.18 6.53 2.03
-0.32 7.6 3.09
-0.47 8.11 4.64
-0.64 8.45 6.62
-1.28 9.04 10.24
-1.58 9.25 11.2
-1.85 9.45 11.59
-2.15 8.53 10.72
-2.28 8.82 9.78
-2.3 9.47 8.5
-2.27 10.45 7.03
-2.08 12.09 4.41
-2.12 12.78 3.77
-2.22 12.77 3.94
-2.61 9.46 6.35
-2.94 7.85 7.81
-3.32 6.43 8.89
-3.67 5.74 9.42
-4.11 6.54 7.8
-4.29 7.04 5.29
-4.34 7.56 2.97
-4.11 7.99 -1.25
-4.14 7.89 -2.7
-4.18 7.2 -3.93
-4.24 6.53 -4.97
-4.29 6.32 -5.58
-4.35 5.83 -5.68
-4.35 5.26 -5.68
-4.15 5.16 -6.51
-4.02 4.55 -6.35
-4.07 3.67 -6.1
-4.07 3.12 -6.11
-3.92 2.91 -7.38
-3.83 2.39 -8.27
-3.69 1.34 -9.32
-3.57 -0.31 -10.61
-3.51 0.13 -11.02
-3.46 0.95 -11.38
-3.44 1.41 -11.5
-3.09 2.61 -11.61
-3.03 2.68 -11.75
-3.02 2.18 -11.88
-3.02 -0.02 -11.84
-3.09 -1.43 -11.68
-3.13 -2.64 -11.59
-3.1 -2.87 -11.65
-3.09 -0.31 -12.01
-3.04 0.86 -12.07
-3.02 1.22 -12.14
-3.61 0.73 -11.62
-4.08 0.23 -10.61
-4.41 0.23 -9.69
-4.65 0.98 -9.42
-5.02 3.79 -8.82
-5.08 4.46 -8.39
-5.15 5.13 -8.03
-5.17 5.98 -7.05
-5.41 7.46 -4.73
-5.65 9.3 -2.26
-5.73 11.14 2.35
-5.36 11.31 4.04
-5.04 10.94 5.38
-4.67 9.22 8.12
-4.54 8.83 8.79
-4.38 8.28 10.08
-4.28 10.06 12.67
-4.08 11.08 12.94
-3.98 12.5 14.43
-3.33 15.75 11.86
-3.11 17.16 10.32
-3.19 18.3 10.45
-3.43 18.89 11.71
-4.19 15.67 16.97
-4.38 13.98 17.23
-4.64 12.46 16.12
-4.77 12.28 14.65
-4.89 12.84 13.14
-4.89 13.04 10.51
-4.79 12.48 6.11
-4.86 12.83 4.67
-4.98 12.02 3.82
-4.77 9.91 2.15
-4.88 9.24 1.55
-4.98 8.89 1.57
-5.02 7.45 1.68
-5.09 7.09 1.18
-5.26 6.81 0.58
-5.25 8.08 -0.57
-5.25 8.08 -0.57
-5.38 8.08 -1.03
-5.63 7.19 -1.11
-5.88 6.43 -1.72
-5.99 5.57 -2.57
-5.99 5.57 -2.57
-6.05 4.21 -6.15
-5.81 3.25 -9.21
-5.81 3.25 -9.21
-5.3 0.89 -11.05
-5.21 0.39 -11.05
-5.04 0.5 -10.55
-4.59 2.36 -9.25
-4.43 2.22 -9.15
-4.22 1.17 -9.12
-3.61 1.44 -9.05
-3.28 2.46 -8.8
-3.04 2.48 -8.11
-2.98 1.72 -7.33
-2.99 -0.32 -6.39
-3.11 -1.41 -6.6
-3.19 -3.09 -7.94
-3.26 -2.1 -8.23
-3.35 -0.3 -8.18
-3.56 1.98 -7.99
-3.8 4.59 -5.74
-3.95 4.93 -4.42
-4.09 4.6 -3.56
-4.66 1.47 -1.65
-4.98 1.08 -0.93
-5.14 2.02 -0.99
-5.13 3.26 -2.18
-4.68 5.31 -5.71
-4.51 5.62 -6.72
-4.34 5.06 -7.55
-4.48 3.87 -7.05
-4.77 3.81 -5.5
-4.92 4.46 -3.71
-5.29 5.47 -1.61
-5.28 8.67 -0.16
-5.24 9.22 0.54
-5.33 9.9 1.67
-5.47 8.92 3.93
-5.42 8.79 4.57
-5.24 9.15 5.06
-5.12 9.94 5.28
-5.35 13.68 6.63
-5.46 14.63 7.72
-5.65 15.09 8.83
-5.53 15.49 6.5
-5.37 14.68 8.64
-5.17 12.95 9.11
-4.92 12.69 7.18
-4.5 11.91 3.99
-4.43 11.74 3.45
-4.45 11.75 3.79
-4.48 11.03 4.15
-4.47 10.74 3.84
-4.43 10.54 3.23
-4.4 9.86 2.52
-4.33 8.52 1.03
-4.31 7.84 0.3
-4.24 7.35 -0.37
-4.23 6.88 -0.63
-4.19 7.21 -0.26
-4.2 7.71 -0.27
-4.07 7.22 -0.67
-4.06 6.82 -0.79
-4.02 6.83 -0.94
-3.94 6.72 -1.42
-3.88 5.69 -1.72
-3.86 4.81 -1.87
-3.76 4.26 -2.29
-3.75 4.33 -2.47
-3.77 4.2 -2.3
-3.77 4.34 -2.09
-3.77 4.9 -1.97
-3.83 5.48 -1.83
-3.86 5.5 -1.49
-3.9 5.62 -1.5
-3.89 5.7 -1.58
-3.91 5.55 -1.53
-3.96 5.78 -1.44
-3.98 6.05 -1.36
-4.02 5.66 -1.22
-4.08 5.86 -0.96
-4.09 6.06 -0.68
-4.07 5.98 -0.33
-4.07 6.26 -0.57
-4.04 6.44 -1.07
-3.94 5.87 -2.31
-3.94 6.21 -2.4
-3.93 6.38 -2.27
-3.99 6.69 -1.51
-4.06 6.89 -1.09
-4.05 6.93 -0.86
