0 0 0 0
0 0 0 0
0 0 0 0
0 0 0 0
1 -0.0043945312 0.00091552734 0.0006713867
1 -0.005065918 0.0010375977 0.00061035156
1 -0.0061035156 0.0010986328 0.00079345703
1 -0.0064086914 0.0010986328 0.0009765625
1 -0.0068359375 0.001159668 0.0010986328
1 -0.007385254 0.0012817383 0.0012207031
0.99993896 -0.008300781 0.0015258789 0.0013427734
0.99993896 -0.00970459 0.0017700195 0.0015258789
0.99993896 -0.011291504 0.0020141602 0.0017089844
0.99993896 -0.012878418 0.0021972656 0.001953125
0.9998779 -0.014343262 0.002380371 0.0022583008
0.9998779 -0.014953613 0.0024414062 0.0025634766
0.9998779 -0.014892578 0.0024414062 0.0026855469
0.9998779 -0.0146484375 0.002380371 0.0024414062
0.9998779 -0.014587402 0.002380371 0.001953125
0.9998779 -0.015319824 0.0025024414 0.0013427734
0.9998779 -0.016662598 0.0026245117 0.00079345703
0.9998169 -0.0178833 0.0028076172 0.00030517578
0.9998169 -0.018676758 0.0029296875 -0.000061035156
0.9998169 -0.019042969 0.0029296875 -0.0004272461
0.9998169 -0.019165039 0.0029296875 -0.0007324219
0.9998169 -0.019226074 0.0029296875 -0.0010375977
0.9998169 -0.019348145 0.0029907227 -0.0012207031
0.9998169 -0.019165039 0.0031738281 -0.0012817383
0.9998169 -0.018432617 0.0033569336 -0.0013427734
0.9998779 -0.015380859 0.0038452148 -0.0018920898
0.99993896 -0.012023926 0.004211426 -0.0021972656
0.99993896 -0.008178711 0.0049438477 -0.0024414062
0.99993896 -0.005432129 0.0061035156 -0.0028686523
0.99993896 -0.0043945312 0.0076293945 -0.00390625
0.99993896 -0.004638672 0.009277344 -0.0053710938
0.9998779 -0.0053710938 0.010925293 -0.007080078
0.9998779 -0.0060424805 0.012390137 -0.009094238
0.9998169 -0.0073242188 0.01373291 -0.011474609
0.99975586 -0.00970459 0.015075684 -0.013977051
0.9996338 -0.013122559 0.016540527 -0.016540527
0.9995117 -0.018127441 0.018066406 -0.019104004
0.9992676 -0.024291992 0.019592285 -0.02154541
0.99902344 -0.03149414 0.020996094 -0.023742676
0.9986572 -0.038879395 0.02178955 -0.0256958
0.99835205 -0.04534912 0.021484375 -0.027282715
0.9981079 -0.05102539 0.019897461 -0.028564453
0.99786377 -0.05621338 0.016845703 -0.029541016
0.9976196 -0.060913086 0.012512207 -0.030395508
0.9973755 -0.064819336 0.0068969727 -0.03112793
0.99713135 -0.06866455 0.0004272461 -0.03173828
0.99676514 -0.07318115 -0.006591797 -0.031921387
0.99627686 -0.07867432 -0.01361084 -0.031677246
0.99572754 -0.08496094 -0.020568848 -0.030700684
0.9949951 -0.09197998 -0.027404785 -0.028869629
0.9940796 -0.09967041 -0.034606934 -0.026672363
0.99298096 -0.107421875 -0.042663574 -0.024475098
0.99176025 -0.11480713 -0.051940918 -0.022399902
0.9904175 -0.121276855 -0.062805176 -0.020446777
0.98895264 -0.12634277 -0.07513428 -0.018310547
0.9873047 -0.13098145 -0.088256836 -0.016052246
0.9854126 -0.13562012 -0.101867676 -0.01361084
0.98327637 -0.14068604 -0.115356445 -0.010986328
0.98095703 -0.14544678 -0.12854004 -0.008178711
0.9786377 -0.14904785 -0.14129639 -0.005065918
0.9763794 -0.1519165 -0.15356445 -0.0018920898
0.9741821 -0.15393066 -0.1652832 0.0014648438
0.9719238 -0.15539551 -0.17663574 0.0048828125
0.9696045 -0.15692139 -0.18756104 0.0079956055
0.9671631 -0.15881348 -0.19799805 0.010986328
0.96466064 -0.16125488 -0.20800781 0.013671875
0.96203613 -0.16369629 -0.21777344 0.015991211
0.95947266 -0.16546631 -0.22735596 0.018188477
0.9570923 -0.16601562 -0.2366333 0.020446777
0.95495605 -0.16552734 -0.24536133 0.022644043
0.9529419 -0.16467285 -0.25341797 0.024353027
0.95111084 -0.16375732 -0.2607422 0.025146484
0.9494629 -0.16253662 -0.26733398 0.02508545
0.9481201 -0.1609497 -0.27301025 0.024597168
0.9470825 -0.15930176 -0.277771 0.023620605
0.94628906 -0.15734863 -0.28155518 0.022644043
0.9458008 -0.1552124 -0.28442383 0.02154541
0.94555664 -0.15319824 -0.28631592 0.020263672
0.9456177 -0.15124512 -0.2874756 0.018493652
0.9458008 -0.14935303 -0.2878418 0.01586914
0.946228 -0.1473999 -0.28759766 0.012084961
0.9468994 -0.14538574 -0.28674316 0.007019043
0.94781494 -0.14312744 -0.2849121 0.0012207031
0.9490967 -0.14019775 -0.28204346 -0.004760742
0.95080566 -0.13616943 -0.27801514 -0.010864258
0.95495605 -0.12731934 -0.2668457 -0.024658203
0.95721436 -0.12243652 -0.26019287 -0.032592773
0.9595337 -0.11694336 -0.25286865 -0.041015625
0.96191406 -0.11126709 -0.24475098 -0.049865723
0.96429443 -0.10510254 -0.23590088 -0.058776855
0.96673584 -0.09790039 -0.2263794 -0.06768799
0.9690552 -0.09075928 -0.21618652 -0.07702637
0.9711304 -0.08569336 -0.20489502 -0.08728027
0.9727783 -0.083618164 -0.19256592 -0.09832764
0.9741821 -0.081848145 -0.17999268 -0.10876465
0.9766846 -0.076171875 -0.15582275 -0.12634277
0.9766846 -0.076171875 -0.15582275 -0.12634277
0.97839355 -0.0692749 -0.13439941 -0.14111328
0.9788208 -0.065979004 -0.124938965 -0.14813232
0.9790039 -0.06323242 -0.11608887 -0.1552124
0.9788208 -0.061279297 -0.10809326 -0.16259766
0.97839355 -0.059020996 -0.101623535 -0.16998291
0.97784424 -0.05670166 -0.09649658 -0.17706299
0.97717285 -0.052856445 -0.093444824 -0.18328857
0.9764404 -0.049072266 -0.09185791 -0.18884277
0.975647 -0.048828125 -0.090026855 -0.19390869
0.9741211 -0.056518555 -0.08569336 -0.20135498
0.9736328 -0.060913086 -0.08465576 -0.20300293
0.97320557 -0.064575195 -0.08526611 -0.20355225
0.9727783 -0.06793213 -0.087646484 -0.20343018
0.97229004 -0.0715332 -0.09161377 -0.20288086
0.97161865 -0.075683594 -0.09710693 -0.20202637
0.9708252 -0.07989502 -0.10394287 -0.20062256
0.97003174 -0.08453369 -0.111572266 -0.1986084
0.9691162 -0.089660645 -0.11956787 -0.19610596
0.9682617 -0.09454346 -0.12780762 -0.19274902
0.96655273 -0.10461426 -0.14428711 -0.18457031
0.96539307 -0.110839844 -0.15228271 -0.18041992
0.96398926 -0.11816406 -0.16003418 -0.1763916
0.9624634 -0.12567139 -0.16778564 -0.17224121
0.9607544 -0.13323975 -0.17584229 -0.16802979
0.9567261 -0.14813232 -0.19274902 -0.15985107
0.9545288 -0.15478516 -0.20172119 -0.15563965
0.9522095 -0.1609497 -0.21099854 -0.15112305
0.9498291 -0.16741943 -0.22015381 -0.14624023
0.9472046 -0.17407227 -0.22943115 -0.14117432
0.94433594 -0.1809082 -0.2388916 -0.13586426
0.9412842 -0.1876831 -0.24859619 -0.1303711
0.9345703 -0.2008667 -0.26818848 -0.11968994
0.9312744 -0.20617676 -0.27783203 -0.11425781
0.9281006 -0.2107544 -0.2869873 -0.10888672
0.92510986 -0.21490479 -0.29516602 -0.10394287
0.92248535 -0.21832275 -0.30236816 -0.099487305
0.920166 -0.2211914 -0.3085327 -0.095703125
0.9180298 -0.22393799 -0.3137207 -0.09295654
0.91619873 -0.22607422 -0.31811523 -0.09088135
0.9147949 -0.22729492 -0.32183838 -0.08898926
0.91381836 -0.22753906 -0.32495117 -0.08691406
0.91326904 -0.22692871 -0.32751465 -0.08514404
0.91290283 -0.22589111 -0.32946777 -0.08392334
0.91278076 -0.22491455 -0.33062744 -0.08306885
0.91290283 -0.2241211 -0.3310547 -0.08239746
0.91308594 -0.22351074 -0.33099365 -0.08203125
0.9136963 -0.22167969 -0.33032227 -0.08306885
0.9141846 -0.22003174 -0.32965088 -0.08483887
0.9147339 -0.21813965 -0.32855225 -0.088012695
0.91534424 -0.21600342 -0.32696533 -0.09259033
0.91607666 -0.21392822 -0.32458496 -0.0982666
0.9169922 -0.21203613 -0.3213501 -0.10449219
0.91815186 -0.2098999 -0.31732178 -0.11077881
0.9194946 -0.20733643 -0.31292725 -0.11669922
0.9209595 -0.20440674 -0.30828857 -0.12249756
0.92230225 -0.20141602 -0.3036499 -0.12860107
0.923584 -0.19763184 -0.2994995 -0.13513184
0.9248047 -0.19244385 -0.2960205 -0.14160156
0.9260864 -0.1862793 -0.29284668 -0.14794922
0.9273071 -0.18041992 -0.28918457 -0.15454102
0.9286499 -0.17474365 -0.28466797 -0.16125488
0.9304199 -0.16790771 -0.27923584 -0.16790771
0.93218994 -0.1609497 -0.2727661 -0.17529297
0.93377686 -0.15472412 -0.26531982 -0.18359375
0.9351196 -0.14892578 -0.2574463 -0.19268799
0.9360962 -0.14355469 -0.24951172 -0.2020874
0.93707275 -0.13769531 -0.24169922 -0.21105957
0.9378052 -0.13256836 -0.23370361 -0.21990967
0.9384155 -0.12786865 -0.22570801 -0.22833252
0.9388428 -0.12298584 -0.21807861 -0.23632812
0.9390869 -0.11804199 -0.2109375 -0.24420166
0.9390869 -0.11328125 -0.20440674 -0.2520752
0.9387207 -0.10913086 -0.19818115 -0.26000977
0.9381714 -0.10614014 -0.19213867 -0.26763916
0.9376831 -0.103515625 -0.18658447 -0.27435303
0.9371338 -0.10107422 -0.1819458 -0.27996826
0.93670654 -0.09863281 -0.17816162 -0.284729
