0 0 0
0 0 0
0 0 0
0 0 0
0 0 0
0.0625 0 -0.5
0 0 -0.75
0 0 -0.8125
0 0 -0.9375
0 0.0625 -0.9375
0 0.0625 -1
0 0.125 -1
0 0.125 -1.0625
359.9375 0.125 -1.125
359.9375 0.125 -1.1875
359.9375 0.125 -1.1875
359.9375 0.25 -1.1875
0 0.25 -1.25
0 0.25 -1.3125
0 0.25 -1.375
0 0.125 -1.6875
0 0.125 -1.8125
0 0.0625 -2
0 0.125 -2.0625
0 0.125 -2.125
0 0.125 -2.25
0.0625 0.125 -2.4375
0.125 0.1875 -2.5625
0.3125 0.1875 -2.75
0.5625 0.1875 -3.0625
0.875 0.1875 -3.25
1.25 0.1875 -3.625
2.125 0.0625 -4.5625
2.6875 0 -5.0625
3.3125 -0.1875 -5.5
4 -0.375 -5.8125
5.1875 -1.125 -6.3125
5.75 -1.6875 -6.8125
6.875 -3.0625 -7.875
7.5 -3.8125 -8.375
8.0625 -4.5 -8.9375
8.5625 -5.125 -9.5
9 -5.75 -10
9.6875 -6.9375 -10.625
9.6875 -6.9375 -10.625
10.25 -8.125 -11.25
10.625 -8.75 -11.625
10.9375 -9.375 -12
11.25 -10 -12.375
11.5625 -10.75 -12.625
11.8125 -11.625 -12.75
12 -12.625 -12.875
12.125 -13.75 -13.25
12.25 -14.9375 -13.6875
12.375 -16.125 -13.9375
12.4375 -17.3125 -14.1875
12.375 -18.4375 -14.4375
12.3125 -19.5625 -14.75
12.1875 -20.625 -15.125
12 -21.6875 -15.375
11.75 -22.625 -15.625
11.4375 -23.4375 -15.625
11.0625 -24.1875 -15.5
10.625 -24.875 -15.0625
10.0625 -25.6875 -14.4375
9.4375 -26.5625 -14.1875
8.875 -27.5625 -14.25
8.375 -28.5 -14.25
7.8125 -29.5 -14.4375
7.3125 -30.5 -14.5625
6.6875 -31.5 -14.4375
5.9375 -32.5 -14.125
5.1875 -33.5 -14
4.4375 -34.5625 -14
3.6875 -35.5625 -14.0625
2.125 -37.625 -14
1.25 -38.625 -14
0.3125 -39.625 -14.0625
359.375 -40.5 -14
358.4375 -41.3125 -13.9375
357.5 -42 -13.875
356.5625 -42.625 -13.6875
355.5 -43.1875 -13.25
354.3125 -43.6875 -12.6875
353.125 -44.125 -12
351.875 -44.5625 -11.1875
350.625 -44.875 -10.25
259.3125 -45.125 -9.25
258.0625 -45.1875 -8.1875
256.8125 -45.1875 -7.0625
255.5625 -45 -5.75
344.375 -44.75 -4.375
343.1875 -44.375 -3
342.0625 -43.9375 -1.75
340.9375 -43.5625 -0.625
339.875 -43.125 0.25
338.875 -42.6875 0.875
337.8125 -42.1875 1.1875
336.875 -41.5625 1.5625
335.9375 -40.875 2.0625
335.0625 -40.125 2.5625
333.4375 -38.5625 3.125
333.4375 -38.5625 3.125
332.5625 -37.75 3.0625
331.75 -36.9375 2.9375
330.875 -36.0625 2.8125
329.25 -34.25 2.8125
329.25 -34.25 2.8125
328.5 -33.3125 2.75
327.875 -32.375 2.5625
327.3125 -31.5 2.4375
326.75 -30.5625 2.125
326.25 -29.6875 1.8125
325.6875 -28.6875 1.5625
325.0625 -27.6875 1.25
324.4375 -26.6875 0.875
323.875 -25.5625 0.5
323.3125 -24.4375 0.25
322.875 -23.3125 0.1875
322.5 -22.25 0.1875
322.125 -21.25 0
321.75 -20.25 -0.25
321.375 -19.25 -0.625
321 -18.1875 -1.0625
320.6875 -17.125 -1.4375
320.375 -16.0625 -1.75
320.1875 -15 -2.0625
320 -14.0625 -2.3125
319.8125 -13.1875 -2.5625
319.625 -12.375 -2.875
319.5 -11.625 -3.3125
319.4375 -10.875 -3.9375
319.4375 -10.0625 -4.625
319.5 -9.25 -5.1875
320 -7.5 -6.5
320.4375 -6.625 -7.125
320.9375 -5.75 -7.75
321.375 -4.9375 -8.25
321.8125 -4.125 -8.5625
322.1875 -3.4375 -8.875
323 -2.1875 -9.875
323.375 -1.625 -10.4375
323.75 -1 -10.8125
324.1875 -0.375 -11.1875
324.625 0.1875 -11.4375
325.0625 0.75 -11.5625
326.0625 1.75 -11.75
326.6875 2.1875 -12.0625
327.5 2.625 -12.5625
328.375 3.125 -13
329.25 3.6875 -13.125
330.0625 4.1875 -13
330.8125 4.6875 -12.6875
332.4375 5.6875 -12.0625
333.25 6.0625 -11.75
334.125 6.4375 -11.4375
335.0625 6.6875 -11.1875
336.0625 6.9375 -10.9375
337 7.125 -10.5625
338.9375 7.375 -9.75
339.875 7.4375 -9.4375
340.875 7.375 -9.125
341.75 7.3125 -8.75
342.6875 7.25 -8.4375
343.5 7.125 -8.1875
344.875 7.0625 -7.8125
345.375 7.0625 -7.6875
345.6875 7.0625 -7.625
345.9375 7.0625 -7.5625
346.3125 6.9375 -7.8125
346.4375 6.875 -7.9375
346.5 6.875 -8
346.4375 6.8125 -8.0625
346.4375 6.8125 -8.125
346.4375 6.8125 -8.1875
346.5625 6.8125 -8.3125
346.625 6.75 -8.5
346.6875 6.6875 -8.625
346.6875 6.6875 -8.6875
346.6875 6.625 -8.9375
346.6875 6.5625 -9.125
346.6875 6.5625 -9.3125
346.75 6.5 -9.4375
346.75 6.4375 -9.6875
346.75 6.4375 -9.75
346.75 6.4375 -9.875
346.8125 6.4375 -9.9375
346.875 6.4375 -10.25
346.9375 6.5 -10.4375
346.9375 6.5 -10.5625
347 6.5625 -10.625
347.125 6.6875 -10.8125
347.125 6.8125 -10.8125
347.1875 6.875 -10.8125
347.25 6.875 -10.875
347.3125 6.9375 -11.0625
347.375 7 -11.1875
347.4375 7.125 -11.3125
347.5625 7.25 -11.375
347.625 7.4375 -11.4375
347.8125 7.5625 -11.4375
348 7.6875 -11.4375
348.1875 7.8125 -11.5
348.4375 7.9375 -11.5
348.6875 8 -11.5
349 8.0625 -11.5
349.25 8.125 -11.5625
349.5 8.125 -11.6875
349.8125 8.1875 -11.75
350.0625 8.1875 -11.8125
350.625 8.1875 -11.875
350.875 8.1875 -11.875
351.0625 8.125 -11.9375
351.25 8.125 -11.875
351.375 8.125 -11.875
351.5 8.0625 -11.875
351.5 7.9375 -11.9375
351.375 7.875 -11.9375
351.3125 7.8125 -11.9375
351.25 7.75 -11.9375
351.125 7.75 -11.875
350.9375 7.6875 -11.8125
350.8125 7.625 -11.75
350.6875 7.625 -11.75
350.625 7.5625 -11.8125
350.5625 7.5625 -11.8125
350.4375 7.5 -12
350.4375 7.4375 -12.0625
350.4375 7.4375 -12.0625
350.4375 7.375 -12.125
350.5 7.25 -12.4375
350.5625 7.125 -12.5625
350.5625 7.125 -12.5625
350.5625 7.0625 -12.75
350.625 7 -12.9375
350.625 6.9375 -13.125
350.625 6.875 -13.25
350.625 6.875 -13.375
350.625 6.875 -13.4375
350.625 6.9375 -13.4375
350.6875 6.9375 -13.5625
350.75 6.9375 -13.75
350.75 6.9375 -13.75
350.8125 6.875 -13.875
350.875 6.875 -14
351 6.875 -14.1875
351 6.875 -14.1875
351.1875 6.875 -14.4375
351.1875 6.875 -14.4375
351.1875 6.9375 -14.5625
351.25 6.9375 -14.625
351.25 6.875 -14.8125
351.3125 6.875 -14.9375
351.3125 6.875 -15
351.375 6.875 -15.125
351.375 6.875 -15.1875
351.375 6.875 -15.1875
351.4375 6.875 -15.3125
351.5 6.9375 -15.375
351.5625 6.9375 -15.5
351.5625 6.875 -15.625
351.625 6.875 -15.75
351.6875 6.875 -15.875
351.6875 6.875 -15.9375
351.6875 6.875 -15.9375
351.75 6.9375 -15.9375
351.75 6.9375 -16.0625
351.8125 6.9375 -16.125
351.875 6.9375 -16.125
351.9375 6.9375 -16.1875
