0 0 0
-7.875 0.0625 -0.375
-8.5625 -0.5625 -1.125
-6.625 -0.6875 -1.625
-9.375 -0.5625 -1.375
-9.75 -0.1875 -0.125
-10.625 0.1875 1.125
-8 -1.375 1.5
-5 -2.375 1.0625
-1.5625 -3.125 0.4375
-1.125 -3.125 -0.4375
-1.5 -1.5 0.25
-4.6875 0.0625 0.9375
-5.8125 -0.25 1.3125
-3.125 -2 0.5
0.4375 -4.4375 -0.4375
-0.0625 -4.625 -1.1875
-6.3125 -0.4375 -1.0625
-9.8125 2.1875 -0.6875
-13.9375 4.3125 -0.5
-13.5 3.9375 1.3125
-11.0625 2 1.25
-8.5 -0.3125 0.3125
-8.625 -1 0
-10.0625 -0.5 -0.0625
-11.5625 -0.0625 -1.625
-11.875 -1.5 -5.9375
-11.8125 -2.5 -10.875
-21.0625 -1.4375 -18.5625
-23.1875 1.625 -30.4375
-35.125 3.9375 -37.6875
-46.875 8 -43.9375
-51.75 13.3125 -48.4375
-51.5 18.1875 -56.5625
-30.375 27.0625 -66.3125
-19.6875 36.75 -61.4375
-48.125 67 -56.25
-48.4375 76.75 -53.25
-54.4375 80.875 -55
-51.25 81.5625 -54.625
-50.25 80.5 -53.75
-41.3125 72.125 -41.25
-28.5625 68.375 -32.25
-27.3125 67.375 -27.5625
-28.4375 67 -26.5625
-26.8125 67.25 -27.5625
-29.8125 69.6875 -28.75
-37.75 72.9375 -30.75
-28.875 77.4375 -29.3125
-17.5 83.8125 -23.9375
-3.25 93.8125 -14
-6.5 107.625 -6.25
-34.3125 120.625 -5.625
-34.625 125.5625 -3.3125
-20.75 126.3125 1.875
-19.125 124.375 7.6875
-20 118.125 12.375
-28.9375 114.0625 16.75
-33.8125 109.5625 21.8125
-28.8125 103.5625 29.25
-26.125 91.625 34
-10.0625 77.25 39.75
2.125 65.6875 46.5625
26 61 60.3125
39 66.3125 73.5
-24.6875 84.375 64.0625
-23.4375 89.375 58.5
-34.125 92.75 55.125
-31.75 91.125 59.1875
-16.25 86.0625 70.25
-3.3125 85.75 82.3125
-21.8125 88.375 81.875
-39.0625 90.1875 76.5625
-38.4375 90.3125 73.25
-41.1875 89.375 73.5625
-35.75 88.4375 80
-44.5 87.4375 83.8125
-58 83.375 86
-48.3125 74.5625 87.625
-50.1875 63.5625 83.25
-47.375 43.4375 87.125
-37.1875 35.6875 98
-34.0625 30.125 107.875
-32.3125 24 114.625
-26.3125 17.8125 119
-22.8125 11 121.6875
-19.3125 2.25 124.0625
-13.9375 -8.8125 125.375
-10.6875 -20.8125 125.625
2.3125 -31.0625 127.375
15.25 -39.875 127.0625
14.625 -45.5625 123.8125
12.75 -46.375 120.875
3.5 -45.3125 116.875
-5.375 -44.4375 108.625
-28.3125 -45.75 96.1875
-44.6875 -50.4375 87.8125
-38.6875 -59.6875 85.875
-20.25 -68.625 86.5
-17.25 -74.0625 85.3125
-22.4375 -76.5625 80.25
-41.875 -77.25 72.875
-56.0625 -78.6875 68.8125
-59.625 -80.9375 69.5
-61.8125 -85.875 70.3125
-50.125 -90.625 72.625
-43.875 -92.875 70.0625
-49.9375 -92.5 62.4375
-49.25 -91.5625 55.3125
-43.1875 -92.25 48.125
-51.4375 -91.8125 42.3125
-55.8125 -93.5625 41.8125
-52.375 -97.5625 45.5
-58.125 -102.375 48.5625
-59.9375 -106.8125 49.9375
-60.3125 -111.6875 46.9375
-48.375 -115.8125 44.5625
-24.5 -116.3125 42.3125
-18.1875 -111.8125 36.875
-29.6875 -104.8125 32.125
-43.25 -101.75 29.875
-50.75 -103.5 28.75
-52.375 -108 27.6875
-49.4375 -111 26.125
-41.6875 -112.3125 21.125
-33.125 -108.1875 15.3125
-33.5625 -99.0625 13.1875
-27.3125 -89.375 14.375
-34.6875 -82.6875 11.3125
-52.5625 -78.875 4.625
-63.25 -78.125 -1.625
-66.25 -81 -7.875
-60.75 -85.125 -15.875
-59.75 -88.4375 -28.75
-64.875 -88.5625 -42.25
-62.8125 -85.5 -52.4375
-58.25 -81.75 -58.1875
-30.5 -73.1875 -49.375
-26.6875 -66.5 -44.8125
-45.4375 -59.25 -46.1875
-59 -55.0625 -47.5
-54.5 -55.3125 -47.1875
-41.4375 -56.25 -46.25
-26.6875 -54.3125 -50.8125
-13.6875 -50.75 -52.375
-8.375 -44.375 -53.25
-14.8125 -37.5625 -57.375
-34.1875 -31.6875 -68.8125
-55.375 -29.25 -84.25
-47.875 -30.375 -92.0625
7.8125 -35.875 -88.5625
23.6875 -35.4375 -84.5625
29.125 -34.25 -85.25
22.5625 -30.1875 -88.75
23.8125 -23.625 -89.6875
23.6875 -16.3125 -93.25
13.6875 -9.4375 -99.9375
26.6875 -1.5625 -100.875
28.75 2.125 -100.25
26.375 7.25 -100.375
22.5625 12.9375 -100.3125
19.125 18.75 -98.375
24.1875 22.9375 -94.4375
16.125 22.125 -86.0625
10.9375 16.25 -77.1875
8 9.5625 -64.25
5.5625 5.4375 -49
0.3125 5.875 -26.25
-8.8125 8.625 -20.625
-16.6875 9.6875 -15.875
-14.5625 7.6875 -8.9375
-9.125 3.875 -2.0625
-5.6875 -0.4375 1.875
-6.6875 -0.625 -1.6875
-6 1.5 -4.0625
-11.5625 3.875 -5.375
-14.625 5 -5.3125
-9.625 3.9375 0.9375
-9.6875 3.0625 1.6875
-13.75 3.0625 0.25
-18.6875 3.6875 -1.25
-17.25 4.75 -0.375
-13.0625 3.5 0.375
-11.3125 2 0.8125
-9.375 0.8125 0.0625
-10.8125 -0.75 -4
-15.75 -0.25 -4.25
-18.5625 -0.1875 -3.25
-16.9375 -1.0625 -1.625
-9.625 -4.5 -3.375
-10.0625 -6 -6.0625
-5.6875 -7.625 -6.5
-3 -7.9375 -5.6875
-9.5 -3.25 -5.5625
-9.5 -3.25 -5.5625
-15.125 -3.625 -6.4375
-13.625 -9.875 -7.375
-8.25 -12.6875 -9.375
-4 -13 -11.8125
-3 -11.4375 -15.3125
-6.625 -9.8125 -20.5625
-4.3125 -8.4375 -23.1875
-3.125 -5.875 -25.5625
-5.0625 -3.6875 -27.75
-4.875 -1.0625 -26.8125
-10.625 1.3125 -26.0625
-15.1875 2.125 -27.0625
-11.1875 1.5625 -28.3125
-8.9375 2.1875 -29.1875
-9.6875 4.125 -28.75
-8.25 7 -25.3125
-4.875 8.5 -21.6875
-3.5 7.75 -19.6875
-0.1875 5.1875 -14.75
-0.75 5.375 -9.375
-3.5625 6.5 -2
-3.6875 7 5.125
-1.3125 6.25 8.4375
4.375 2.4375 9.25
7.125 0.875 11.5625
8.375 0.625 14.3125
6.375 1.625 14.5
0.9375 2.0625 12.1875
-0.5625 1.625 9.5
-4 1.625 7.5
-6.75 1.5625 5.6875
-7.9375 1.6875 4.375
-6.1875 3.125 3.875
-7.375 5.125 2.4375
-13.1875 7.125 -0.6875
-16.75 9.375 -2.375
-18.375 10.625 -2.5625
-19.125 10.375 -2
-20.9375 9.125 -1.5625
-18.875 6.5625 -0.375
-13.25 3.25 0.75
-8.1875 -0.1875 0.625
-5.1875 -2.375 -0.3125
-4.6875 -2.4375 -1.375
-8.625 -1 -2.1875
-9.4375 1 -2
-11.8125 2.3125 -2.8125
-14.375 3.4375 -4.75
-16.0625 3.875 -6.25
-10 2.25 -7.0625
-8.6875 0.9375 -7.4375
-12.375 0.625 -7.1875
-13 0.625 -5.25
-13.0625 0.4375 -3.75
-13.0625 0.375 -2.5625
-8.875 0.875 -1.25
-8.9375 1.625 -1.0625
-10 2.0625 -1.625
-11.625 1.375 -2.4375
-10.875 0.6875 -2.5
-8.4375 -0.25 -2.875
-7.9375 -1.125 -3.6875
-9.375 -0.4375 -3.9375
-13.0625 1.1875 -4.125
-13.5625 2.1875 -3.5625
-13.1875 2.5625 -3
-12.75 1.5 -2.9375
-6.875 -0.375 -2.625
-3.0625 -1.3125 -2.1875
-1.625 -1.1875 -2.5625
-7.1875 0.8125 -3.4375
-7.375 1.5 -3.4375
-3.625 1.0625 -3.125
-4.875 0.375 -3.4375
-3.375 -0.875 -3.4375
