0 0 0
0 0 0
0 0 0
0 0 0
0 0 0
1.24 7.26 -2.76
1.17 6.89 -2.47
1.15 6.44 -2.46
1.14 6.4 -2.58
1.2 6.4 -2.93
1.21 6.64 -3.07
1.31 7.06 -3.21
1.29 6.93 -2.85
1.29 6.84 -2.56
1.24 6.32 -2.28
1.24 6.51 -2.82
1.25 6.7 -3.36
1.21 7.16 -4.24
1.16 7.22 -3.96
1.15 7.28 -3.4
1.11 7.28 -2.4
1.12 6.64 -1.83
1.15 6.63 -2.38
1.22 6.68 -2.79
1.2 5.96 -2.98
1.1 4.31 -2.32
1.06 3.81 -2.51
1.09 3.12 -3.13
1.07 3.25 -3.74
1.02 3.01 -3.87
0.9 2.92 -4.6
0.65 3.28 -5.23
0.54 2.5 -5.24
0.45 2.35 -5.08
0.19 6.67 -5.71
0.34 7.96 -8.72
0.26 7.93 -8.92
-0.52 6.58 -4.69
-0.67 6.69 -3.41
-0.8 7.65 -2.03
-0.76 8.92 -0.9
-0.82 10 -0.48
-0.55 8.88 -2.22
-0.48 7.85 -2.78
-0.39 7.11 -3.27
-0.3 6.88 -4.51
-0.3 7.16 -4.73
-0.31 8.45 -5.21
-0.3 9.81 -5.75
-0.76 12.3 -7.25
-0.66 11.69 -7.93
-0.76 10.35 -7.69
-1.24 10.89 -3.66
-1.06 11.14 -2.64
-1 12 -1.36
-0.88 11.89 0.57
-0.61 11.91 0.31
-0.53 11.84 1.11
-0.19 12.78 1.52
-0.01 12.04 4.73
0.26 12.3 4.74
0.51 12.88 3.93
0.73 14.36 1.91
0.73 13.14 -3.15
0.94 9.32 -4.5
0.82 7.67 -4.43
0.65 8.9 -2.13
0.66 11.04 -0.59
0.65 12.76 0.63
0.59 12.28 -0.8
0.76 8.99 -1.53
0.79 7.4 -1.61
0.85 7.88 -0.88
0.94 9.11 -0.27
1.02 10.34 -0.03
1.22 10.17 0.14
1.04 9.1 2.36
0.84 8.07 3.66
1.23 6.79 4.42
1.38 7.34 4.59
1.5 11.86 3.95
1.5 11.86 3.95
1.58 11.95 3.39
1.34 9.49 3.56
1.38 8.9 3.95
1.51 8.56 4.53
1.61 7.73 5.97
1.77 7.25 6.1
1.76 7.11 5.47
2.08 6 4.27
2.17 5.43 3.15
2.45 5.44 1.71
2.67 4.91 0.93
3.22 2.8 0.55
3.38 2.15 1.03
3.57 3.1 1.95
3.44 5.47 3.88
3.65 5.81 3.3
3.6 5.32 2.46
3.65 4.37 1.52
4.06 4.04 0.47
4.15 5.21 0.62
4.13 6.32 0.83
4.07 6.66 2.09
4.01 6.42 1.66
4.12 4.82 0.71
4.17 3.27 -0.16
4.35 2.97 -0.72
4.43 3.1 -0.7
4.53 3.75 -0.78
4.56 6.58 0.61
4.43 7.12 1.13
4.39 7.12 1.46
4.28 6.67 1.31
4.11 4.71 1.09
4.02 4.6 0.5
3.92 4.2 -0.83
4.41 3.23 -3.7
4.47 4.06 -3.85
4.45 4.78 -2.81
4.33 5.05 -1.43
4.31 4.95 -0.15
4.31 4.95 -0.15
4 3.3 -1.65
4.39 3.45 -5.13
4.51 4.64 -6.15
4.51 5.08 -6.28
4.51 4.25 -5.72
4.57 2.9 -3.68
4.51 2.74 -2.66
4.42 2.41 -1.65
4.22 0.53 -1.24
4.16 -0.4 -1.87
4.11 -0.19 -2.84
3.98 0.83 -3.74
4.07 4.03 -4.51
4.12 6.43 -4.69
4.04 7.81 -5.01
4.45 5.91 -5.81
4.33 6.13 -4.66
4.19 6.41 -3.33
4.15 6.25 -2.99
4.11 5.67 -3.56
4.1 5.36 -4.08
4.22 5.52 -6.08
4.12 4.43 -6.13
3.97 2.66 -5.94
3.49 2.09 -3.72
3.23 4.23 -2.62
3.16 6.26 -2.17
3.21 8.07 -3
3.16 6.67 -4.53
3.1 6.03 -5.47
2.94 6.37 -7.08
2.88 5.52 -7.43
2.67 5.13 -7.27
2.3 7.42 -6.25
2.21 7.85 -6.36
2.08 7.83 -6.78
2.04 8.46 -7.22
1.94 9.24 -6.88
1.86 9.74 -6.35
1.64 10.64 -4.39
1.68 11.88 -3.08
1.75 14.45 -1.62
1.99 15.3 -2.78
2.02 14.54 -3.62
2.05 13.47 -4.36
1.89 11.99 -3.77
1.8 12.31 -2.75
1.76 12.09 -2.21
1.71 9.99 -2.75
1.77 8.56 -3.3
1.9 7.96 -4.39
1.87 8.48 -4.29
1.81 9.01 -3.74
1.75 9.58 -3.36
1.63 9.12 -3.05
1.55 7.84 -3.48
1.57 7.81 -3.72
1.62 8.43 -3.51
1.6 8.51 -3
1.61 7.98 -2.38
1.64 7.73 -2.49
1.68 7.42 -2.57
1.77 7.58 -2.86
1.96 8.82 -2.71
1.96 8.86 -2.49
1.93 7.87 -2.39
1.96 7.45 -2.63
1.97 8.12 -2.8
2.07 8.83 -3.69
2.15 8.82 -4.31
2.2 8.65 -4.32
2.13 8.54 -2.84
2.12 8.46 -2.35
2.09 8.27 -2.28
2.32 7.35 -4.41
2.32 7.08 -4.95
2.27 6.8 -4.97
2.27 6.8 -4.97
2.06 7.83 -5.49
2.02 8.31 -5.59
1.96 9.1 -5.64
1.83 9.01 -5.36
1.63 8.59 -4.85
1.45 8.65 -4.61
1.36 9.43 -4.88
1.34 10.21 -4.96
1.28 11.06 -4.76
1.2 11.13 -4.23
0.91 10.72 -2.93
0.82 11 -2.75
0.78 12.77 -3.13
0.73 12.97 -3.05
0.7 12.36 -2.88
0.65 11.13 -2.58
0.67 9.75 -2
0.77 10.02 -1.94
1.06 9.62 -2.95
1.18 8.69 -3.23
1.21 8.05 -3.12
1.2 7.87 -2.97
1.3 8.03 -3.11
1.38 8.07 -3.24
1.4 8.18 -3.47
1.42 8.27 -4.11
1.41 7.9 -4.2
1.43 7.83 -4.23
1.41 8.32 -4.15
1.33 9.18 -3.21
1.31 9.33 -2.75
1.31 9.41 -2.34
1.27 9.52 -1.7
1.27 9.23 -1.63
1.31 8.86 -1.85
1.34 8.7 -2.35
1.47 8.69 -3.71
1.5 8.95 -4.05
1.45 9.08 -4.17
1.45 8.67 -3.96
1.43 8.66 -3.81
1.36 8.8 -3.28
1.33 9.11 -2.87
1.4 9.68 -3.04
1.45 10.14 -3.26
1.42 10.51 -3.29
1.43 10.28 -3.32
1.4 10.25 -3.34
1.45 10.19 -3.61
1.44 9.9 -3.61
1.42 9.54 -3.18
1.39 9.55 -3.03
1.39 9.68 -3.02
1.37 9.52 -2.98
1.35 9.53 -3.37
1.36 9.69 -3.65
1.35 9.83 -3.77
1.28 10.06 -3.45
1.26 9.93 -3.12
1.18 9.82 -2.67
1.17 9.88 -2.55
1.14 9.76 -3.06
1.17 9.63 -3.54
1.2 9.59 -3.7
1.13 9.94 -2.96
1.12 9.82 -2.81
1.14 9.79 -2.71
1.09 9.79 -2.74
1.14 9.64 -3.43
