0 0 0 0
0 0 0 0
0 0 0 0
0 0 0 0
1 -0.0048217773 -0.00012207031 -0.00061035156
1 -0.0056762695 -0.00012207031 -0.00061035156
1 -0.007446289 -0.00012207031 -0.00036621094
0.99993896 -0.008117676 -0.00024414062 -0.00024414062
0.99993896 -0.008544922 -0.0004272461 -0.00012207031
0.99993896 -0.008728027 -0.0007324219 -0.00012207031
0.99993896 -0.008972168 -0.001159668 -0.00012207031
0.99993896 -0.009155273 -0.0012817383 -0.00012207031
0.99993896 -0.009521484 -0.0012817383 -0.000061035156
0.99993896 -0.010559082 -0.0012817383 0.00018310547
0.99993896 -0.010803223 -0.0014648438 0.00018310547
0.99993896 -0.010803223 -0.0018310547 0.00018310547
0.99993896 -0.010803223 -0.0022583008 0.000061035156
0.99993896 -0.01159668 -0.0025634766 -0.00012207031
0.99993896 -0.012390137 -0.002380371 -0.00024414062
0.9998779 -0.01361084 -0.0020141602 -0.00024414062
0.9998779 -0.015930176 -0.0012817383 -0.00012207031
0.9998779 -0.016906738 -0.0010986328 0
0.9998169 -0.017578125 -0.0010986328 0
0.9998169 -0.018920898 -0.0012817383 0
0.9998169 -0.01977539 -0.0012817383 0
0.99975586 -0.020751953 -0.0012817383 -0.00018310547
0.99975586 -0.021728516 -0.0014648438 -0.0006713867
0.99975586 -0.022766113 -0.0017089844 -0.0015869141
0.9996948 -0.024536133 -0.0018310547 -0.0031738281
0.99957275 -0.028686523 -0.0018310547 -0.0078125
0.9994507 -0.031677246 -0.0015258789 -0.011047363
0.9992676 -0.03564453 -0.00091552734 -0.014770508
0.99902344 -0.039978027 0.00012207031 -0.018920898
0.99871826 -0.044311523 0.0015258789 -0.023742676
0.9981079 -0.05065918 0.0053710938 -0.03503418
0.99780273 -0.052246094 0.008300781 -0.040405273
0.9968262 -0.058898926 0.018127441 -0.05053711
0.9962158 -0.06274414 0.024536133 -0.055358887
0.99542236 -0.06707764 0.031311035 -0.060302734
0.9946289 -0.07110596 0.038085938 -0.06518555
0.9937134 -0.07501221 0.044799805 -0.07006836
0.9918213 -0.0826416 0.057373047 -0.07824707
0.99108887 -0.0847168 0.06304932 -0.08129883
0.9902954 -0.08673096 0.06866455 -0.083984375
0.98950195 -0.08880615 0.074279785 -0.08648682
0.98864746 -0.09069824 0.07989502 -0.08917236
0.98773193 -0.09283447 0.085754395 -0.09185791
0.9866333 -0.09564209 0.09185791 -0.09472656
0.98553467 -0.09765625 0.09832764 -0.097595215
0.98443604 -0.09863281 0.10522461 -0.10015869
0.9834595 -0.0982666 0.11291504 -0.10205078
0.9822998 -0.09790039 0.12188721 -0.103393555
0.98065186 -0.09979248 0.13214111 -0.10449219
0.97888184 -0.1015625 0.14282227 -0.10546875
0.9771118 -0.10211182 0.15344238 -0.10614014
0.9753418 -0.10247803 0.16394043 -0.10632324
0.9736328 -0.10290527 0.1739502 -0.10601807
0.97180176 -0.104003906 0.18371582 -0.10522461
0.96990967 -0.10546875 0.1932373 -0.1038208
0.9682007 -0.10644531 0.20220947 -0.101867676
0.9666748 -0.107177734 0.21020508 -0.099487305
0.96466064 -0.10510254 0.22271729 -0.093566895
0.96466064 -0.10510254 0.22271729 -0.093566895
0.9642334 -0.101379395 0.22802734 -0.089660645
0.96276855 -0.09411621 0.24053955 -0.07989502
0.9612427 -0.09429932 0.24804688 -0.07489014
0.9595337 -0.09436035 0.2559204 -0.0703125
0.95751953 -0.09539795 0.2640381 -0.06585693
0.9555054 -0.09613037 0.27209473 -0.06109619
0.95373535 -0.09539795 0.2796631 -0.055725098
0.95202637 -0.093322754 0.28723145 -0.049743652
0.9499512 -0.0927124 0.29504395 -0.043273926
0.94763184 -0.093566895 0.30303955 -0.036865234
0.9451904 -0.09448242 0.31097412 -0.030761719
0.942688 -0.09564209 0.31878662 -0.024475098
0.9401245 -0.09613037 0.3265381 -0.0178833
0.93743896 -0.097229004 0.33416748 -0.010681152
0.93463135 -0.0993042 0.34155273 -0.0029296875
0.93200684 -0.10058594 0.34814453 0.004760742
0.92962646 -0.10211182 0.3538208 0.012268066
0.9255371 -0.10498047 0.36273193 0.027709961
0.9238281 -0.10498047 0.36627197 0.036193848
0.9222412 -0.10437012 0.36950684 0.045410156
0.92071533 -0.103393555 0.37225342 0.055114746
0.9193115 -0.10180664 0.37451172 0.06506348
0.9180298 -0.09979248 0.37628174 0.07513428
0.9169922 -0.097351074 0.37731934 0.08532715
0.91619873 -0.09436035 0.37756348 0.095581055
0.91571045 -0.09100342 0.37683105 0.10583496
0.91552734 -0.08648682 0.37542725 0.11584473
0.9155884 -0.08087158 0.3734131 0.12542725
0.9157715 -0.07537842 0.3708496 0.1348877
0.9158325 -0.07006836 0.36816406 0.144104
0.9158325 -0.06561279 0.36535645 0.15332031
0.91571045 -0.062072754 0.36242676 0.16210938
0.9155884 -0.060668945 0.3590088 0.1706543
0.9155884 -0.06072998 0.3548584 0.17907715
0.9158325 -0.060302734 0.35009766 0.18713379
0.91638184 -0.05822754 0.34490967 0.19476318
0.9169922 -0.055847168 0.33929443 0.20227051
0.9176636 -0.053955078 0.333313 0.20947266
0.91833496 -0.053771973 0.3269043 0.21661377
0.9189453 -0.05480957 0.32006836 0.22387695
0.9194946 -0.056030273 0.31298828 0.2312622
0.92004395 -0.057250977 0.30541992 0.2387085
0.92059326 -0.057434082 0.29766846 0.24609375
0.9212036 -0.05718994 0.28985596 0.2531128
0.921875 -0.057556152 0.28186035 0.25958252
0.9225464 -0.058044434 0.27392578 0.26550293
0.92333984 -0.05822754 0.2659912 0.27069092
0.9241333 -0.0592041 0.25787354 0.27563477
0.9248657 -0.06048584 0.24945068 0.28051758
0.9255371 -0.061279297 0.24078369 0.28570557
0.9260864 -0.06237793 0.23162842 0.29119873
0.9265747 -0.06347656 0.2220459 0.29681396
0.927124 -0.06451416 0.21203613 0.30218506
0.9277344 -0.06451416 0.20196533 0.30718994
0.9284668 -0.062683105 0.19244385 0.31152344
0.9291382 -0.06060791 0.18334961 0.31530762
0.9296875 -0.059631348 0.17449951 0.31878662
0.9301758 -0.059814453 0.16546631 0.32226562
0.93048096 -0.06060791 0.1560669 0.32574463
0.93084717 -0.061401367 0.14630127 0.3291626
0.9312134 -0.061828613 0.1362915 0.33239746
0.9316406 -0.061706543 0.12640381 0.335083
0.9321289 -0.06109619 0.117004395 0.33721924
0.9324951 -0.060791016 0.1083374 0.3390503
0.93273926 -0.0602417 0.10058594 0.34088135
0.93292236 -0.060546875 0.09313965 0.3425293
0.93310547 -0.062316895 0.08538818 0.34368896
0.9333496 -0.06506348 0.07739258 0.3444214
0.9337158 -0.067993164 0.06903076 0.34466553
0.93426514 -0.070373535 0.060424805 0.34423828
0.93518066 -0.07269287 0.051574707 0.34277344
0.93634033 -0.07543945 0.042419434 0.340271
0.9376831 -0.078125 0.0335083 0.33685303
0.93914795 -0.080566406 0.024963379 0.33294678
0.9418335 -0.0826416 0.010131836 0.3256836
0.9428711 -0.08300781 0.0037841797 0.3225708
0.94384766 -0.08502197 -0.0025024414 0.31933594
0.9446411 -0.0881958 -0.008850098 0.31591797
0.9454346 -0.09106445 -0.015075684 0.3125
0.946228 -0.09283447 -0.020996094 0.3092041
0.9480591 -0.09448242 -0.032165527 0.302063
0.9491577 -0.09411621 -0.036987305 0.29821777
0.95025635 -0.09350586 -0.041137695 0.2942505
0.951416 -0.093566895 -0.04498291 0.289917
0.95410156 -0.09869385 -0.05328369 0.27770996
0.95410156 -0.09869385 -0.05328369 0.27770996
0.9556885 -0.10144043 -0.057617188 0.27026367
0.9592285 -0.099853516 -0.06506348 0.2562256
0.9610596 -0.09667969 -0.068115234 0.2498169
0.9628296 -0.09307861 -0.07098389 0.24334717
0.96466064 -0.09008789 -0.07366943 0.2364502
0.96643066 -0.08709717 -0.075805664 0.22949219
0.9682617 -0.08428955 -0.07739258 0.22210693
0.9720459 -0.08026123 -0.07940674 0.20581055
0.973938 -0.07739258 -0.07977295 0.19769287
0.97576904 -0.07434082 -0.07977295 0.18963623
0.97753906 -0.07159424 -0.0793457 0.18151855
0.9793091 -0.0692749 -0.078552246 0.17327881
0.98095703 -0.06732178 -0.07727051 0.16516113
0.9824829 -0.06500244 -0.07556152 0.15734863
0.9852295 -0.061401367 -0.07220459 0.14251709
0.9863281 -0.0602417 -0.07110596 0.1361084
0.9871216 -0.059265137 -0.07055664 0.1307373
0.9881592 -0.058044434 -0.070007324 0.12365723
0.98846436 -0.0579834 -0.06964111 0.12145996
0.98864746 -0.058654785 -0.06915283 0.119628906
0.98883057 -0.060058594 -0.06854248 0.11816406
0.9888916 -0.061279297 -0.068115234 0.117248535
0.98883057 -0.062072754 -0.067871094 0.117004395
0.98876953 -0.06311035 -0.067871094 0.11730957
0.98876953 -0.06359863 -0.067993164 0.117126465
0.98876953 -0.06414795 -0.06793213 0.116760254
0.98876953 -0.06512451 -0.06774902 0.11621094
0.98876953 -0.066345215 -0.06750488 0.11566162
0.9887085 -0.06829834 -0.0670166 0.115356445
0.98864746 -0.06915283 -0.066833496 0.11541748
0.9885864 -0.070373535 -0.066711426 0.115356445
0.9885254 -0.07196045 -0.066589355 0.115112305
0.9883423 -0.07513428 -0.06616211 0.114746094
0.98828125 -0.07623291 -0.065979004 0.11462402
0.9882202 -0.07720947 -0.06591797 0.11462402
0.9881592 -0.07800293 -0.065979004 0.11456299
0.98809814 -0.07952881 -0.06628418 0.11395264
0.9880371 -0.08081055 -0.066467285 0.11352539
0.98791504 -0.082336426 -0.066711426 0.113098145
0.98779297 -0.083740234 -0.06695557 0.11291504
0.9876709 -0.08538818 -0.06781006 0.11242676
0.98760986 -0.08618164 -0.06842041 0.11193848
0.98760986 -0.08654785 -0.06921387 0.11138916
0.9875488 -0.08666992 -0.06994629 0.110961914
0.9875488 -0.08746338 -0.07086182 0.11004639
0.9874878 -0.08862305 -0.0713501 0.109436035
0.9873657 -0.089782715 -0.07208252 0.10882568
0.98724365 -0.09082031 -0.07305908 0.10821533
0.98724365 -0.091308594 -0.074279785 0.10748291
0.9871826 -0.091430664 -0.07550049 0.10656738
0.98724365 -0.0914917 -0.07659912 0.10534668
0.9873047 -0.09185791 -0.07763672 0.103637695
0.98742676 -0.09197998 -0.078552246 0.101745605
0.98760986 -0.092041016 -0.07928467 0.09967041
0.98773193 -0.09222412 -0.079833984 0.097351074
0.98791504 -0.09246826 -0.080200195 0.09503174
0.9880371 -0.09320068 -0.0803833 0.09277344
0.9881592 -0.09429932 -0.08050537 0.09039307
0.98828125 -0.09503174 -0.08068848 0.08795166
0.98846436 -0.095581055 -0.08081055 0.08544922
0.9885864 -0.09625244 -0.08074951 0.08294678
0.98876953 -0.09680176 -0.080444336 0.08068848
0.9888916 -0.09710693 -0.079956055 0.07879639
0.9891968 -0.09741211 -0.0791626 0.07550049
0.98931885 -0.097351074 -0.07879639 0.07421875
0.9894409 -0.09741211 -0.078430176 0.07342529
0.9894409 -0.097717285 -0.077941895 0.07318115
0.9894409 -0.09832764 -0.07672119 0.074157715
0.9894409 -0.09832764 -0.07672119 0.074157715
0.9893799 -0.09802246 -0.07598877 0.07562256
0.9893799 -0.097473145 -0.07574463 0.07659912
0.9893799 -0.09686279 -0.07556152 0.07788086
0.98931885 -0.09643555 -0.07525635 0.07910156
0.9892578 -0.09643555 -0.07495117 0.08013916
0.9891968 -0.09655762 -0.07476807 0.08087158
0.98913574 -0.09692383 -0.07458496 0.08148193
0.9890747 -0.09753418 -0.07446289 0.08190918
0.98895264 -0.0982666 -0.07434082 0.082214355
0.9888916 -0.09881592 -0.074035645 0.082458496
0.9888916 -0.099487305 -0.07366943 0.08258057
0.98883057 -0.10064697 -0.07318115 0.08239746
0.9887085 -0.10211182 -0.072509766 0.08203125
0.98864746 -0.10369873 -0.071777344 0.081604004
0.9885864 -0.10534668 -0.07104492 0.08123779
0.98846436 -0.107177734 -0.07043457 0.08087158
0.98828125 -0.10876465 -0.070007324 0.08068848
0.9882202 -0.10992432 -0.06982422 0.08062744
0.98809814 -0.1105957 -0.069885254 0.08068848
0.9880371 -0.11102295 -0.070129395 0.08062744
0.9879761 -0.11138916 -0.070373535 0.08050537
0.98791504 -0.11206055 -0.07055664 0.080322266
0.987854 -0.112854004 -0.07055664 0.080078125
0.98779297 -0.11383057 -0.07043457 0.079711914
0.9876709 -0.11505127 -0.0703125 0.07922363
0.98760986 -0.11639404 -0.070129395 0.078552246
0.9875488 -0.1171875 -0.07006836 0.07788086
0.9875488 -0.11785889 -0.070129395 0.07720947
0.9874878 -0.118896484 -0.070251465 0.076538086
0.9873657 -0.11993408 -0.0703125 0.07598877
0.98724365 -0.121032715 -0.07043457 0.07562256
0.9871216 -0.12207031 -0.07055664 0.07531738
0.98706055 -0.122802734 -0.07055664 0.07513428
0.9869995 -0.12359619 -0.070495605 0.07501221
0.98687744 -0.12438965 -0.070373535 0.07476807
0.9868164 -0.12536621 -0.070373535 0.07446289
0.98669434 -0.12628174 -0.07043457 0.07421875
0.9866333 -0.12695312 -0.070495605 0.073913574
0.98657227 -0.12762451 -0.07067871 0.07354736
0.98651123 -0.12835693 -0.07080078 0.07318115
0.98638916 -0.12945557 -0.07080078 0.072753906
0.9862671 -0.1305542 -0.070739746 0.07232666
0.986145 -0.13165283 -0.070617676 0.07196045
0.98602295 -0.13269043 -0.070617676 0.07165527
0.9859619 -0.13330078 -0.07067871 0.0713501
0.9859619 -0.13354492 -0.07086182 0.07116699
0.9859619 -0.13360596 -0.07098389 0.07098389
0.9859009 -0.13421631 -0.07098389 0.070617676
0.98583984 -0.13482666 -0.07098389 0.070251465
0.9857788 -0.13513184 -0.07092285 0.070007324
0.9857788 -0.13549805 -0.07098389 0.06964111
0.9857178 -0.13574219 -0.07116699 0.06939697
