-8.1875 -0.75 -0.625
-7.9375 -2.0625 -1.625
-7.375 -2.3125 -2.5625
-7.1875 -2.25 -2.8125
-6.5625 -1.875 -2.5
-8.875 -0.9375 -0.75
-13.8125 -0.0625 1.8125
-11.4375 -0.4375 1.0625
-5.375 -2.625 -1.0625
-4 -3.75 -2.25
-2.3125 -4.5625 -2.6875
-1.5 -4.3125 -2.125
-2.875 -2.9375 -0.5
-6.125 -0.8125 0.625
-9.5 1.3125 1.125
-11.9375 2.6875 0.5
-12.4375 3.25 -0.75
-10.25 3.25 -1.5625
-9.875 3 -2.3125
-9.9375 2.6875 -2.4375
-9.875 2.375 -2.1875
-8.375 1.8125 -1.375
-9.75 1.5 -1.25
-10.0625 1.5 -0.6875
-8.5625 1.3125 0.3125
-6.6875 0.8125 0.875
-7.8125 0.5 0.625
-5.25 -0.1875 0.4375
-4.125 -0.4375 0.1875
-5.5625 -0.5 -0.8125
-7.4375 -0.5 -1.25
-7.625 -0.625 -1.25
-5.75 -0.8125 -0.9375
-6.9375 -0.5625 -0.5625
-6.375 -0.1875 0.0625
-5.0625 0 0
-5.9375 0.6875 0.125
-7.9375 1 0.3125
-8.75 1.1875 0.375
-9.1875 1.3125 -0.1875
-6.75 1.1875 -1.375
-4.375 1.375 -2.625
-4 3.0625 -3
-7.6875 5.125 -3.4375
-5.625 8 -2.375
-3.5 8.6875 -2.3125
-3 8.6875 -3.6875
-2.875 8.3125 -5.625
-0.1875 7.8125 -6.0625
-0.1875 7.25 -6.0625
-2.4375 6.6875 -5
-5.5 7.3125 -2.4375
-8.9375 7.625 -0.625
-14.75 7.8125 -0.9375
-20.1875 7.1875 -2.875
-26.125 6.5 -4.875
-35.1875 5.5625 -5.875
-40.625 2.5 -5.3125
-42 -2.8125 -3.8125
-39.4375 -9.6875 -1.875
-33.1875 -18.125 -0.6875
-27.75 -27.625 -1.5625
-22.0625 -37.0625 -2.875
-16.4375 -47.25 -3.6875
-10.25 -57.25 -4.5
-7.5625 -65.5625 -4.375
-8 -70.875 -2.625
-9 -74.3125 -0.1875
-13.625 -75.9375 2.8125
-20.0625 -78.75 5.625
-23.8125 -80 4.4375
-33.25 -80.0625 1.9375
-41.875 -81 1.875
-39.875 -84.4375 4
-36.8125 -89.1875 5.125
-37.625 -94.875 4.9375
-32.375 -101.0625 5.5625
-30.6875 -105.4375 8.25
-30.625 -108.9375 11.625
-21.0625 -114.125 17.25
-16.5 -114.8125 16.5
-10.625 -113.1875 15
-0.125 -108.5 12.9375
1 -100.6875 7.0625
-0.25 -91.8125 1.0625
-5.1875 -72.1875 -4.3125
-1.0625 -66 -4.5625
3.0625 -61.875 -5.3125
6.5 -59.0625 -8.0625
13.9375 -56.5 -10.5625
21 -52.3125 -11.75
21.0625 -45.375 -13.375
16.5 -36.5625 -15.1875
15.9375 -28.8125 -18.25
19.6875 -21.75 -22.1875
18.4375 -14.5 -25.8125
14.625 -7.375 -30
12.8125 -0.625 -34.25
12.375 7.125 -38.25
11.5625 16.4375 -41.5
12.3125 26 -45.625
12.875 36.125 -49.625
8.625 46.6875 -52.5
5.4375 57.625 -53.3125
11.9375 66.3125 -52.4375
17.0625 73.75 -53.0625
16.25 78.9375 -57.625
22.125 83.1875 -60.5625
32.0625 86.6875 -61.25
42.6875 88.125 -63.75
45.0625 91.5625 -67.375
31.4375 100.0625 -69.0625
14.5625 109.5625 -68.25
5.625 114.75 -66.8125
12.375 115.875 -63.8125
15.625 115.375 -62
3.125 115.75 -61.625
-9.75 114.875 -59.8125
-7.875 111.75 -56.3125
-7.5625 109.125 -54.25
-6.375 107.9375 -52.3125
-12.0625 106.5 -51.8125
-10 102.75 -48.5625
-15.25 95.3125 -45.1875
-18.5625 86.5625 -41.75
-10.375 78.875 -32.9375
-8.25 66.0625 -29.3125
-5.375 55.75 -27.0625
-6.5625 48.5 -25.1875
0.0625 42.375 -19.9375
11.125 31.875 -13.8125
-2.5 25.375 -9.5
-18 18.25 -5.5625
-22.3125 5.375 -2.0625
-16.375 -10.125 1.5
-7.125 -25.375 4.1875
-4.5625 -38.25 5.75
-11 -48.8125 7.6875
-11.1875 -58.9375 10.875
-7.125 -69.25 11.8125
-3.375 -77.75 11.75
-2.1875 -82.3125 13.3125
-6.625 -83.1875 15.3125
-18.5625 -82.375 15.6875
-32.875 -81.6875 16.5625
-41.125 -84 17.9375
-38.25 -89.5625 20.0625
-38.0625 -95.625 19.9375
-38.1875 -102.0625 16.3125
-34.125 -108.9375 11
-27.75 -112.8125 8.1875
-24.875 -114.3125 7.3125
-20.5625 -114.8125 8.8125
-27.1875 -113.4375 11.6875
-35.125 -112.4375 14.9375
-38.6875 -112.4375 17.6875
-36.125 -112.125 19.5
-33.75 -110.625 19.4375
-36 -109.1875 17.1875
-31.125 -108 17.4375
-23.0625 -106.9375 17.9375
-20.6875 -106 16
-17 -103.625 14.9375
-9.3125 -98.625 15.5625
-8.6875 -90 15.4375
-11.75 -81 12.375
3.4375 -74.375 10.25
20.5625 -67.375 7.4375
16.125 -59.1875 0.75
6.9375 -50.0625 -5
1.3125 -40.625 -7.75
1.8125 -31.9375 -9.5
-3.75 -23.6875 -12.5625
-13.5 -15.125 -16.0625
-21.625 -7.125 -20.625
-18.6875 -1.8125 -25.25
-9.9375 4.1875 -26.875
-8.9375 12.625 -27.75
-10.8125 19.9375 -30.5625
-16.8125 26.3125 -34.3125
-4 30.625 -38.1875
11.5 33.125 -45.5625
19.75 34.375 -54.5625
28.25 35.5 -59
31.9375 36.8125 -60.125
38.8125 38.625 -58.375
39.3125 43.625 -56.625
26.4375 52.75 -55.5625
23.0625 60.75 -53.625
30.0625 64.625 -55.1875
34.3125 67.5625 -59.5
32.9375 74.3125 -63.125
27.0625 84.3125 -66.4375
21.875 94 -71.5625
12.5 101.375 -77.25
9.125 106.0625 -79.1875
10.5625 106.8125 -76.6875
18.25 102.6875 -75.25
11.25 97.0625 -76.625
-6.875 91.6875 -75.625
-14.4375 84.4375 -73.1875
-18 78.375 -69.5
-23.875 74.9375 -65.625
-30.8125 71.9375 -63.0625
-26.25 66 -59.5625
-19.4375 58 -54.4375
-15 49 -46.875
-6.5 38.5625 -38.125
1.4375 27.5625 -30.4375
8.3125 17.5 -23.1875
9.875 8.875 -18.625
8.6875 1.0625 -15.625
14.0625 -5.9375 -11.25
16.6875 -10.25 -6.0625
18 -12.375 -0.625
11.875 -11.875 3.5
-2.3125 -10.875 5.75
-8.6875 -12.0625 7.875
-7.125 -14 10.75
-8.3125 -15.5 13.0625
-5.4375 -16.125 14.8125
-3.875 -15.375 15.9375
-9.1875 -14 16.5
-12.5 -12.4375 17.5625
-12.875 -12.3125 18.375
-10.25 -12.8125 18.3125
-11.1875 -12.6875 17.0625
-10.9375 -12.6875 14.875
-8.8125 -12.5 12.875
-7.3125 -11.125 11.5625
-7.375 -10.5625 10.0625
-4.625 -10.375 9.125
-3.375 -9.8125 8.125
-5.4375 -9.5 6.6875
-6.25 -7.8125 7.375
-6.25 -5.8125 8
-7.8125 -4 7.625
-8.6875 -2.25 7.0625
-10.375 -0.5 6.5
-13.9375 1.1875 5.75
-14.9375 2.125 5.625
-10.5625 2.0625 4.5
-9.125 2.3125 2.4375
-8.3125 2.5 0.8125
-6.8125 3.4375 -0.3125
-8.125 4.375 -1
