0 0 0
0 0 0
0 0 0
0 0 0
0 0 0
-0.4 3.3 -0.87
-0.55 2.05 -0.44
-0.54 1.94 -0.35
-0.53 1.87 -0.32
-0.4 2.28 -0.62
-0.34 2.65 -0.91
-0.32 2.94 -1.35
-0.31 2.95 -1.73
-0.35 2.65 -1.71
-0.38 2.32 -1.54
-0.43 2.13 -1.25
-0.5 2.11 -0.82
-0.5 2.32 -0.69
-0.48 2.48 -0.58
-0.47 2.8 -0.37
-0.43 2.9 -0.42
-0.47 2.86 -0.44
-0.45 2.92 -0.47
-0.47 3 -0.4
-0.47 2.92 -0.42
-0.47 2.68 -0.41
0 -0.19 -0.08
0.02 -0.25 -0.19
0.02 -0.34 -0.22
0.07 -0.21 -0.33
0.04 0.04 -0.32
0.08 0.05 -0.36
0.05 0.12 -0.44
0.03 0.12 -0.56
0 0.05 -0.62
-0.01 0.02 -0.65
0 0.01 -0.69
0.02 -0.09 -0.71
-0.03 -0.36 -0.66
-0.03 -0.55 -0.74
0.05 -0.5 -1.2
0.08 -0.29 -1.47
0.09 -0.15 -1.52
0.14 0.01 -1.4
0.12 0.15 -0.91
0.13 -0.39 -0.62
0.18 -0.55 -0.35
0.16 0.05 0.03
0.21 0.29 0.18
0.27 0.74 0.31
0.44 1.53 0.59
0.5 1.32 0.76
0.58 0.74 1.04
0.65 0.2 1.51
0.62 0.15 2.5
0.6 0.6 3.25
0.55 1.06 4.26
0.35 1.57 6.38
0.25 1.59 7.17
0.11 1.28 7.81
-0.12 0.33 8.52
-0.21 0.4 8.51
-0.33 0.49 8.38
-0.48 0.55 8.1
-0.62 1.44 6.42
-0.68 1.97 5.33
-0.76 2.38 4.38
-0.85 2.52 3.52
-0.91 2.26 2.55
-1.02 1.69 2.28
-1.02 1.11 1.51
-1.1 1.73 1.82
-1.28 2.18 2.29
-1.51 1.98 2.64
-1.74 1.27 2.63
-1.93 1.6 2.33
-2.02 2.01 1.57
-2.02 2.34 0.33
-2.1 2.04 -0.26
-2.25 1.27 -1.08
-2.54 -0.75 -4.2
-2.49 -1.2 -5.63
-2.4 -2.25 -6.9
-2.18 -2.23 -8.21
-2.13 -1.55 -8.56
-2.15 -1.17 -8.17
-2.21 -1.48 -6.52
-2.25 -2.09 -6.35
-2.21 -2.32 -6.43
-2.21 -2.32 -6.43
-1.7 -1.97 -8.5
-1.57 -2.04 -8.95
-1.55 -2.53 -8.8
-1.44 -3 -8.6
-1.45 -2.91 -8.62
-1.39 -2.91 -8.61
-1.34 -2.86 -8.79
-1.34 -2.62 -9.12
-1.3 -2.48 -9.44
-1.34 -2.52 -9.58
-1.26 -1.88 -9.55
-1.34 -1.35 -9.39
-1.4 -0.76 -9.06
-1.7 -0.43 -7.79
-1.77 -1.04 -7.26
-1.89 -1.77 -6.76
-2.03 -1.62 -6.34
-2.52 -0.66 -5.66
-2.51 -0.92 -5.46
-2.27 -0.7 -5.94
-2.1 1.18 -7.1
-2.08 1.83 -6.43
-2.22 1.89 -4.86
-2.25 2.3 -3.34
-2.04 2.32 -1.81
-1.84 2.51 -1.29
-1.84 3.04 -0.32
-1.8 3.51 1.22
-1.69 3.3 1.49
-1.53 3.46 1.61
-1.35 3.06 1.83
-1.19 4.74 5.07
-1.12 5.21 6.52
-1 6.34 7.48
-0.94 6.89 9.06
-0.89 5.5 10.26
-0.67 5 9.89
-0.34 5.31 8.79
-0.17 6.19 9.07
-0.22 6.6 11.07
-0.04 6.58 10.48
-0.19 6.42 11.9
-0.44 5.93 13.47
-0.7 5.63 14.2
-1.03 4.77 13.34
-1.14 4.56 12.13
-1.24 4.6 11.13
-1.31 4.25 9.65
-1.39 3.44 8.73
-1.44 3.22 7.24
-1.5 3.5 5.63
-1.34 3.53 2.94
-1.33 3.32 2.25
-1.41 3.47 2.02
-1.55 3.39 3.14
-1.7 3.08 3.42
-1.9 2.23 3.43
-2.15 1.2 3.1
-2.25 0.4 1.95
-2.27 1.16 0.68
-2.31 1.79 -0.23
-2.15 3.18 -1.92
-2.27 3.5 -2.56
-2.4 3.62 -2.75
-2.56 3.42 -2.84
-2.55 2.27 -3.64
-2.54 1.31 -4.02
-2.56 0.76 -4.07
-2.41 1.13 -4.33
-2.51 0.53 -4.5
-2.65 -0.05 -4.74
-2.64 0.06 -5.4
-2.36 0.19 -7.55
-2.23 -0.36 -8.56
-2.25 -1.3 -8.7
-1.97 -1.78 -8.54
-1.85 -2.54 -9.02
-1.71 -3.01 -9.41
-1.53 -2.52 -9.68
-1.27 -1.43 -9.67
-1.27 -1.52 -9.55
-1.24 -1.78 -9.5
-1.16 -2.01 -9.24
-1.19 -2.36 -8.63
-1.2 -2.17 -8.06
-1.12 -1.32 -8.04
-1.17 -1.08 -7.69
-1.22 -1.41 -7.12
-1.38 -1.81 -6.32
-1.6 -2.94 -5.03
-1.71 -3.64 -4.7
-1.8 -3.24 -4.46
-1.84 -1.76 -4.5
-1.94 0.6 -4.79
-1.83 1.47 -5.47
-1.67 1.58 -6.31
-1.64 1.79 -6.98
-1.69 1.2 -6.1
-1.72 0.17 -5.42
-1.76 -0.21 -5.43
-1.75 0.28 -6.97
-1.84 0.14 -7.15
-2 -0.22 -6.71
-2.24 0.75 -4.26
-2.18 2 -2.75
-2.14 2.91 -0.98
-1.93 2.88 0.53
-1.57 3.52 2.16
-1.38 4.39 3.15
-1.13 4.94 3.85
-0.89 5.88 4.21
-0.79 5.84 4.29
-0.71 5.72 5.11
-0.71 6.19 6.27
-0.78 7.79 7.99
-0.72 8.73 8.62
-0.73 8.95 9.08
-0.77 8.72 8.86
-0.8 8.22 8.26
-0.87 7.4 7.54
-0.88 6.98 6.9
-0.8 7.24 4.97
-0.7 7.23 3.78
-0.7 7.02 2.66
-0.65 5.97 0.95
-0.78 5.33 0.97
-0.84 5.11 1.15
-0.86 4.96 1.09
-0.86 4.11 0.24
-0.77 3.74 -0.4
-0.71 3.36 -1.02
-0.59 3.14 -1.39
-0.62 2.98 -1.33
-0.66 2.45 -1.1
-0.7 2.2 -1.15
-0.72 1.35 -1.52
-0.69 1.18 -1.66
-0.67 1.35 -1.84
-0.67 1.33 -2.04
-0.68 1.3 -1.93
-0.74 1.54 -1.99
-0.76 1.56 -2.07
-0.72 1.99 -2.39
-0.7 2.33 -2.62
-0.73 2.24 -2.71
-0.75 1.9 -2.71
-0.78 1.9 -2.56
-0.77 1.94 -2.49
-0.73 1.95 -2.37
-0.73 1.62 -1.83
-0.7 1.27 -1.75
-0.66 1.22 -1.87
-0.56 1.54 -1.89
-0.5 1.83 -1.89
-0.45 2.06 -2.06
-0.43 2.29 -2.11
