0 0 0
-9.25 0.125 0.4375
-10.5625 0.125 1
-7.25 -0.5 2.0625
-2.875 -1.1875 0.4375
-4.625 -1 -1.3125
-8.4375 -0.125 -1.4375
-8.25 0.4375 -0.625
-8.25 0.6875 -0.1875
-10.5625 0.625 -1.0625
-10.875 -1.0625 -1.3125
-4.1875 -3.4375 0.125
-5.375 -2.8125 0.4375
-10.6875 0.4375 0
-11 0.5625 -0.8125
-10.125 -0.125 -1.1875
-8.8125 -1.25 -1.375
-6.875 -2.125 -0.9375
-8.3125 -0.75 -0.4375
-9.3125 0.9375 0.125
-9.9375 1.125 -0.9375
-10.4375 0.5625 -1.375
-8 -0.4375 -1.1875
-8.0625 -0.0625 -1.875
-10.1875 0 -1.5625
-9.375 0.5625 0.1875
-9.5 0.75 1.5625
-9.0625 0.4375 1.5
-8.75 -0.75 0.125
-6.375 -2.25 -0.875
-3.5 -3.0625 -1.5625
-4.875 -2.8125 -1.5625
-5 -2.125 -0.75
-3.75 -1.625 -0.8125
-4.8125 -1.0625 -2.0625
-10.0625 0.6875 -2.5625
-17.1875 1.875 -2.875
-15.9375 0.5 -3.4375
-9.5 -2.75 -4.8125
-5.625 -5.0625 -7.125
-8.125 -4.5 -9
-16.5625 -2.4375 -10.875
-19.75 -1.75 -13.5625
-19.0625 -2.5 -16.4375
-16.5 -3.875 -19.125
-15.75 -4.8125 -22
-12.125 -4.375 -23.125
-15.6875 -2.3125 -24.6875
-19.625 -0.3125 -27.125
-27.5 0.375 -33.3125
-24.75 -1.125 -38.4375
-13.3125 -3.0625 -41.875
-14.75 -2.4375 -45.75
-18.1875 0.4375 -47.375
-18.4375 4.8125 -48.3125
-22.3125 9 -50.8125
-20 13.625 -50.5625
-26.5 19.25 -52
-32.25 24.625 -52.3125
-21.4375 30.3125 -49.0625
-13.8125 37.25 -47.4375
-20.9375 46.9375 -51.625
-35.125 57.9375 -57.1875
-32.8125 69.0625 -57.6875
-37.0625 79.25 -57.25
-50.25 88.4375 -57.5
-71.3125 94.25 -58.1875
-63.0625 93.0625 -52.9375
-44.0625 91.3125 -45.0625
-37.25 95.0625 -37
-41.9375 99.25 -33.9375
-35 99.625 -32.25
-15.5625 99.3125 -28.0625
-4.1875 100.4375 -23.375
-11.625 102.625 -16.875
-23.4375 102.625 -9.1875
-24.5625 94.625 -3.875
2 83.5625 1.375
11.3125 77.375 2.625
6 77.9375 4.375
7.875 82.1875 11
19.625 88.4375 22.1875
22.8125 96.625 32.0625
8.4375 105.6875 35.375
-9.0625 111.5625 33.875
-15.625 112.5 32
-18.5 112.1875 37.3125
-16.8125 107.125 44.75
-16.875 101.5625 51
-13.625 99 55.625
-6.5 95.5625 57.25
7.0625 89.0625 57
14.375 83.6875 58
4.9375 81.5625 59.8125
5.4375 79.75 64.4375
14.0625 79.1875 68.4375
16.4375 81.5625 70
12.1875 83.375 67.1875
13.8125 87.75 68.8125
-0.4375 94.0625 70.125
-20.875 99.6875 72.9375
-25.1875 97.6875 80.75
-4.125 86.6875 91.5625
16.1875 70.25 96.8125
16.625 54.125 96
6.0625 37 91.5625
11.5625 8.625 91.0625
3.0625 0.3125 88.75
-5.4375 -6 83.8125
-20.375 -14.3125 77.1875
-19.0625 -33.8125 77.875
-8.6875 -44.75 82.1875
4.9375 -52.6875 89.1875
21.1875 -57.4375 99.875
36.9375 -59.125 111.75
38.5 -60.8125 118.9375
41.125 -63.9375 121.6875
41.125 -67.625 119.8125
38.75 -70.1875 115.4375
24.3125 -72.9375 109.4375
11.0625 -75.8125 108.125
-2.125 -79.75 111.5
-4.9375 -85.1875 114.5
-9.625 -86.9375 113.4375
-12.625 -83.5625 108.125
-25.3125 -78.625 96.75
-43.6875 -75.3125 85.8125
-44.8125 -76.8125 81.25
-31.875 -83.6875 77.5
-24.6875 -90 73.5
-27.9375 -92.6875 70.4375
-28.9375 -92.5 69.125
-35.9375 -89.625 66.4375
-44.3125 -88.5 62.0625
-28.125 -88.75 59.125
-21.625 -87.8125 54.3125
-20.75 -85.3125 47.9375
-21.8125 -83.5625 41.0625
-20.5625 -82.25 37
-26.625 -82.75 33.375
-28.125 -86 29.625
-21 -89.8125 24.8125
-24.9375 -91.0625 17.6875
-30.375 -92.5 9
-20.75 -93.5625 3.375
-18.5625 -91.375 1.5
-14.375 -89.5625 2.1875
-14 -88.8125 2.8125
-23.5 -87.3125 2.125
-26.75 -86.875 0.4375
-29.125 -85.8125 -10.5625
-37.875 -82.5 -20.5
-45.5625 -78.1875 -29.3125
-46.125 -75.5625 -34.0625
-22.4375 -75.625 -34.8125
-18.6875 -73.875 -30.875
-17.375 -71.875 -25.75
-26.875 -70 -23.6875
-28 -68.25 -24.5625
-27.875 -64.125 -30.25
-25.3125 -52.5625 -42.9375
-27.375 -49 -50.8125
-24.5625 -47.25 -54.625
-19.375 -47.25 -56.3125
-18.3125 -46.25 -61.0625
-12.4375 -40.125 -73.3125
-3.25 -36.1875 -75.6875
9.8125 -31.8125 -74.375
14.75 -26.125 -73.625
7.6875 -18.625 -76.125
-1.1875 -9.375 -79.3125
-15.125 8.0625 -92.75
-8.25 12.625 -94.625
2.5 13.25 -91.1875
0.4375 10.25 -86.1875
-1.0625 6.1875 -77.8125
2.8125 1.3125 -65.9375
1.5 -2 -54.625
-6.625 -3.5 -45.375
-14.75 -2.6875 -38.25
-29.0625 1.5 -29.75
-26.875 3.6875 -26.875
-27.1875 4.9375 -26.125
-29.4375 4.9375 -26
-24.875 2.9375 -23.6875
-17.25 0.6875 -19.0625
-11.0625 -2.5625 -14.375
-4.4375 -4.875 -8.6875
-4.625 -5.125 -3.4375
-10 -4.1875 0.1875
-10.875 -4.625 1.75
-12 -4.6875 0.1875
-11.1875 -4.625 -1.625
-7.4375 -4.3125 -2.75
-5.125 -3.375 -2.375
-1.375 -1.625 -0.625
0.3125 -0.9375 -0.0625
3.25 -0.625 0.75
1.25 0.375 1.9375
-3 0.9375 2.875
-11.3125 1.0625 2.625
-14.625 1.1875 3.0625
-13.1875 0.75 3.1875
-8.875 -0.8125 2.1875
-7.9375 0.25 1.375
-9.125 2.3125 1.5625
-2.4375 2.375 2.5625
1.0625 3.4375 3.6875
-1.4375 5.9375 4.875
-16.9375 7.0625 3.8125
-20.375 5.5625 3.8125
-14.9375 2.4375 4.875
-10.0625 -0.9375 5.5
-9.75 -2.4375 5.125
-11.625 -1.375 5.0625
-10.875 1.4375 5.625
-9.1875 3.75 5.125
-9.3125 4.875 3.4375
-11.8125 5.1875 0.4375
-13.375 4 -3.25
-12.5625 2.3125 -5.375
-11.75 -0.0625 -6.8125
-11.4375 -1.6875 -7.4375
-8.625 -2.3125 -7
-5.8125 -2.1875 -6
-10.4375 -0.375 -5.5625
-16.1875 2 -4.875
-14.875 3.6875 -3.6875
-10.375 4.0625 -3
-8.3125 3.125 -3.5625
-6.1875 1.3125 -4.5
-3.5625 -0.375 -5.0625
-0.5625 -1.25 -4.5
1.125 -1.0625 -4.625
-3.25 1.1875 -4.9375
-8.25 2.3125 -6.0625
-6.5625 2.5625 -5.625
-6.125 2.6875 -5.1875
-7.4375 1.9375 -5.25
-8 2 -4.6875
-6.625 2.1875 -4.1875
-5.5625 1.9375 -5.0625
-7.4375 2.4375 -5.625
-9.9375 2.75 -5.75
-10.875 1.75 -5.625
-8.0625 -0.375 -4.5
-3.375 -2.375 -2.375
-1.6875 -3.3125 -1.4375
-3.9375 -2.875 -1.125
-5.1875 -1.4375 0.4375
-5.375 -0.3125 1.625
-5.8125 0.0625 1.5
-6.6875 0.6875 2.125
-7.8125 1.3125 3.125
-10.5625 1.6875 3.0625
-15.875 2 1.625
-18.5625 2.4375 0.6875
-19.0625 2.875 0
-17.625 3.25 -0.1875
-15.5625 4.25 -0.5
-16 5.0625 -1.9375
-16.5625 5.875 -3.5
-12.4375 6.0625 -3.875
-11.25 5.1875 -4.375
-13.5625 3.9375 -4.875
-12.125 2.0625 -4.75
-8.3125 0.4375 -4.0625
-6.6875 -0.125 -3.625
-6.6875 0.0625 -2.875
-6.9375 0.75 -1.1875
-9.5 0.8125 -0.3125
-8.9375 0 -0.25
-8.9375 -1.1875 -1.3125
-7.375 -2.0625 -2.125
-8.1875 -2.5625 -3.3125
