0 0 0
0 0 0
0 0 0
0 0 0
0 0 0
1.9 5.07 -2.18
1.92 5.49 -2.19
1.87 5.4 -1.89
1.88 5.15 -1.71
1.85 5.17 -1.45
1.83 5.37 -1.21
1.9 5.65 -1.76
1.89 5.4 -2.54
1.92 5.15 -2.54
1.86 5.19 -1.81
1.86 5.27 -1.58
1.84 5.57 -1.75
1.88 5.65 -2.29
1.94 5.58 -2.62
1.89 5.32 -2.25
1.88 5.35 -2.11
1.91 5.55 -1.74
1.94 5.54 -1.92
1.92 5.54 -2.16
1.91 6.36 -2.11
1.91 6.21 -2.06
1.89 5.82 -1.91
1.83 5.11 -1.6
1.83 5.08 -1.43
1.79 5.18 -1.52
1.84 5.51 -2.11
1.86 5.66 -2.26
1.88 5.41 -2.28
1.92 5.02 -2.32
1.92 5.29 -2.69
1.87 5.33 -2.37
1.78 5.15 -1.65
1.62 4.46 -0.83
1.58 4.28 -1.19
1.64 4.42 -2.02
1.69 4.34 -2.51
1.61 3.9 -2
1.53 3.8 -1.56
1.47 3.81 -1.43
1.31 3.91 -1.62
1.31 4.22 -2.2
1.3 4.04 -2.73
1.14 3.78 -2.71
0.94 2.2 -2.26
0.82 2.5 -1.75
0.73 3.01 -1.66
0.79 3.49 -3.14
0.78 4.3 -3.78
0.75 4.66 -4.08
0.8 4.37 -4.36
0.63 5.27 -4.6
0.75 4.96 -5.04
0.8 5.15 -5.03
0.87 6.19 -5.71
0.71 5.78 -6.48
0.73 4.39 -7.66
0.71 3.68 -8.22
0.36 5.67 -8.48
0.12 5.85 -8
0.06 6.11 -7.64
0.06 6.11 -7.64
-0.26 8.6 -2.55
-0.1 9.62 -2.17
0 9.99 -2.88
-0.13 8.41 -2.65
-0.13 8.36 -1.88
-0.12 9.02 -1.56
0.04 10.19 -1.91
-0.02 11.27 -1.48
0.08 11.57 -0.49
0.02 10.79 1.6
-0.08 10.27 2.35
0.16 9.63 0.79
0.39 10.12 -1.05
0.31 12.8 -3.32
0.31 13.71 -4.03
0.33 13.29 -4.75
0.33 11.89 -5
-0.15 9.38 -3.14
-0.16 9.66 -1.62
0.02 11.31 -0.58
0.02 12.59 1.1
0.14 11.48 1.96
0.26 10.52 1.25
0.46 9.29 1.18
0.33 8.51 2.35
0.57 8.91 2.19
0.74 9.29 1.56
0.74 9.76 1.22
0.79 9.23 -0.06
0.87 8.28 -0.96
0.93 7.23 -1.25
0.77 8.63 -2.38
0.81 8.55 -2.44
0.76 9.17 -1.64
0.75 10.18 0.5
0.34 10.76 6.16
0.41 8.96 7.73
0.6 7.33 8.24
0.94 5.94 8.79
0.94 6.9 8.22
1.23 6.42 6.98
1.73 4.35 4.65
1.82 4.27 5.08
1.9 5.64 5.32
1.91 7.69 5.76
1.92 9.2 4.57
1.93 10.03 3.55
1.93 10.03 3.55
1.68 8.6 2.32
1.64 7.19 2.39
1.71 4.78 2.16
1.82 4.03 1.59
2.02 3.8 1.36
2.16 4.95 1.33
2.25 7.16 1.88
2.16 6.46 1.66
2.08 5.15 0.34
2.46 2.27 -2.66
2.63 1.02 -2.91
2.82 1.51 -2.28
2.83 2.91 -0.76
2.81 3.27 1.6
2.88 3.39 1.19
3.02 3.83 0.1
3.12 4.04 -1.82
3.29 3.45 -2.49
3.19 2.91 -1.97
3.15 2.95 -1.9
3.44 1.92 -2.45
3.53 1.6 -2.8
3.51 1.44 -2.64
3.68 2.54 -1.94
3.6 2.64 -1.25
3.48 2.46 -0.61
3.4 2.03 -0.47
3.58 0.81 -1.61
3.36 0.74 -1.49
3.4 1.63 -2.06
3.58 3.7 -3.14
3.55 4.21 -2.88
3.45 4.21 -2.87
3.44 3.99 -2.94
3.39 3.07 -2.82
3.27 2.36 -2.91
3.25 1.35 -3.51
3.32 1.39 -4.75
3.18 2.59 -4.15
3.04 3.6 -3.57
3.09 5.24 -4.17
2.97 6.5 -4.53
2.82 4.99 -4.57
2.69 3.7 -5.1
2.84 2.55 -6.03
2.8 2.26 -6.5
2.64 1.91 -6.21
2.41 3.2 -5.04
2.25 3.55 -4.57
2.29 2.67 -5.22
2.19 2.45 -5.84
2.17 2.97 -6.46
2.12 5.45 -7.12
2.12 5.3 -7.8
2.11 4.16 -9.05
1.97 3.85 -9.43
1.96 3.12 -9.43
1.98 3.07 -8.88
1.76 6.49 -6.2
1.77 8.82 -3.7
1.91 10.17 -3.01
2.1 12.08 -2.72
2.16 11.9 -3.22
2.22 11.49 -3.79
2.21 10.35 -5.06
2.2 9.83 -5.22
2.2 9.31 -5.3
2.2 9.31 -5.3
2.11 8.54 -4.38
2.06 9.23 -3.16
2.08 9.97 -2.54
2.08 10.05 -2.53
2.11 10.13 -2.96
2.11 10.13 -2.96
2.15 8.78 -4.05
2.19 7.77 -3.93
2.22 6.93 -4.15
2.28 6.67 -4.27
2.29 6.91 -4.38
2.32 7.37 -4.63
2.35 7.7 -4.88
2.24 7.49 -4.28
2.25 7.65 -4.24
2.21 7.75 -4.32
2.12 7.66 -3.99
2.07 7.5 -3.83
2.06 7.61 -3.79
2.06 7.45 -3.62
1.94 7.14 -3.6
1.99 7.33 -4.25
1.94 7.5 -4.33
1.87 7.91 -3.94
1.88 7.99 -4.21
1.85 8 -4.4
1.82 7.68 -4.07
1.82 7.33 -3.04
1.85 7.47 -2.53
1.87 7.57 -2.07
2.09 7 -3.34
2.15 7.01 -4.14
2.25 6.99 -4.71
2.25 6.99 -4.71
2.22 6.3 -4.45
2.11 5.63 -3.81
2.03 5.67 -3.18
2.01 6.17 -3.03
1.95 6.42 -2.94
1.95 6.73 -3.16
1.99 7.45 -3.91
2.03 7.52 -4.27
2.13 7.55 -4.72
2.18 7.79 -4.57
2.13 7.82 -4.29
2.08 7.47 -3.97
2.05 7.21 -3.62
1.95 7.06 -3.19
1.96 7.31 -3.3
1.98 7.49 -3.57
2.01 7.4 -4.5
1.99 7.37 -4.65
1.92 7.36 -4.21
1.89 7.67 -3.91
1.89 7.76 -3.49
1.91 7.82 -3.52
1.92 8.04 -3.65
1.88 7.71 -3.42
1.83 7.62 -3.45
1.84 7.87 -3.53
1.81 7.99 -3.28
1.71 8.36 -2.47
1.66 8.67 -2.33
1.62 8.78 -2.55
1.66 8.41 -3.42
1.69 8.6 -3.81
1.72 8.79 -4.01
1.68 8.58 -3.93
1.73 8.16 -3.78
1.73 8.29 -3.89
1.79 8.27 -3.87
1.84 7.5 -3.95
1.89 7.43 -3.96
1.92 7.49 -3.89
1.97 7.59 -3.82
2.02 7.71 -3.99
2.04 7.49 -3.98
2.05 7.27 -4.01
2.08 7.37 -3.9
2.04 7.66 -3.49
1.99 7.7 -3.21
1.95 7.85 -2.95
1.91 8.23 -2.81
1.91 8.34 -2.98
1.87 8.34 -3.17
1.91 8.54 -3.47
1.9 8.65 -3.68
1.83 8.33 -3.43
1.83 8.05 -3.27
1.77 7.65 -3.26
1.78 7.65 -3.43
1.81 7.7 -3.6
1.79 7.95 -3.73
