0 0 0 0
0 0 0 0
0 0 0 0
0 0 0 0
0 0 0 0
1 -0.0040893555 -0.00024414062 0.00030517578
1 -0.004760742 -0.00024414062 0.00018310547
1 -0.005493164 -0.00024414062 0.00012207031
1 -0.006164551 -0.00018310547 0.00012207031
1 -0.007080078 -0.00012207031 0.000061035156
0.99993896 -0.0079956055 -0.00024414062 -0.000061035156
0.99993896 -0.008972168 -0.0007324219 -0.00012207031
0.99993896 -0.009460449 -0.0009765625 -0.00012207031
0.99993896 -0.010925293 -0.0010986328 -0.00012207031
0.99993896 -0.0119018555 -0.0010986328 -0.00018310547
0.99993896 -0.012756348 -0.0010986328 -0.00030517578
0.9998779 -0.014099121 -0.0013427734 -0.00048828125
0.9998779 -0.0146484375 -0.0015258789 -0.0005493164
0.9998779 -0.015380859 -0.0015869141 -0.0005493164
0.9998779 -0.017028809 -0.0014648438 -0.00061035156
0.9998169 -0.0178833 -0.0013427734 -0.0006713867
0.9998169 -0.018737793 -0.0013427734 -0.00079345703
0.9998169 -0.019958496 -0.0014038086 -0.0010375977
0.99975586 -0.020629883 -0.0014038086 -0.001159668
0.99975586 -0.021484375 -0.0014038086 -0.0012817383
0.99975586 -0.022277832 -0.0014038086 -0.0012817383
0.99975586 -0.023132324 -0.0013427734 -0.001159668
0.9996948 -0.023864746 -0.0013427734 -0.0010375977
0.9996948 -0.024597168 -0.0014038086 -0.0010375977
0.9996948 -0.025146484 -0.0015869141 -0.0010986328
0.9996948 -0.02545166 -0.0018920898 -0.0012207031
0.9996338 -0.025878906 -0.0021362305 -0.0013427734
0.9996338 -0.026306152 -0.0022583008 -0.0014038086
0.9996338 -0.026611328 -0.0024414062 -0.0015258789
0.9996338 -0.027038574 -0.0025024414 -0.0016479492
0.9996338 -0.027893066 -0.0024414062 -0.0018920898
0.99957275 -0.029296875 -0.002319336 -0.0021362305
0.9995117 -0.030700684 -0.002319336 -0.0024414062
0.9995117 -0.03149414 -0.0025634766 -0.0028686523
0.9994507 -0.031921387 -0.0029907227 -0.0034179688
0.9994507 -0.03265381 -0.0034179688 -0.004211426
0.99938965 -0.034057617 -0.0036621094 -0.005126953
0.9993286 -0.035705566 -0.0038452148 -0.006286621
0.9992676 -0.03729248 -0.0040893555 -0.0076293945
0.99920654 -0.03869629 -0.0044555664 -0.009277344
0.9991455 -0.040039062 -0.0049438477 -0.011108398
0.9990845 -0.04107666 -0.0053710938 -0.013061523
0.9989624 -0.0423584 -0.0056152344 -0.015136719
0.99884033 -0.044006348 -0.0057373047 -0.017456055
0.99871826 -0.046325684 -0.00579834 -0.020263672
0.99853516 -0.04840088 -0.0059814453 -0.023498535
0.9984131 -0.04949951 -0.0064086914 -0.027038574
0.99823 -0.050720215 -0.0067749023 -0.030883789
0.99798584 -0.052246094 -0.0068969727 -0.03491211
0.9977417 -0.053771973 -0.006652832 -0.039001465
0.99749756 -0.055541992 -0.0060424805 -0.04333496
0.9971924 -0.05718994 -0.005065918 -0.047668457
0.9968872 -0.059326172 -0.0036010742 -0.05218506
0.99645996 -0.06188965 -0.0016479492 -0.05670166
0.99609375 -0.0635376 0.0007324219 -0.061035156
0.9957886 -0.064575195 0.0037231445 -0.06518555
0.9953613 -0.06604004 0.007507324 -0.06982422
0.994751 -0.068725586 0.012268066 -0.07489014
0.9940796 -0.07110596 0.017944336 -0.08013916
0.99328613 -0.07373047 0.024475098 -0.08532715
0.9923706 -0.07745361 0.031921387 -0.09063721
0.9911499 -0.08288574 0.039978027 -0.09588623
0.98986816 -0.08758545 0.047912598 -0.10076904
0.98876953 -0.09063721 0.055603027 -0.105041504
0.9876709 -0.09307861 0.06359863 -0.10870361
0.9864502 -0.09588623 0.07196045 -0.11206055
0.9852295 -0.09802246 0.080322266 -0.115356445
0.9840698 -0.09857178 0.08850098 -0.1184082
0.9830322 -0.098083496 0.09674072 -0.121154785
0.98187256 -0.098083496 0.10522461 -0.123291016
0.98065186 -0.09906006 0.1138916 -0.124694824
0.97943115 -0.10015869 0.12194824 -0.12554932
0.97857666 -0.09906006 0.12884521 -0.12615967
0.97784424 -0.09729004 0.13513184 -0.12670898
0.9770508 -0.09588623 0.14154053 -0.1270752
0.9761963 -0.09423828 0.14837646 -0.12689209
0.97546387 -0.09136963 0.15557861 -0.1260376
0.9746704 -0.088012695 0.16357422 -0.12445068
0.9736328 -0.085754395 0.17242432 -0.12243652
0.972229 -0.08483887 0.1819458 -0.12030029
0.9706421 -0.084472656 0.19158936 -0.1182251
0.9690552 -0.08428955 0.20123291 -0.11566162
0.96746826 -0.08380127 0.21044922 -0.11248779
0.9660034 -0.08331299 0.21923828 -0.10870361
0.9645386 -0.08251953 0.22784424 -0.10461426
0.96313477 -0.08111572 0.23608398 -0.10046387
0.961853 -0.07861328 0.24365234 -0.09655762
0.9606323 -0.07556152 0.25073242 -0.0927124
0.9594116 -0.07324219 0.25769043 -0.08850098
0.9581299 -0.07080078 0.26446533 -0.083862305
0.9569092 -0.06756592 0.2711792 -0.07910156
0.9555664 -0.064086914 0.27807617 -0.074279785
0.9540405 -0.06097412 0.2850952 -0.06958008
0.95233154 -0.057739258 0.29241943 -0.064819336
0.9503784 -0.055480957 0.30029297 -0.059631348
0.9480591 -0.05480957 0.30871582 -0.053710938
0.9456787 -0.054260254 0.3170166 -0.047058105
0.94366455 -0.051757812 0.32440186 -0.040039062
0.94207764 -0.047607422 0.33032227 -0.03302002
0.94085693 -0.04345703 0.33496094 -0.026062012
0.94000244 -0.040283203 0.3381958 -0.019104004
0.9393921 -0.03338623 0.3411255 -0.0053100586
0.9394531 -0.030578613 0.34136963 0.0016479492
0.9395752 -0.028625488 0.34106445 0.008483887
0.93981934 -0.028015137 0.3400879 0.015197754
0.9411011 -0.026611328 0.33581543 0.028686523
0.9421387 -0.024841309 0.33239746 0.035583496
0.94329834 -0.02178955 0.32843018 0.042663574
0.94451904 -0.017150879 0.32409668 0.050109863
0.9456787 -0.010864258 0.3196411 0.05810547
0.9467163 -0.004272461 0.31506348 0.06665039
0.9476929 0.0026245117 0.3102417 0.07525635
0.9486084 0.009460449 0.30499268 0.08380127
0.9495239 0.016052246 0.29956055 0.09197998
0.9503784 0.021362305 0.29370117 0.10003662
0.95129395 0.02557373 0.28753662 0.10827637
0.95214844 0.028808594 0.28082275 0.117126465
0.9530029 0.031982422 0.2736206 0.1262207
0.95373535 0.034729004 0.26617432 0.13531494
0.9543457 0.037109375 0.25897217 0.144104
0.954895 0.038146973 0.25201416 0.15216064
0.9555054 0.03741455 0.24505615 0.15979004
0.9561157 0.036499023 0.23797607 0.16705322
0.9567261 0.03668213 0.23052979 0.17364502
0.9574585 0.03741455 0.22265625 0.17980957
0.9581299 0.037902832 0.21447754 0.18572998
0.95880127 0.038269043 0.20635986 0.19152832
0.9593506 0.037963867 0.19824219 0.19726562
0.9598999 0.036865234 0.19012451 0.20269775
0.96032715 0.03704834 0.18225098 0.20770264
0.9607544 0.03765869 0.17456055 0.2121582
0.96118164 0.038208008 0.16711426 0.21606445
0.9616699 0.03857422 0.15979004 0.21942139
0.9621582 0.038879395 0.15258789 0.22247314
0.9626465 0.03869629 0.14526367 0.22521973
0.9631958 0.03845215 0.13763428 0.22772217
0.96380615 0.038757324 0.12982178 0.2296753
0.96447754 0.038635254 0.12188721 0.2310791
0.96533203 0.038085938 0.113708496 0.23181152
0.9661865 0.038269043 0.105651855 0.23199463
0.967041 0.038513184 0.097839355 0.23199463
0.9677124 0.039123535 0.09020996 0.23199463
0.9683838 0.039733887 0.08270264 0.23199463
0.96899414 0.03955078 0.07507324 0.23205566
0.9696045 0.0390625 0.06744385 0.2319336
0.97094727 0.037902832 0.052246094 0.23052979
0.97180176 0.036315918 0.044799805 0.22869873
0.9727783 0.033935547 0.037597656 0.22625732
0.9737549 0.03149414 0.030578613 0.22332764
0.9755249 0.029785156 0.017333984 0.21728516
0.9761963 0.029541016 0.010925293 0.21459961
0.9767456 0.029418945 0.004760742 0.21228027
0.9772339 0.028442383 -0.0014038086 0.21014404
0.97772217 0.02734375 -0.007507324 0.20794678
0.9782715 0.026184082 -0.013244629 0.20526123
0.9795532 0.023498535 -0.023132324 0.19836426
0.9803467 0.022155762 -0.02758789 0.19403076
0.98114014 0.021057129 -0.031799316 0.18933105
0.9819336 0.020324707 -0.035888672 0.18457031
0.9827881 0.019714355 -0.039916992 0.17932129
0.98461914 0.018798828 -0.047180176 0.16729736
0.98547363 0.019348145 -0.050109863 0.1609497
0.9863281 0.020935059 -0.052490234 0.15472412
0.9871216 0.022827148 -0.054382324 0.1486206
0.9879761 0.024047852 -0.055664062 0.14227295
0.98883057 0.024414062 -0.056274414 0.13562012
0.9908447 0.02319336 -0.055541992 0.120666504
0.9918823 0.022827148 -0.054382324 0.11273193
0.99279785 0.02331543 -0.05303955 0.10510254
0.9935303 0.023620605 -0.052001953 0.09790039
0.99420166 0.023803711 -0.051330566 0.09136963
0.99468994 0.024353027 -0.051086426 0.08581543
0.99505615 0.024719238 -0.051086426 0.08123779
0.9953613 0.024353027 -0.0513916 0.07739258
0.99591064 0.02130127 -0.051757812 0.07116699
0.99609375 0.018981934 -0.051757812 0.06854248
0.9963379 0.016845703 -0.051574707 0.06616211
0.996521 0.014587402 -0.05126953 0.06384277
0.9967041 0.012207031 -0.050964355 0.061523438
0.9968872 0.010192871 -0.050842285 0.059448242
0.9970093 0.008850098 -0.050842285 0.057739258
0.9970703 0.0079956055 -0.051086426 0.05645752
0.9970703 0.0076293945 -0.051513672 0.055725098
0.9970703 0.0073242188 -0.052001953 0.055419922
0.9970703 0.0064697266 -0.052368164 0.055358887
0.9970703 0.005554199 -0.052856445 0.055480957
0.9970093 0.0045776367 -0.05328369 0.055419922
0.9970093 0.0036621094 -0.053710938 0.055236816
0.9970093 0.0030517578 -0.054138184 0.05493164
0.9970093 0.0026855469 -0.05444336 0.054748535
0.9970093 0.0025634766 -0.05456543 0.0546875
0.9970093 0.0025634766 -0.0546875 0.0546875
0.9970093 0.0028076172 -0.0546875 0.054748535
0.9970093 0.0029296875 -0.0546875 0.05493164
0.9970093 0.0026855469 -0.054626465 0.055114746
0.99694824 0.0017089844 -0.054626465 0.05529785
0.99694824 0.0004272461 -0.05456543 0.055480957
0.99694824 -0.0006713867 -0.05456543 0.055725098
0.99694824 -0.0014648438 -0.0546875 0.055847168
0.99694824 -0.0021362305 -0.0546875 0.05596924
0.99694824 -0.0029296875 -0.05456543 0.056030273
0.99694824 -0.003112793 -0.054382324 0.05621338
0.99694824 -0.003112793 -0.05407715 0.05657959
0.99694824 -0.0032348633 -0.053588867 0.0569458
0.99694824 -0.005554199 -0.0524292 0.057556152
0.99694824 -0.0073242188 -0.05206299 0.057800293
0.99694824 -0.008605957 -0.051940918 0.058166504
0.9968872 -0.009521484 -0.05206299 0.05859375
0.9968262 -0.010314941 -0.05230713 0.05895996
0.99676514 -0.011352539 -0.052490234 0.059326172
0.99676514 -0.012268066 -0.0524292 0.059753418
0.99676514 -0.013122559 -0.052124023 0.060180664
0.9967041 -0.013916016 -0.051757812 0.060424805
0.99676514 -0.014953613 -0.0513916 0.06036377
0.99676514 -0.016052246 -0.05114746 0.05999756
0.99676514 -0.017150879 -0.05102539 0.059509277
0.99676514 -0.018066406 -0.051086426 0.058898926
0.9968262 -0.019042969 -0.05126953 0.05822754
0.9968262 -0.019714355 -0.051513672 0.057556152
0.9968262 -0.020141602 -0.051757812 0.05706787
0.9968262 -0.020996094 -0.051818848 0.056518555
0.9968262 -0.022338867 -0.051757812 0.056030273
0.9968262 -0.023620605 -0.051513672 0.055664062
0.9968262 -0.024475098 -0.051208496 0.055358887
0.9968872 -0.02520752 -0.050964355 0.054992676
0.9968872 -0.0256958 -0.05090332 0.05456543
0.9968872 -0.026000977 -0.050964355 0.054138184
0.9968872 -0.026000977 -0.05102539 0.053771973
0.99694824 -0.025878906 -0.05114746 0.05340576
0.99694824 -0.026123047 -0.051086426 0.05291748
0.99694824 -0.026794434 -0.05090332 0.052368164
0.9970093 -0.02734375 -0.05078125 0.051879883
0.9970093 -0.027832031 -0.05053711 0.0513916
0.9970093 -0.028442383 -0.05041504 0.05090332
0.9970093 -0.02911377 -0.05029297 0.050476074
0.9970703 -0.029663086 -0.0501709 0.050109863
0.9970703 -0.030151367 -0.050048828 0.049621582
0.9970703 -0.030761719 -0.049865723 0.0491333
0.9970703 -0.031555176 -0.049682617 0.048583984
0.9970703 -0.032470703 -0.049621582 0.048034668
0.9970703 -0.03314209 -0.049682617 0.047607422
0.9970703 -0.03338623 -0.049865723 0.047424316
0.9970703 -0.0335083 -0.0501709 0.047302246
0.9970093 -0.03387451 -0.05041504 0.047180176
0.9970093 -0.034301758 -0.050598145 0.047180176
0.9970093 -0.034729004 -0.050598145 0.047302246
0.99694824 -0.035217285 -0.050598145 0.047424316
0.99694824 -0.035827637 -0.050598145 0.047546387
0.9968872 -0.036499023 -0.050476074 0.047790527
0.9968872 -0.03741455 -0.050354004 0.047973633
0.9968262 -0.038757324 -0.05029297 0.048034668
0.99676514 -0.04034424 -0.050109863 0.048034668
0.9967041 -0.041992188 -0.049987793 0.047912598
0.99664307 -0.04345703 -0.049743652 0.047851562
0.99664307 -0.044799805 -0.049438477 0.047790527
0.99658203 -0.046142578 -0.0491333 0.04748535
0.99658203 -0.047546387 -0.048706055 0.04711914
0.99658203 -0.04864502 -0.048217773 0.046691895
0.996521 -0.049560547 -0.047851562 0.04626465
0.996521 -0.050720215 -0.047607422 0.045776367
0.996521 -0.051696777 -0.04748535 0.04534912
0.99645996 -0.0524292 -0.047546387 0.04498291
0.99645996 -0.052978516 -0.047607422 0.0446167
0.99645996 -0.053527832 -0.047607422 0.04437256
0.9963989 -0.05407715 -0.047607422 0.044189453
0.9963989 -0.05493164 -0.047546387 0.044189453
0.9963379 -0.055664062 -0.047607422 0.044128418
0.99627686 -0.056396484 -0.047729492 0.044006348
0.99627686 -0.057006836 -0.047973633 0.043823242
0.9962158 -0.057678223 -0.048217773 0.043518066
