0 0 0
0 0 0
0 0 0
0 0 0
0 0 0
0 0 0
359.8125 0.0625 -0.375
359.8125 0.0625 -0.4375
359.8125 0.0625 -0.5625
359.8125 0.0625 -0.5625
359.9375 12.25 43.3125
359.9375 12.25 43.25
359.9375 12.25 43.1875
359.9375 12.25 43.125
0 12.1875 43.0625
0 12.1875 43
0 12.125 42.8125
0 12.125 42.6875
0 12.0625 42.4375
0 12.0625 42.375
0.0625 12 42.1875
0.0625 11.9375 42.125
0.0625 11.9375 41.9375
0.125 11.875 41.8125
0.125 11.875 41.6875
0.125 11.875 41.625
0.125 11.875 41.4375
0.125 11.875 41.3125
0.125 11.875 41.25
0.125 11.875 41.25
0.125 11.875 41.1875
0.1875 11.875 41.125
0.1875 11.9375 41.0625
0.1875 11.9375 40.9375
0.1875 11.9375 40.9375
0.125 12 40.8125
0.125 12 40.6875
0.125 12 40.4375
0.0625 12.0625 40.3125
0.0625 12.0625 40.3125
0.0625 12.125 40.25
0.125 12.3125 40.125
0.1875 12.4375 40
0.25 12.5625 39.9375
0.375 12.75 39.875
0.5 12.875 39.8125
0.625 12.9375 39.6875
1 13.125 39.3125
1.1875 13.25 39.125
1.4375 13.3125 38.9375
2 13.5625 38.75
2.25 13.625 38.6875
2.8125 13.8125 38.5
3.125 13.9375 38.4375
3.4375 14 38.375
3.8125 14.125 38.375
4.5625 14.1875 38.3125
5 14.1875 38.25
5.4375 14.125 38.1875
5.9375 14.0625 38.0625
6.9375 13.9375 38.0625
7.4375 13.8125 38.0625
7.9375 13.625 38.0625
8.5 13.4375 38.0625
9.0625 13.25 38.1875
9.6875 13.0625 38.4375
10.3125 12.8125 38.625
10.9375 12.5 38.8125
11.5625 12.0625 38.8125
12.125 11.6875 38.8125
12.75 11.25 38.875
13.3125 10.8125 39.0625
13.875 10.375 39.3125
14.375 9.875 39.5
14.875 9.375 39.6875
15.3125 8.875 39.8125
15.8125 8.375 39.9375
16.25 7.8125 40.0625
17 6.75 40.4375
17.3125 6.125 40.5625
17.3125 6.125 40.5625
17.625 5.5 40.625
17.875 4.875 40.75
18.125 4.25 40.8125
18.625 3 41
18.875 2.375 41.125
19.0625 1.75 41.25
19.0625 1.75 41.25
19.3125 1.125 41.4375
19.5 0.5 41.5625
19.75 -0.0625 41.75
19.9375 -0.75 41.875
20.125 -1.375 41.875
20.25 -2.0625 41.875
20.375 -2.75 41.8125
20.375 -3.375 41.8125
20.3125 -3.9375 41.8125
20.25 -4.5 41.9375
20.125 -5 42.125
20 -5.5 42.25
19.75 -6 42.375
19.4375 -6.4375 42.4375
19.125 -6.8125 42.5625
18.6875 -7.0625 42.75
17.9375 -7.5625 43.375
17.5625 -7.75 43.625
17.125 -7.9375 43.9375
16.6875 -8.1875 44.125
16.1875 -8.4375 44.25
15.625 -8.6875 44.3125
15.0625 -8.9375 44.4375
14.4375 -9.125 44.5625
13.8125 -9.3125 44.6875
13.1875 -9.5 44.8125
12.5 -9.625 45
11.875 -9.8125 45.125
11.1875 -10 45.125
10.5 -10.125 45.1875
9.8125 -10.25 45.25
9.0625 -10.375 45.3125
7.5625 -10.5625 45.375
7.5625 -10.5625 45.375
5.875 -10.8125 45.0625
5.875 -10.8125 45.0625
5.0625 -11 44.875
4.1875 -11.125 44.6875
2.5 -11.375 44.375
1.75 -11.4375 44.1875
0.9375 -11.4375 44.0625
0.125 -11.4375 43.875
359.375 -11.3125 43.75
358.625 -11.25 43.625
357.8125 -11.125 43.5
357.8125 -11.125 43.5
357.0625 -11.0625 43.375
356.25 -10.9375 43.25
355.375 -10.8125 43.0625
354.5625 -10.75 42.8125
353.6875 -10.625 42.5
351.9375 -10.25 41.875
351.125 -9.9375 41.625
350.375 -9.625 41.5
350.375 -9.625 41.5
349.5625 -9.25 41.4375
348.8125 -8.875 41.25
347.1875 -8.0625 40.6875
346.3125 -7.6875 40.375
346.3125 -7.6875 40.375
345.5 -7.25 40.0625
343.9375 -6.25 39.375
343.125 -5.75 39.0625
342.375 -5.25 38.625
342.375 -5.25 38.625
341.6875 -4.75 38.125
340.25 -3.8125 37.0625
339.5625 -3.3125 36.5625
338.8125 -2.8125 36.1875
338.125 -2.1875 35.875
337.5 -1.625 35.625
336.9375 -1 35.25
336.375 -0.4375 34.875
335.875 0 34.4375
335.4375 0.5625 33.9375
335 1.0625 33.5
334.5625 1.625 33.0625
334.1875 2.25 32.8125
333.8125 2.875 32.5625
333.4375 3.4375 32.1875
333.0625 4.0625 31.875
332.6875 4.625 31.4375
332.3125 5.25 31.0625
332 5.875 30.6875
331.75 6.5 30.3125
331.4375 7.5625 29.625
331.375 8.0625 29.1875
331.3125 8.5 28.8125
331.3125 8.5 28.8125
331.25 9 28.4375
331.25 9.625 28.1875
331.1875 10.8125 27.9375
331.1875 11.4375 27.8125
331.1875 11.4375 27.8125
331.1875 12.0625 27.5625
331.4375 13.125 27
331.5625 13.6875 26.6875
331.75 14.25 26.4375
331.9375 14.8125 26.25
332.125 15.4375 26.125
332.3125 16 26.125
332.5625 16.625 26.125
332.8125 17.25 26.125
333.0625 17.8125 26
333.375 18.375 25.9375
333.625 18.9375 25.8125
333.875 19.5 25.625
334.125 20.0625 25.4375
334.375 20.5625 25.1875
334.6875 21 24.9375
335.0625 21.5 24.75
335.875 22.25 24.6875
335.875 22.25 24.6875
336.375 22.5625 24.625
336.875 22.8125 24.6875
337.9375 23.4375 24.875
337.9375 23.4375 24.875
338.4375 23.75 25
339 24.0625 25.25
339.5625 24.3125 25.4375
340.125 24.625 25.625
340.75 24.875 25.75
341.3125 25.125 25.9375
341.875 25.4375 26.1875
342.875 26.0625 26.6875
343.375 26.3125 26.9375
343.9375 26.5625 27.125
344.5 26.75 27.3125
345.0625 26.9375 27.5625
345.625 27.0625 27.875
346.25 27.1875 28.25
346.875 27.25 28.625
348.0625 27.1875 29.0625
348.6875 27.0625 29.125
349.3125 26.875 29.1875
350 26.6875 29.1875
350.75 26.5625 29.25
352 26.3125 29.8125
352.625 26.1875 30.0625
353.25 26.125 30.375
353.8125 26.0625 30.75
354.3125 25.9375 31.0625
355.125 25.75 31.3125
355.5 25.6875 31.3125
355.8125 25.6875 31.4375
356.125 25.625 31.5
356.4375 25.5625 31.5
357.0625 25.3125 31.4375
357.375 25.1875 31.3125
357.625 25 31.125
357.9375 24.8125 30.9375
358.25 24.625 30.75
358.625 24.4375 30.625
359.1875 24.0625 30.4375
359.4375 23.875 30.3125
359.625 23.75 30.3125
359.8125 23.625 30.3125
0 23.5625 30.3125
0.0625 23.5 30.3125
0.0625 23.5 30.375
0.0625 23.4375 30.4375
0.0625 23.3125 30.3125
0.0625 23.25 30.25
0 23.1875 30.25
0 23.0625 30.1875
359.9375 22.9375 29.8125
359.875 22.875 29.625
359.8125 22.8125 29.5
359.75 22.75 29.375
359.75 22.625 29.25
359.6875 22.4375 28.875
359.625 22.375 28.6875
359.625 22.25 28.5625
359.5625 22.1875 28.375
359.5625 22.125 28.25
359.5625 22.0625 28.1875
359.5625 22 28.0625
359.5625 21.9375 28
359.5625 21.875 27.9375
359.6875 21.75 27.8125
359.6875 21.75 27.8125
359.8125 21.6875 27.6875
359.875 21.625 27.6875
359.875 21.625 27.625
359.9375 21.5625 27.5
0 21.5 27.375
0 21.5 27.375
0.125 21.5 27.25
0.1875 21.4375 27.1875
0.1875 21.4375 27.125
0.25 21.375 27.0625
0.25 21.3125 27
0.3125 21.3125 27
0.375 21.25 26.9375
0.4375 21.125 26.875
0.5 21.125 26.8125
0.5 21.0625 26.75
0.5 21 26.625
0.5625 21 26.5
0.5625 20.9375 26.3125
0.5625 20.9375 26.25
0.625 20.875 26.125
0.625 20.875 26.125
0.625 20.875 26.0625
0.6875 20.875 26
0.6875 20.875 26
0.6875 20.8125 25.875
0.6875 20.8125 25.875
0.6875 20.8125 25.8125
0.6875 20.8125 25.6875
0.6875 20.75 25.625
0.6875 20.75 25.5625
0.6875 20.75 25.5
0.75 20.6875 25.4375
0.75 20.6875 25.375
0.8125 20.625 25.25
0.8125 20.625 25.1875
0.8125 20.625 25.125
0.8125 20.625 25.0625
0.875 20.625 25
0.875 20.625 24.9375
0.9375 20.625 24.875
1 20.5 24.6875
1 20.5 24.6875
1.0625 20.5 24.5625
1.0625 20.4375 24.5
1.0625 20.4375 24.4375
1.0625 20.375 24.3125
1.125 20.375 24.25
1.125 20.3125 24.1875
1.1875 20.25 24.125
1.3125 20.1875 24.75
1.5 20.125 25.375
1.625 20.0625 26
1.8125 20 26.5625
1.9375 19.9375 27.1875
2.0625 19.875 27.75
2.25 19.8125 28.3125
2.375 19.75 28.8125
2.5 19.625 29.25
2.5 19.625 29.1875
2.625 19.625 29.125
2.625 19.625 29.125
2.625 19.625 29.0625
2.6875 19.5625 29
2.75 19.5625 28.9375
2.75 19.5625 28.875
2.8125 19.5 28.75
2.8125 19.5 28.75
2.8125 19.5 28.75
2.8125 19.5 28.6875
2.875 19.5 28.625
2.875 19.4375 28.5625
2.9375 19.4375 28.5
3 19.3125 28.375
3.0625 19.3125 28.3125
3.125 19.25 28.25
3.125 19.1875 28.1875
3.1875 19.125 28.125
3.25 19.0625 28.0625
3.3125 19.0625 28.0625
3.375 19 28
3.4375 19 27.9375
3.5 18.9375 27.875
3.5 18.9375 27.875
3.5625 18.875 27.875
3.5625 18.875 27.8125
3.5625 18.8125 27.75
3.625 18.8125 27.6875
3.625 18.75 27.625
3.625 18.75 27.5625
3.625 18.6875 27.4375
3.625 18.6875 27.3125
3.6875 18.625 27.1875
3.6875 18.625 27.125
3.75 18.5625 27.0625
3.8125 18.5625 27.0625
3.875 18.5625 27
3.9375 18.5625 26.9375
4 18.5 26.8125
4 18.5 26.8125
4.125 18.4375 26.625
4.125 18.4375 26.625
4.1875 18.375 26.4375
4.25 18.3125 26.25
4.1875 18.3125 26.125
4.1875 18.3125 26.125
4.1875 18.3125 26
4.125 18.3125 25.875
4.0625 18.3125 25.8125
4.0625 18.3125 25.75
4.0625 18.3125 25.6875
4 18.375 25.5625
4 18.375 25.5
4 18.375 25.5
4.0625 18.375 25.3125
4.0625 18.375 25.3125
4.0625 18.3125 25.1875
4.25 18.3125 25.8125
4.3125 18.25 25.6875
4.3125 18.25 25.6875
4.375 18.25 25.625
4.375 18.25 25.5
4.4375 18.1875 25.375
4.4375 18.1875 25.25
4.4375 18.125 25.125
4.5 18.0625 25
4.5 18.0625 25
4.5625 18 24.9375
4.5625 18 24.8125
4.6875 17.9375 25.5
4.75 17.8125 25.25
4.75 17.8125 25.25
4.8125 17.75 25.1875
4.875 17.6875 25.0625
4.9375 17.5625 24.875
4.9375 17.5625 24.875
5 17.4375 24.75
5 17.375 24.75
5.0625 17.375 24.6875
5.0625 17.3125 24.6875
5.0625 17.3125 24.6875
5.0625 17.3125 24.6875
5.125 17.25 24.6875
5.125 17.1875 24.6875
5.1875 17.125 24.625
5.1875 17.0625 24.5625
5.1875 17 24.5
5.1875 16.9375 24.5
5.1875 16.875 24.4375
5.1875 16.8125 24.4375
5.25 16.75 24.3125
5.25 16.75 24.3125
