0 0 0
-7.9375 -0.3125 0.8125
-6.125 -1.625 2.625
-4.125 -2.375 2.6875
-4.875 -1.875 2.4375
-6.3125 -1 2.0625
-6 -0.5625 1.3125
-4.9375 -1.25 0.625
-4.125 -0.9375 0.3125
-4.1875 -0.625 -0.0625
-4.6875 -0.4375 -0.25
-7.625 0.4375 -0.25
-6.75 0.125 -0.125
-5.125 -0.4375 -0.4375
-7 0.9375 -1.1875
-7.8125 2.0625 -1
-13.3125 4.6875 -0.5625
-12.875 4.8125 0.125
-7.3125 2.125 -1.1875
-8.625 1.4375 -2.25
-8.625 1.3125 -2
-7.9375 2.4375 -0.5
-9.5 3.125 -0.25
-12.1875 2.1875 -1.25
-11.25 0.9375 -0.4375
-10 0.3125 0.5625
-8.6875 0.375 1.4375
-8.125 0.75 1.375
-6.8125 -0.0625 0.25
-7.5625 -0.75 -0.4375
-6.8125 -1.75 -0.25
-6.0625 -2.1875 0.5625
-7.25 -1.625 1.6875
-9.5 -0.5625 2.5625
-10.875 -0.1875 2.75
-11.5625 0.1875 2.4375
-12.8125 0.75 3
-11.5625 -0.625 3.625
-10 -3.125 4.25
-9.3125 -5.25 4.375
-8.9375 -8.6875 3.5
-8.625 -12.6875 1.9375
-11.75 -15.6875 0.9375
-11.3125 -18.1875 -1
-6.875 -20.1875 -2.3125
-12.125 -20.6875 -4.125
-24.625 -18.3125 -7.375
-24.9375 -19.375 -9.1875
-24.9375 -21.5625 -11.8125
-16.9375 -26.375 -15.875
-15.125 -27.25 -16.375
-15.6875 -26.875 -16.625
-16.5 -27.0625 -17.75
-16.25 -28.5625 -20.1875
-11.0625 -30.125 -24.625
-10.4375 -29.25 -27.0625
-11.625 -26.6875 -29.875
-17.25 -24.375 -33
-18.75 -23.5625 -39
-12.625 -22.8125 -40
-10.0625 -21.0625 -41.875
-12.3125 -18.25 -44.625
-12.3125 -16.125 -46.6875
-11 -16 -50.9375
0.5625 -17.5 -54.5
9.8125 -16.75 -57.1875
9.875 -13.75 -60.5625
2.375 -8 -62.5
-6.375 -0.4375 -62.1875
-10.1875 4.25 -63.3125
-1.6875 5.625 -64.5
9.375 7.375 -63.5625
14.4375 13.875 -58.875
11.8125 17.625 -56.0625
11.8125 17.625 -56.0625
7.4375 23.25 -57.1875
12.6875 24.75 -56.75
18 28.375 -53.5
14.625 33.625 -50.25
9.75 39.875 -47.5625
6.25 44.125 -45.625
10.9375 45.5625 -44.6875
7.875 46.3125 -46.4375
7.5625 47.9375 -45.1875
11.25 48.5625 -42.6875
13.8125 49.4375 -41.4375
15.25 49.1875 -41.25
15.75 49.8125 -42
15.125 50 -42.75
17.25 50.625 -42.25
11.3125 53 -41.3125
4.5 55.8125 -40.125
-2 60.0625 -36.875
-6.625 63.1875 -31.9375
-2.3125 63.9375 -26.0625
1.875 63.125 -20.5
9.9375 62.0625 -15.5
12.6875 62.5 -11.75
9.1875 64 -8
9 65.625 -1.0625
5.0625 66.5625 6.3125
6 61.75 11.6875
13.375 57.625 18.5
22.4375 50.25 19.75
24.875 50.875 21.625
18.75 51 22.125
24.125 54.625 23.9375
12.375 58.25 24.25
7.3125 62.125 27.5625
-5.625 65.125 30.375
2.6875 65.0625 35.9375
1.125 65.5 37.25
0.75 65.3125 39.75
3.6875 64.875 41.625
0.1875 65.6875 42.75
-7.75 66.5 42.375
-10.9375 65.625 42.5625
-7.75 63.875 44.5625
-5.0625 62.4375 47.375
-9.9375 63.5 49.875
-18.375 67 51.125
-26.9375 70.875 51.0625
-34.6875 73.875 52.25
-35.5625 75.4375 53.625
-36.8125 75 53.625
-33.5625 71.8125 53.9375
-34.5 67.375 53.75
-34.9375 62 53.5
-33.625 56.8125 55.4375
-32.5625 50.8125 56.75
-26.375 45.1875 58.375
-26.25 42.875 59.4375
-27.4375 42.6875 59.875
-26.625 43.4375 61
-28.875 45.1875 62.6875
-34.5625 46.875 64
-42 48.375 65.3125
-50.3125 47.3125 67.5
-47.8125 40.625 69.25
-42.8125 31.3125 70
-35.4375 21.75 70.5
-24.625 15.25 72.5
-21.125 12.8125 73.75
-28.375 13.5 74.3125
-35.5625 13.8125 75.375
-40.0625 13.75 77.125
-41.875 11.375 78.6875
-40.5625 6.5625 79.0625
-44.6875 2.125 79.3125
-41.75 -2.0625 80.0625
-41.875 -3.875 79.8125
-50.25 -4.5 75.8125
-56.0625 -3.8125 72.5625
-58.5625 -4.0625 71.6875
-56.1875 -5.625 72.5625
-53.125 -8.625 74.5625
-43 -12.9375 76.875
-33.6875 -18.9375 76.625
-30.9375 -24.25 72.6875
-35.625 -27.25 66.9375
-40.6875 -26.6875 63.3125
-48.625 -24.5 60.625
-52.4375 -25.875 57
-44.75 -30.75 54.5625
-38.625 -35.875 52.875
-29.75 -39.9375 52.3125
-25.3125 -41.1875 52.3125
-32.4375 -40.125 51.75
-35.625 -39.875 51.3125
-40.0625 -43.8125 50.125
-34.4375 -47.625 47.75
-35.875 -49.4375 40.5625
-37.375 -47.4375 33.625
-37 -44.375 28.5625
-43 -42.3125 23.75
-42.5625 -44.75 20.5
-36.75 -49.8125 19.5625
-25 -55.8125 20.5625
-18.5625 -60.4375 20
-15.1875 -63.0625 19.0625
-15.125 -63.0625 17.5625
-26.375 -61 13.75
-33.625 -60.0625 10.3125
-37.875 -60.3125 6.75
-37 -61.6875 4.125
-30.875 -63.875 1.5
-28.875 -65.75 -1.3125
-19.1875 -68.75 -2.25
-10.1875 -71.9375 -3.3125
-15.125 -72.375 -7.5
-23.4375 -70.5 -8.4375
-22.875 -70.4375 -8.375
-25.5 -69.4375 -8.25
-30.1875 -67 -6.5625
-32.3125 -63.9375 -5.75
-38.875 -60.75 -7.8125
-38.5 -58.8125 -11.1875
-30.0625 -58.375 -15.8125
-24.125 -56 -22
-25.0625 -53.5 -29.9375
-23.375 -52 -35.9375
-18.375 -51.4375 -38.5
-16.5 -51.3125 -39.0625
-17.6875 -52.375 -40.375
-10.75 -54.5625 -40.6875
-3.875 -55.6875 -41.4375
-5.0625 -54.5 -44.4375
-12.1875 -52.125 -46.5625
-15.75 -51.9375 -47.9375
-13.75 -54.5 -47
-5.375 -57.5 -43.0625
0 -57.625 -39.9375
-1.9375 -53.75 -37.5625
-5.5 -49.75 -38.875
-11.25 -47.75 -43.6875
-9.1875 -45.9375 -45.9375
-5.8125 -43.875 -47
-2.25 -42.9375 -50.375
5.25 -37.625 -54
-1.0625 -30.5 -54.5625
-12.5 -21.75 -54.4375
-19.375 -15.75 -54.1875
-26.875 -12.75 -56.5625
-20.875 -15.4375 -64
-4.75 -18.3125 -60.4375
-1.625 -20.5625 -58.75
0.25 -22.625 -58.6875
5.9375 -23.375 -55.1875
10.4375 -20.375 -48.875
0.125 -14 -41.0625
-13.625 -9.375 -35.4375
-5.3125 -12.0625 -26.6875
-7.8125 -12.4375 -27.5
-14.4375 -8.3125 -28.9375
-13.625 -5.5 -29.0625
-15.375 -1.125 -27.1875
-23.25 3.8125 -24.25
-26.1875 5.8125 -24.0625
-29.375 6.25 -26.5625
-24.3125 6.6875 -29.0625
-22 6.6875 -28.4375
-17.0625 6.8125 -26.25
-15.5625 6.0625 -24.125
-5.9375 2.0625 -15.75
-4.875 0.0625 -11.625
-3.5 -0.625 -7.9375
2.3125 -0.25 -4.4375
2.125 4.75 -2.25
-3.9375 7.625 -2.0625
-4.75 9.1875 -0.25
-0.625 8.75 0.125
-0.6875 8.375 -0.1875
-13.6875 10.3125 1.3125
-16.4375 11.625 4.5625
-11.5 11.5625 7.3125
-11.0625 11.1875 4.25
-8.9375 11.1875 2.9375
-11.625 11.75 3.0625
-14.3125 12.75 3.8125
-15.6875 13.4375 3.875
-15 12.1875 2.5
-12.625 10.3125 1
-9.9375 9.3125 0.5625
-9.375 9.0625 0.5625
-4.125 6.375 -0.0625
-6 5 -2.5
-10.125 4.0625 -4.6875
-7.1875 3.375 -4.6875
-7 2.4375 -4.375
-6.125 1.25 -4.25
-6.5625 0.9375 -4.125
-7.75 2.1875 -4.0625
-11.3125 3.3125 -4.1875
-12.5 3.0625 -5
-12.6875 2.0625 -5.25
-9.625 1.6875 -4.75
-7.1875 1.4375 -4.1875
-7.625 2.75 -3
-5.25 3 -2.5625
-3.0625 3.0625 -3.0625
-5.5625 3.375 -4.25
-3.6875 3 -4.8125
-3.4375 2.875 -4.8125
-8 3.375 -3.8125
-10.5 4.0625 -1.9375
-12.125 4.25 -0.5625
-13.1875 3.9375 -0.25
-12.75 3.6875 -0.1875
-12.1875 3.625 -0.625
-6.625 2.0625 -0.875
-3.1875 1 -1.4375
-5.1875 1.125 -1.4375
-5.125 0.75 -0.9375
-4.625 1.1875 0.1875
-7.9375 2.3125 1
-9.375 2.5625 1.4375
-8.25 2.75 1.25
-7.25 2.5625 0.4375
-8.375 2.625 -0.625
-6.875 2.3125 -1.1875
-6.125 1.9375 -1.9375
-7.3125 2.125 -2.4375
-9.5625 2.1875 -1.75
-9.125 1.625 -0.625
-8.3125 0.5 -0.0625
-6.75 0.1875 -0.5
-7.375 0.4375 -1.125
-6.3125 0.5625 -1.375
-5.375 1.8125 -2
-8.375 2.8125 -3
-10.4375 3.0625 -3.25
-11.125 3.5625 -2.4375
-10.0625 3.3125 -1.5625
-8.125 3.3125 -0.5625
-7.125 3.125 -1.0625
-9 2.9375 -2.1875
-8.8125 2.8125 -2.5625
-7.9375 2.8125 -2.0625
-6.125 2.3125 -2.1875
-8.25 2.25 -2.8125
-9.4375 2 -2.75
-6.5625 2.0625 -2.375
-7.3125 2.375 -2.5625
-7.75 2.4375 -2.5625
-8.75 2.4375 -2.375
-9 1.6875 -2.125
-7.75 1 -2.3125
-6.375 0.0625 -2.25
-5.0625 -0.9375 -3.0625
-5.9375 -0.5625 -3.875
-6.375 -0.0625 -3.625
-7 0.375 -3.0625
-8 0.875 -2.125
-7.5625 0.875 -1.3125
-7.1875 1.25 -1
-5.5 1.0625 -0.9375
-3.9375 0.8125 -0.9375
-5.125 1.0625 -1.5625
-5.875 0.875 -2.3125
-5.6875 0.8125 -2.875
-5.5625 1.375 -3.4375
-6.375 2.875 -3.375
-9.375 3.8125 -3.625
-9.4375 4.5 -3.625
-6.9375 4.25 -3.8125
-4.5625 3.1875 -4.4375
-6.3125 2.6875 -5.5625
-7.0625 1.9375 -5.9375
-5.875 1.6875 -5.375
-7.375 1.9375 -5.0625
-6.125 2.0625 -4.3125
-5.125 1.75 -4
-2.4375 1.0625 -3.375
-1.875 1.25 -2.9375
-5.5 2.125 -2.75
-4.9375 2.5 -1.875
-6.875 3 -1.125
-7.75 3.125 0.3125
-9.5 4.375 1
-13.375 4.4375 -1.0625
-12.1875 3.375 -2.75
-7.0625 1.4375 -4.0625
-6.4375 -0.625 -5.1875
-6.4375 -1.1875 -5
-6.1875 -0.875 -4
-6.1875 -0.375 -2.8125
-8 0.4375 -3.125
-9.8125 1.4375 -4
-10.375 1.75 -5.3125
-11.6875 2.5625 -5.5
-14.9375 3.125 -4.25
-13.125 3.5 -1.25
-10.25 3.3125 1.4375
-10.4375 3.125 3.375
-9.375 2.8125 5.0625
-8.375 2.4375 5.375
-6.875 1.5625 4.625
-6.0625 0.3125 3.5625
-7.4375 -0.1875 2.75
-5.8125 -1.0625 2.5
-3.875 -1.0625 2.1875
-6.3125 0 1.4375
-8.9375 1 0.25
-10.9375 1.375 -1
-10 1.1875 -2
-8.1875 0.5625 -2.6875
-9.375 -0.3125 -3.625
-9.1875 -0.5625 -3.4375
-6.25 0.0625 -2.125
-9 2.3125 -1.125
-14.8125 3.375 -1.25
-13.875 3.25 -1.3125
-10.625 2.75 -1.0625
-8.25 2.8125 -1.125
-8.125 3.0625 -1.8125
-6.9375 3.5 -2.1875
-7.6875 4.375 -2.5
-11.875 5.4375 -3.125
-11.9375 5.75 -2.875
-9.6875 5.6875 -2.5625
-9.9375 5.5 -3.75
-10.6875 5.0625 -4.5
-9.3125 5.125 -4.3125
-8.875 5.3125 -3.625
-8.875 5.25 -3
-4.5 4.375 -2.0625
-2 3.375 -2.125
-4.0625 3.25 -2.5625
-3.4375 2.6875 -2.75
-0.9375 2.625 -2.9375
-0.25 3.5 -3.1875
-2.8125 5.125 -3.5
-4.75 6.625 -3.0625
-4.75 6.75 -2
-4.6875 6.4375 -0.9375
-3.25 5.3125 -0.6875
-4.375 4.1875 -1.625
-2.625 3.625 -2.5625
-3.75 4 -3.125
-6 6.3125 -2.75
-5.6875 7.75 -2.375
