0 0 0
0 0 0
0 0 0
0 0 0
0 0 0
0 0 0
1.96 6.21 -2.98
1.96 6.28 -3.07
1.97 6.27 -3.09
1.96 6.32 -3.2
-0.11 -0.27 -0.44
-0.12 -0.26 -0.09
-0.15 -0.36 -0.04
-0.11 -0.35 -0.29
-0.09 -0.09 -0.7
-0.09 0.03 -0.78
-0.06 0.04 -0.65
-0.09 -0.17 0.41
-0.1 -0.43 0.49
-0.04 0.07 -0.03
-0.04 0.34 -0.13
0 0.05 -0.26
-0.01 -0.05 -0.04
-0.05 0.02 0.22
-0.03 0.55 0.31
-0.04 0.48 0.02
0 0.31 -0.09
-0.06 -0.19 0.24
-0.08 -0.12 0.25
-0.06 0.16 0.31
-0.09 0.6 0
-0.08 0.71 -0.26
-0.1 0.66 -0.32
-0.13 0.5 -0.26
-0.12 0.3 0
-0.17 0.41 0.26
-0.16 0.4 0.84
-0.17 0.15 1.67
-0.1 -0.08 1.74
-0.16 -0.51 2.13
-0.23 -0.85 2.35
-0.18 -0.86 2.09
-0.24 -1.46 1.83
-0.43 -1.44 1.41
-0.35 -1.51 0.62
-0.34 -1.34 0.12
-0.55 -1.56 0.72
-0.67 -1.98 1.25
-0.77 -1.79 1.31
-0.72 -1.71 1.05
-0.6 -0.95 -0.33
-0.64 -1.29 -0.29
-0.64 -2.07 -0.09
-0.73 -2.08 -0.36
-0.73 -1.93 -0.78
-0.83 -2.12 -2.33
-0.88 -2.2 -2.3
-0.94 -2.16 -2.09
-1.1 -1.43 -2.08
-1.01 -1.61 -2.52
-1.02 -1.85 -2.87
-1.19 -1.98 -2.69
-1.25 -2.63 -2.25
-1.35 -2.78 -1.92
-1.37 -2.19 -3.08
-1.19 -2.12 -4.07
-1.09 -1.51 -4.91
-1.07 -0.7 -5.32
-1.31 -0.86 -3.78
-1.41 -0.72 -3.15
-1.47 -0.1 -3
-1.35 0.9 -3.58
-1.31 1.26 -3.65
-1.31 1.36 -3.69
-1.36 0.85 -3.59
-1.74 1.08 -3.44
-1.82 1.96 -3.72
-1.55 2.26 -4.82
-1.46 2.27 -4.87
-1.37 1.91 -4.2
-1.4 1.41 -3.39
-1.19 0.61 -2.78
-1.2 1.42 -2.85
-1.15 1.81 -2.47
-1.04 1.03 -2.29
-1.03 0.89 -2.06
-1 0.8 -2.2
-0.96 0.83 -2.24
-0.91 1.98 -2.6
-0.82 2.22 -3.07
-0.76 2.65 -3.23
-0.66 4.3 -3.22
-0.69 5.01 -2.39
-0.82 5.49 -1.48
-0.88 5.55 -1.01
-0.93 5.54 -0.87
-0.79 5.46 -1.3
-0.73 5.72 -1.41
-0.63 6.96 -0.72
-0.52 6.83 -0.11
-0.47 5.93 1.71
-0.36 6.58 1.53
-0.02 3.69 2.01
0 3.9 -1.29
0.09 3.5 -0.55
0.2 3.51 -2.36
0.11 3.75 -1.73
0.29 4.7 -2.07
0.36 4.36 -1.9
0.18 4.11 -0.84
0.21 3.5 -0.66
0.23 3.55 -0.43
0.22 3.23 -0.51
0.22 3.23 -0.51
0.26 2.61 -0.96
0.28 2.79 -0.21
0.28 3.1 0.02
0.33 3.29 -0.19
0.47 3.08 -1.55
0.45 2.62 -2.04
0.46 2.37 -2.22
0.45 2.57 -1.95
0.35 2.43 -0.46
0.32 2.1 0.48
0.29 2.16 1.31
0.32 1.94 2.51
0.38 2.33 2.69
0.4 2.7 2.72
0.43 2.55 2.87
0.49 2.57 2.08
0.61 2.32 1.16
0.6 2.15 0.35
0.65 2.6 -0.49
0.58 2.77 -0.61
0.49 2.77 -0.47
0.35 2.89 -0.11
0 3.18 2.29
-0.17 2.84 3.76
-0.2 2.58 4.52
-0.2 2.63 3.9
-0.2 2.87 2.87
-0.13 2.69 1.43
-0.17 2.49 0.46
-0.24 2.6 0.28
-0.35 2.58 0.54
-0.55 2.22 1.36
-0.43 1.53 2.02
-0.51 1.56 1.86
-0.51 1.44 1.54
-0.47 1.12 0.87
-0.41 -0.26 -0.03
-0.4 0.18 -0.28
-0.48 0.77 0.11
-0.45 1.26 0.48
-0.49 1.69 1.59
-0.54 1.53 2.05
-0.65 0.77 2.37
-0.64 -1.03 1.55
-0.59 -1.01 0.66
-0.64 -0.47 -0.33
-0.68 -0.16 -0.73
-0.81 -0.5 0.97
-0.89 -0.19 1.48
-0.93 0 1.38
-0.92 0.44 0.39
-0.82 0.47 -0.56
-0.75 0.33 -1.06
-0.76 0.3 -1.03
-0.77 -0.04 -0.23
-0.95 -1.02 0.39
-0.88 -2.96 -1.41
-0.85 -2.59 -2.25
-0.79 -2.14 -2.43
-0.77 -1.83 -1.84
-0.78 -0.84 0.65
-0.84 -0.22 1.56
-0.87 0.2 1.77
-0.83 -0.33 0.89
-0.83 -0.3 0.06
-0.78 -0.56 -0.87
-0.74 -1.02 -1.4
-0.66 -0.96 -1.09
-0.7 -0.87 -0.75
-0.78 -0.71 -0.41
-0.71 -0.74 -0.36
-0.77 -0.34 -0.11
-0.79 0.11 0.18
-0.82 0.07 0.06
-0.69 0.03 -1.29
-0.66 0.22 -1.97
-0.71 0.68 -2.16
-0.65 0.96 -2.1
-0.63 1.24 -2.61
-0.61 1.16 -3.2
-0.5 -0.41 -3.05
-0.63 -0.99 -2.64
-0.63 -0.99 -2.64
-0.7 -2.28 -3.14
-0.7 -2.16 -2.98
-0.72 -1.33 -2.59
-0.76 -0.35 -2.12
-0.79 0.59 -1.69
-0.83 0.67 -1.2
-0.88 0.98 -1.11
-0.76 0.54 -2.13
-0.75 0.69 -2.62
-0.75 1.19 -2.54
-0.83 1.6 -1.82
-0.84 3.18 -0.82
-0.84 3.66 -1.11
-0.72 3.38 -2.13
-0.57 2.39 -3.76
-0.62 1.11 -3.54
-0.72 0.61 -3.25
-0.79 1.13 -3.2
-0.9 0.97 -3.27
-0.96 0.63 -3.46
-0.9 0.99 -3.97
-0.81 1.91 -5.49
-0.81 2.45 -5.92
-1 2.27 -4.97
-1.33 0.47 -3.13
-1.35 0.17 -2.28
-1.43 1.33 -1.68
-1.33 2.11 -1.64
-1.31 2.07 -1.96
-1.18 2.29 -2.41
-0.91 4.03 -3.92
-0.68 5.1 -5.32
-0.91 4.01 -3.37
-0.87 3.78 -2.41
-0.68 2.94 -2.21
-0.53 2.03 -3.18
-0.16 2.8 -4.5
-0.07 3.51 -5.03
-0.08 3.44 -4.01
-0.12 2.59 -3.33
-0.08 2.23 -3.06
-0.05 2.65 -2.94
-0.03 3.63 -2.56
-0.02 4.86 -2.19
-0.11 5.08 -1.68
-0.2 5.86 -1.22
-0.18 5.82 -1.22
-0.29 5.21 -2.32
-0.36 4.86 -2.91
-0.4 4.27 -3.5
-0.44 3.73 -3.83
-0.53 3.73 -3.37
-0.53 3.21 -2.41
-0.55 3.04 -2.59
-0.52 3.35 -2.66
-0.5 3.83 -2.7
-0.51 2.81 -2.17
-0.53 1.94 -2.11
-0.52 1.69 -1.94
-0.36 2.28 -2.03
-0.35 2.54 -2.02
-0.4 2.28 -1.79
-0.55 1.68 -1.11
-0.52 1.83 -1.08
-0.53 2.14 -1.32
-0.48 2.37 -1.33
-0.47 2.26 -1.18
-0.52 1.9 -1.05
-0.49 2.09 -1.35
-0.54 2.55 -1.4
-0.51 2.6 -1.37
-0.58 2.73 -1.74
-0.55 2.69 -2.1
-0.53 2.82 -2.45
-0.6 2.67 -2.38
-0.69 2.72 -1.7
-0.68 2.89 -1.62
-0.65 3.06 -1.76
-0.5 3.19 -2.4
-0.5 3.19 -2.4
-0.52 2.84 -2.23
-0.55 2.6 -2.24
-0.53 2.6 -2.14
-0.5 2.85 -2.14
-0.43 3.09 -2.25
-0.41 3.79 -2.37
-0.43 3.79 -2.27
-0.44 3.54 -2.13
-0.44 3.28 -1.95
-0.44 3.06 -1.94
-0.43 2.95 -1.73
-0.46 2.9 -1.53
-0.46 3.11 -2.01
-0.43 3.24 -2.09
-0.45 3.4 -2.15
-0.43 3.48 -2.39
-0.42 3.29 -2.46
-0.41 3.05 -2.37
-0.41 2.75 -2.23
-0.41 2.48 -2.27
-0.43 2.58 -2.22
-0.44 2.65 -2.22
-0.46 2.67 -2.23
-0.39 3.17 -2.36
-0.42 3.37 -2.17
-0.42 3.41 -2.11
-0.44 2.87 -2.13
-0.43 2.8 -2.34
-0.41 2.74 -2.5
-0.43 2.77 -2.56
-0.47 2.79 -2.81
-0.48 2.93 -2.63
-0.5 3.22 -2.46
-0.5 3.53 -2.24
-0.52 3.52 -2.29
-0.52 3.29 -2.31
-0.5 2.97 -2.3
-0.5 2.97 -2.23
-0.48 3.22 -2.23
-0.46 3.19 -2.1
-0.47 3.12 -2.08
-0.42 3 -2.19
-0.45 3.06 -2.04
-0.44 3.06 -2.06
-0.42 2.86 -2.06
-0.41 2.92 -2.07
-0.4 2.84 -1.93
-0.38 2.65 -1.74
-0.4 2.48 -1.63
-0.41 2.25 -1.6
-0.37 2.21 -1.82
-0.37 2.54 -2.15
-0.39 2.78 -2.2
-0.4 2.92 -2.19
-0.4 3.07 -2.18
-0.45 2.79 -2.1
-0.44 2.63 -2.19
-0.47 2.54 -2.13
-0.44 2.36 -2.24
-0.43 2.3 -2.21
-0.42 2.29 -2.17
-0.39 2.32 -2.24
-0.33 2.53 -2.57
-0.33 2.61 -2.63
-0.34 2.58 -2.47
-0.36 2.55 -1.99
-0.35 2.46 -1.84
-0.35 2.36 -1.82
-0.34 2.42 -1.85
-0.37 2.95 -1.94
-0.39 3.05 -2.13
-0.45 3.09 -2.11
-0.49 3.14 -1.99
-0.46 3.11 -1.97
-0.45 3.18 -2.12
-0.42 3.17 -2.39
-0.46 3.25 -2.43
-0.46 3.34 -2.39
-0.44 3.39 -2.35
-0.44 3.31 -2.3
-0.42 2.89 -2.38
-0.43 2.42 -2.31
-0.47 2.09 -2.06
-0.5 2.16 -1.39
-0.49 2.6 -1.47
-0.47 3.32 -2.11
-0.46 3.42 -2.35
-0.48 3.1 -2.48
-0.46 2.87 -2.65
-0.45 2.67 -2.69
-0.46 2.89 -2.55
-0.42 3.37 -2.56
-0.42 4.37 -2.15
-0.36 4.46 -1.95
-0.35 4.24 -1.95
-0.35 4.04 -1.94
-0.34 3.32 -1.88
-0.35 2.85 -1.81
-0.36 2.58 -1.72
-0.33 2.54 -1.91
-0.31 2.63 -2.01
-0.28 2.62 -2.06
-0.27 2.54 -2.39
-0.28 2.43 -2.79
-0.29 2.39 -2.68
-0.36 2.43 -2.44
-0.47 2.69 -2.21
-0.49 2.72 -2.22
-0.46 2.83 -2.3
-0.49 3.27 -2.53
-0.45 3.55 -3.25
-0.45 3.23 -3.21
-0.48 3.08 -2.81
-0.54 3.05 -2.45
-0.51 2.98 -2.6
-0.5 2.82 -2.68
-0.47 2.72 -2.79
-0.47 2.93 -2.99
-0.45 2.89 -3.02
-0.43 2.93 -2.83
-0.39 2.92 -2.5
-0.4 2.66 -2.38
-0.38 2.58 -2.31
-0.36 2.88 -2.39
-0.4 3.31 -2.38
-0.41 3.38 -2.35
-0.43 3.45 -2.21
-0.46 3.36 -2.09
-0.43 2.99 -2.25
-0.43 2.99 -2.35
-0.38 3.03 -2.44
-0.38 3.08 -2.92
-0.32 3.2 -3.19
-0.32 3.35 -3.24
-0.34 3.57 -3.01
-0.38 3.71 -2.34
-0.4 3.54 -2.08
-0.38 3.25 -2.06
-0.43 2.99 -2.23
-0.38 3.14 -2.58
-0.33 3.41 -2.97
-0.36 3.63 -2.98
-0.38 3.82 -2.59
-0.42 3.93 -2.3
