0 0 0 0
0 0 0 0
0 0 0 0
0 0 0 0
0 0 0 0
0 0 0 0
1 -0.004211426 -0.00061035156 0.0012207031
1 -0.004638672 -0.0006713867 0.0012817383
1 -0.005004883 -0.00079345703 0.0012817383
1 -0.0053710938 -0.0008544922 0.0012817383
0.9248657 0.36260986 -0.11468506 0.00024414062
0.92510986 0.36206055 -0.11468506 0.00012207031
0.92529297 0.3614502 -0.11468506 0.000061035156
0.9256592 0.36065674 -0.11462402 -0.000061035156
0.9258423 0.36010742 -0.11450195 -0.00018310547
0.9260864 0.35949707 -0.11431885 -0.00030517578
0.9269409 0.35766602 -0.11364746 -0.00036621094
0.92736816 0.35662842 -0.11328125 -0.00030517578
0.9279785 0.3552246 -0.11279297 -0.0004272461
0.92822266 0.35455322 -0.11260986 -0.00061035156
0.9284668 0.35394287 -0.11242676 -0.0008544922
0.9290161 0.35272217 -0.11206055 -0.00091552734
0.9293213 0.35198975 -0.111816406 -0.00091552734
0.9300537 0.3501587 -0.111328125 -0.001159668
0.9304199 0.34924316 -0.11126709 -0.0012817383
0.9307251 0.3484497 -0.11126709 -0.0013427734
0.93096924 0.34777832 -0.111328125 -0.0013427734
0.9312134 0.34710693 -0.11126709 -0.0012817383
0.9313965 0.34655762 -0.11126709 -0.0013427734
0.9316406 0.34594727 -0.111328125 -0.0014038086
0.93182373 0.34545898 -0.11151123 -0.0015258789
0.9319458 0.3449707 -0.111694336 -0.0016479492
0.9321289 0.34436035 -0.111816406 -0.0016479492
0.9324341 0.3435669 -0.11193848 -0.0015258789
0.93273926 0.3427124 -0.11199951 -0.0014038086
0.93310547 0.34173584 -0.11206055 -0.0013427734
0.9334717 0.34069824 -0.11212158 -0.0012207031
0.93377686 0.3397827 -0.11224365 -0.0010375977
0.934021 0.33892822 -0.11260986 -0.0008544922
0.93426514 0.33813477 -0.11315918 -0.00079345703
0.93444824 0.33740234 -0.11395264 -0.0008544922
0.9345703 0.33673096 -0.114990234 -0.0010986328
0.9347534 0.3357544 -0.11627197 -0.0015869141
0.9348755 0.3348999 -0.11767578 -0.002319336
0.9348755 0.3343506 -0.11920166 -0.003112793
0.9352417 0.33221436 -0.12213135 -0.0053710938
0.93573 0.33032227 -0.12335205 -0.006713867
0.93621826 0.32843018 -0.124572754 -0.008239746
0.93670654 0.3265381 -0.12597656 -0.010009766
0.9371948 0.3237915 -0.12908936 -0.014160156
0.93743896 0.32141113 -0.13244629 -0.018676758
0.93756104 0.3203125 -0.13409424 -0.020874023
0.9376221 0.31915283 -0.13574219 -0.02319336
0.93774414 0.31799316 -0.13745117 -0.025756836
0.9376221 0.3163452 -0.14086914 -0.03149414
0.93743896 0.31573486 -0.14239502 -0.0345459
0.9373779 0.3151245 -0.14367676 -0.037719727
0.93756104 0.3126831 -0.14550781 -0.04498291
0.9376221 0.31158447 -0.14630127 -0.048950195
0.9375 0.31103516 -0.14697266 -0.052856445
0.9373169 0.3106079 -0.14752197 -0.056884766
0.9371948 0.31011963 -0.14770508 -0.061035156
0.9370117 0.30963135 -0.14770508 -0.06530762
0.9368286 0.30932617 -0.14758301 -0.069885254
0.9362793 0.3098755 -0.14752197 -0.074645996
0.9354248 0.3112793 -0.1473999 -0.07952881
0.9345703 0.3126831 -0.14697266 -0.08453369
0.93395996 0.31359863 -0.1459961 -0.089660645
0.9336548 0.31384277 -0.14428711 -0.09466553
0.9334717 0.31384277 -0.14221191 -0.09967041
0.93304443 0.3145752 -0.14001465 -0.10461426
0.932251 0.31610107 -0.13781738 -0.109313965
0.930603 0.32006836 -0.13293457 -0.11773682
0.9298706 0.32183838 -0.13018799 -0.12158203
0.9293213 0.32330322 -0.12713623 -0.12530518
0.92871094 0.32476807 -0.12384033 -0.12908936
0.92803955 0.32659912 -0.12042236 -0.13269043
0.92718506 0.32885742 -0.11694336 -0.1359253
0.9265137 0.33093262 -0.113098145 -0.13879395
0.9260864 0.33258057 -0.10876465 -0.14129639
0.9257202 0.3340454 -0.10406494 -0.14355469
0.92529297 0.33581543 -0.099365234 -0.14569092
0.9248657 0.33740234 -0.09454346 -0.14794922
0.9244385 0.33892822 -0.08959961 -0.15002441
0.9239502 0.34075928 -0.0847168 -0.1519165
0.92333984 0.34277344 -0.079833984 -0.15362549
0.92266846 0.34484863 -0.07501221 -0.15527344
0.92193604 0.34698486 -0.070129395 -0.15704346
0.92126465 0.3491211 -0.06512451 -0.15881348
0.92041016 0.35131836 -0.060180664 -0.16046143
0.9197998 0.3531494 -0.054992676 -0.16204834
0.9193115 0.35443115 -0.04949951 -0.16351318
0.9191284 0.35528564 -0.043701172 -0.16455078
0.9190674 0.35577393 -0.03778076 -0.16516113
0.91900635 0.35650635 -0.031982422 -0.1652832
0.91882324 0.35760498 -0.026489258 -0.16497803
0.918396 0.35925293 -0.021362305 -0.1642456
0.91796875 0.36114502 -0.016296387 -0.16326904
0.9176636 0.36273193 -0.011230469 -0.16192627
0.91741943 0.36431885 -0.006225586 -0.15997314
0.9173584 0.36566162 -0.0013427734 -0.15740967
0.91729736 0.36694336 0.0029907227 -0.15460205
0.91711426 0.36871338 0.006713867 -0.15136719
0.916626 0.37109375 0.00970459 -0.14831543
0.91607666 0.37365723 0.0126953125 -0.14501953
0.9156494 0.37579346 0.015686035 -0.14172363
0.9151001 0.37835693 0.018859863 -0.1381836
0.91485596 0.38000488 0.022460938 -0.13446045
0.91485596 0.38134766 0.026306152 -0.1303711
0.91516113 0.38165283 0.030395508 -0.12585449
0.9154663 0.38342285 0.038208008 -0.11627197
0.91552734 0.38427734 0.042053223 -0.11126709
0.9156494 0.3850708 0.045776367 -0.1060791
0.9155884 0.3861084 0.04937744 -0.10076904
0.91571045 0.3867798 0.053100586 -0.09527588
0.9159546 0.38690186 0.0569458 -0.089782715
0.9163208 0.3867798 0.060668945 -0.08428955
0.9165039 0.38684082 0.064208984 -0.07873535
0.916626 0.387146 0.06756592 -0.07299805
0.91693115 0.38702393 0.07092285 -0.0670166
0.9173584 0.3862915 0.074523926 -0.06072998
0.9180298 0.38482666 0.07849121 -0.054260254
0.9188843 0.3828125 0.0826416 -0.047607422
0.91967773 0.3807373 0.08691406 -0.040771484
0.9204712 0.378479 0.09118652 -0.03387451
0.9211426 0.37652588 0.09509277 -0.027160645
0.9217529 0.37438965 0.09869385 -0.020507812
0.9224243 0.37219238 0.10192871 -0.014099121
0.92303467 0.3701172 0.10461426 -0.0076904297
0.923645 0.36810303 0.10681152 -0.0014038086
0.92401123 0.36657715 0.10858154 0.0048217773
0.92437744 0.36505127 0.11004639 0.010986328
0.9248047 0.36340332 0.11151123 0.01727295
0.9250488 0.3618164 0.112976074 0.023620605
0.925354 0.3600464 0.11456299 0.030151367
0.92578125 0.35784912 0.1161499 0.03692627
0.92633057 0.3550415 0.11785889 0.043884277
0.927124 0.3515625 0.11932373 0.051086426
0.9277954 0.34832764 0.12023926 0.05822754
0.9283447 0.34552002 0.12042236 0.06506348
0.928772 0.34332275 0.11987305 0.07159424
0.92889404 0.34204102 0.11883545 0.07800293
0.928833 0.34106445 0.11755371 0.084350586
0.9289551 0.3394165 0.11627197 0.09088135
0.92926025 0.33728027 0.1149292 0.09753418
0.92962646 0.33477783 0.113464355 0.10437012
0.9299927 0.3320923 0.11175537 0.11126709
0.93029785 0.32958984 0.109680176 0.11804199
0.93066406 0.32678223 0.10723877 0.12475586
0.93096924 0.32421875 0.10437012 0.13134766
0.9312744 0.32165527 0.10144043 0.13787842
0.9317627 0.3184204 0.09844971 0.14416504
0.93237305 0.31463623 0.095458984 0.15020752
0.93304443 0.31066895 0.0925293 0.15625
0.9335327 0.30682373 0.089416504 0.16223145
0.93395996 0.30334473 0.08605957 0.16827393
0.934021 0.30065918 0.082458496 0.1743164
0.9338379 0.29882812 0.07849121 0.18011475
0.9336548 0.2972412 0.074279785 0.1854248
0.9336548 0.29522705 0.069885254 0.19024658
0.93377686 0.29284668 0.06555176 0.19482422
0.93414307 0.2897339 0.061340332 0.19927979
0.9345703 0.28631592 0.057006836 0.20343018
0.93481445 0.28356934 0.052490234 0.20715332
0.93499756 0.28137207 0.047668457 0.21069336
0.9346924 0.27886963 0.03778076 0.21722412
0.93463135 0.27722168 0.032836914 0.22045898
0.9345703 0.27526855 0.027832031 0.22363281
0.93463135 0.27294922 0.022644043 0.22680664
0.9346924 0.27069092 0.01727295 0.2298584
0.9345703 0.26898193 0.011779785 0.23254395
0.93463135 0.26715088 0.006225586 0.23468018
0.93481445 0.26513672 0.0009765625 0.23626709
0.9350586 0.26312256 -0.00390625 0.23754883
0.93548584 0.26055908 -0.008666992 0.23846436
0.9359741 0.25805664 -0.0134887695 0.2390747
0.93634033 0.25610352 -0.018615723 0.23950195
0.93634033 0.25524902 -0.023986816 0.23986816
0.93621826 0.25494385 -0.029541016 0.2401123
0.9359741 0.25500488 -0.03527832 0.24023438
0.93573 0.25500488 -0.04095459 0.24017334
0.935791 0.25408936 -0.046569824 0.23986816
0.93603516 0.2526245 -0.052246094 0.23925781
0.9364624 0.25079346 -0.057922363 0.23834229
0.9368286 0.24908447 -0.06365967 0.23718262
0.93707275 0.2479248 -0.06933594 0.23577881
0.9373169 0.24694824 -0.07507324 0.23413086
0.9373169 0.24676514 -0.08087158 0.23242188
0.93707275 0.24743652 -0.08673096 0.23052979
0.9366455 0.24847412 -0.09844971 0.22631836
0.93670654 0.24798584 -0.10424805 0.22399902
0.93670654 0.24761963 -0.11010742 0.22161865
0.9367676 0.24694824 -0.11590576 0.21929932
0.9368286 0.24584961 -0.12164307 0.21704102
0.9369507 0.24456787 -0.12713623 0.21490479
0.9371948 0.24261475 -0.13250732 0.21264648
0.9375 0.24078369 -0.13763428 0.21008301
0.93774414 0.23962402 -0.14245605 0.20733643
0.93792725 0.23895264 -0.14685059 0.2041626
0.9382324 0.23822021 -0.15093994 0.20037842
0.93865967 0.23773193 -0.15472412 0.19616699
0.93896484 0.23760986 -0.1583252 0.1918335
0.939209 0.2376709 -0.16186523 0.1875
0.93951416 0.23760986 -0.16552734 0.1829834
0.9395752 0.23815918 -0.16918945 0.17852783
0.9394531 0.23931885 -0.17285156 0.17401123
0.9393921 0.24035645 -0.17633057 0.16931152
0.93951416 0.24078369 -0.1796875 0.16436768
0.93969727 0.24102783 -0.18304443 0.15930176
0.9397583 0.24133301 -0.18664551 0.15423584
0.93951416 0.2423706 -0.19036865 0.14953613
0.9390869 0.24371338 -0.19415283 0.14520264
0.93865967 0.24481201 -0.19763184 0.14105225
0.9384155 0.2456665 -0.2008667 0.13684082
0.93829346 0.24603271 -0.20385742 0.13220215
0.9382324 0.24658203 -0.20666504 0.1274414
0.9380493 0.24743652 -0.20916748 0.122680664
0.9378662 0.24859619 -0.21154785 0.11773682
0.93725586 0.25195312 -0.2154541 0.107788086
0.9371948 0.25317383 -0.21673584 0.1027832
0.93756104 0.25335693 -0.21740723 0.09777832
0.93811035 0.2529297 -0.21765137 0.09277344
0.9397583 0.2506714 -0.21759033 0.081726074
0.94036865 0.25024414 -0.21759033 0.075927734
0.9404907 0.25109863 -0.21783447 0.07067871
0.9404907 0.25219727 -0.21820068 0.06555176
0.94036865 0.25335693 -0.21875 0.06036377
0.9398804 0.2562256 -0.22009277 0.050476074
0.9394531 0.25805664 -0.22058105 0.046325684
0.93933105 0.25891113 -0.22076416 0.042785645
0.93963623 0.2584839 -0.2208252 0.039489746
0.9397583 0.25823975 -0.22137451 0.034179688
0.9397583 0.2581787 -0.22180176 0.031555176
0.94000244 0.25756836 -0.2218628 0.028808594
0.9402466 0.25708008 -0.22167969 0.026123047
0.9406128 0.25634766 -0.2211914 0.02368164
0.94122314 0.25494385 -0.22039795 0.021362305
0.94195557 0.2532959 -0.21948242 0.019104004
0.94348145 0.24975586 -0.21734619 0.013916016
0.94415283 0.24835205 -0.21624756 0.011352539
0.9447632 0.24707031 -0.21514893 0.0087890625
0.94525146 0.24621582 -0.2140503 0.0065307617
0.94573975 0.24536133 -0.21307373 0.0044555664
0.946167 0.24475098 -0.21179199 0.0014038086
0.94628906 0.24456787 -0.21154785 0.00036621094
0.9463501 0.2444458 -0.21148682 -0.00030517578
0.94628906 0.24468994 -0.21136475 -0.00061035156
0.946228 0.24542236 -0.2107544 -0.0007324219
0.94647217 0.24511719 -0.21008301 -0.00079345703
0.9467163 0.24475098 -0.20935059 -0.0007324219
0.9468994 0.24468994 -0.2086792 -0.0005493164
0.94732666 0.24414062 -0.20727539 -0.00030517578
0.94781494 0.24304199 -0.20648193 -0.00024414062
0.94836426 0.24163818 -0.20562744 0.00012207031
0.9487915 0.24060059 -0.20483398 0.0007324219
0.949646 0.23858643 -0.20324707 0.0016479492
0.9500122 0.23779297 -0.20239258 0.001953125
0.95043945 0.2368164 -0.20147705 0.0022583008
0.95092773 0.2355957 -0.20056152 0.0025634766
0.95147705 0.23425293 -0.19952393 0.0029296875
0.95196533 0.23297119 -0.1986084 0.003112793
0.9523926 0.2319336 -0.19781494 0.0031738281
0.9527588 0.23114014 -0.19708252 0.0031738281
0.95336914 0.22979736 -0.19567871 0.0032958984
0.95355225 0.22943115 -0.19519043 0.0033569336
0.95373535 0.2290039 -0.19470215 0.003112793
0.9540405 0.22827148 -0.1942749 0.0026855469
0.95422363 0.2277832 -0.19390869 0.0022583008
0.95440674 0.22723389 -0.19366455 0.0018310547
0.9545288 0.22680664 -0.19348145 0.0014038086
0.9546509 0.2263794 -0.19329834 0.0009765625
0.954834 0.22583008 -0.1930542 0.0005493164
0.95513916 0.22497559 -0.19268799 0.000061035156
0.9553833 0.22406006 -0.19238281 -0.00048828125
0.9556885 0.2230835 -0.19207764 -0.0010375977
0.9558716 0.22241211 -0.1918335 -0.0015869141
0.9560547 0.2218628 -0.19165039 -0.0020141602
0.9562378 0.22131348 -0.19140625 -0.002319336
0.95635986 0.22094727 -0.19110107 -0.0025634766
0.95648193 0.22070312 -0.1907959 -0.0028076172
0.95666504 0.22033691 -0.19042969 -0.0031738281
0.9567871 0.22009277 -0.19006348 -0.003540039
0.95684814 0.21990967 -0.1897583 -0.003967285
0.9570923 0.21936035 -0.18939209 -0.004333496
0.9573364 0.21850586 -0.18902588 -0.0045776367
0.9576416 0.2175293 -0.18865967 -0.004699707
0.9579468 0.2164917 -0.18835449 -0.0048217773
0.95825195 0.2154541 -0.18804932 -0.0049438477
0.9584961 0.21447754 -0.18774414 -0.005126953
0.9586792 0.21392822 -0.18756104 -0.0053100586
0.95874023 0.21368408 -0.18743896 -0.005432129
0.9588623 0.21331787 -0.1873169 -0.0056152344
0.95892334 0.21289062 -0.18725586 -0.0057373047
0.9590454 0.21252441 -0.18713379 -0.00579834
0.9592285 0.21185303 -0.18695068 -0.00579834
0.9594116 0.21105957 -0.18676758 -0.00579834
0.95965576 0.21038818 -0.18658447 -0.00579834
0.95977783 0.20977783 -0.18634033 -0.005859375
0.960022 0.20910645 -0.18615723 -0.0059814453
0.96014404 0.20855713 -0.18591309 -0.006164551
0.9602661 0.20812988 -0.18572998 -0.0063476562
0.9604492 0.20758057 -0.18548584 -0.006652832
0.9606323 0.20678711 -0.18530273 -0.0068969727
0.9608154 0.20605469 -0.18511963 -0.007080078
0.96099854 0.2053833 -0.18511963 -0.0072021484
0.9611206 0.20483398 -0.18511963 -0.0073242188
0.9612427 0.20428467 -0.18511963 -0.007507324
0.96136475 0.20373535 -0.1850586 -0.007751465
0.9614868 0.20336914 -0.18487549 -0.00793457
0.9616699 0.20269775 -0.18457031 -0.008300781
0.961853 0.2019043 -0.18426514 -0.008666992
0.96209717 0.2010498 -0.18395996 -0.008972168
0.9623413 0.20025635 -0.18365479 -0.009216309
0.9625244 0.19958496 -0.18334961 -0.009277344
0.9627075 0.19903564 -0.18310547 -0.009399414
0.9628906 0.19836426 -0.1828003 -0.00970459
0.96307373 0.19769287 -0.18249512 -0.0099487305
0.96325684 0.19708252 -0.18225098 -0.010192871
0.9621582 0.20220947 -0.18225098 -0.011474609
0.9611206 0.20703125 -0.18218994 -0.012756348
0.960083 0.21173096 -0.1821289 -0.014038086
0.9590454 0.2164917 -0.1821289 -0.015258789
0.9579468 0.2211914 -0.18206787 -0.016418457
0.9569092 0.22564697 -0.18200684 -0.01763916
0.9558716 0.2298584 -0.1819458 -0.018798828
0.95495605 0.23376465 -0.18182373 -0.019897461
0.9539795 0.23754883 -0.1817627 -0.020935059
0.95410156 0.23706055 -0.18170166 -0.021240234
0.95422363 0.23669434 -0.18170166 -0.021606445
0.95428467 0.23626709 -0.18164062 -0.021972656
0.95440674 0.23577881 -0.18151855 -0.022399902
0.95458984 0.23529053 -0.18145752 -0.022766113
0.9547119 0.23468018 -0.18133545 -0.023010254
0.954895 0.23406982 -0.18121338 -0.02319336
0.9550781 0.23352051 -0.18109131 -0.023376465
0.9552002 0.23309326 -0.18096924 -0.02355957
0.95526123 0.23278809 -0.1809082 -0.023620605
0.9553833 0.23236084 -0.1807251 -0.023864746
0.9555054 0.2319336 -0.18060303 -0.024108887
0.95562744 0.23150635 -0.18048096 -0.024414062
0.9557495 0.23114014 -0.18029785 -0.024719238
0.9559326 0.23065186 -0.17999268 -0.02508545
0.95617676 0.22998047 -0.17956543 -0.025390625
0.9564209 0.22924805 -0.17913818 -0.025756836
0.956604 0.22875977 -0.17871094 -0.026123047
0.9567261 0.22845459 -0.17834473 -0.026489258
0.95684814 0.22802734 -0.17797852 -0.026977539
0.95703125 0.2276001 -0.17767334 -0.027526855
0.9571533 0.22717285 -0.1774292 -0.028015137
0.9572754 0.22668457 -0.17718506 -0.028503418
0.9574585 0.22625732 -0.17687988 -0.028930664
0.95758057 0.22589111 -0.17669678 -0.029296875
0.95758057 0.22570801 -0.17651367 -0.02960205
0.9576416 0.22564697 -0.17633057 -0.029785156
0.9577637 0.22521973 -0.17608643 -0.030090332
0.95788574 0.22485352 -0.17584229 -0.030273438
0.95806885 0.2243042 -0.17559814 -0.030395508
0.9584961 0.22314453 -0.1749878 -0.030395508
0.95874023 0.22235107 -0.17462158 -0.030334473
0.9590454 0.22131348 -0.17419434 -0.030578613
0.95928955 0.22033691 -0.17388916 -0.030883789
0.95947266 0.21984863 -0.17364502 -0.031311035
0.9595337 0.21942139 -0.17358398 -0.03186035
0.95965576 0.2189331 -0.17358398 -0.032348633
0.9597168 0.21850586 -0.17352295 -0.03277588
0.95983887 0.21801758 -0.17346191 -0.03314209
0.95996094 0.21740723 -0.17340088 -0.0335083
0.96014404 0.2166748 -0.17315674 -0.033935547
0.9603882 0.21594238 -0.1729126 -0.034484863
0.9605713 0.21508789 -0.17254639 -0.03503418
0.96087646 0.21392822 -0.17218018 -0.035583496
0.96118164 0.21289062 -0.17181396 -0.035827637
0.9614258 0.21203613 -0.17156982 -0.0357666
0.9616699 0.2111206 -0.17132568 -0.035583496
0.96191406 0.21032715 -0.17114258 -0.03527832
0.96209717 0.20959473 -0.17102051 -0.03491211
0.96221924 0.20892334 -0.17095947 -0.034606934
0.9623413 0.20837402 -0.17102051 -0.034362793
0.9625244 0.20776367 -0.17102051 -0.034240723
0.96258545 0.20721436 -0.17114258 -0.034179688
0.9626465 0.20684814 -0.17126465 -0.034057617
0.96276855 0.20635986 -0.17126465 -0.034057617
0.96295166 0.20562744 -0.17114258 -0.034179688
0.96313477 0.20471191 -0.17102051 -0.034362793
0.9633179 0.20397949 -0.1708374 -0.03466797
0.96221924 0.2086792 -0.17114258 -0.035827637
0.96240234 0.20800781 -0.17108154 -0.036254883
0.9625244 0.20727539 -0.17095947 -0.03668213
0.9626465 0.20678711 -0.17089844 -0.03692627
0.9628296 0.20611572 -0.1706543 -0.037109375
0.96313477 0.20489502 -0.17034912 -0.037353516
0.9633789 0.20379639 -0.16998291 -0.037597656
0.96362305 0.2029419 -0.16973877 -0.037841797
0.96380615 0.20233154 -0.1694336 -0.037963867
0.96398926 0.20172119 -0.16912842 -0.038208008
0.9641113 0.20117188 -0.1687622 -0.038391113
0.96435547 0.20062256 -0.16833496 -0.038635254
0.9631958 0.20562744 -0.16845703 -0.039855957
0.963501 0.20471191 -0.16790771 -0.040161133
0.9637451 0.20397949 -0.1673584 -0.040405273
0.9639282 0.20324707 -0.16680908 -0.04071045
0.96417236 0.20245361 -0.16625977 -0.04119873
0.9644165 0.20178223 -0.16571045 -0.04156494
0.9645996 0.20111084 -0.16522217 -0.041931152
0.96484375 0.20043945 -0.16467285 -0.042175293
0.9649658 0.20013428 -0.1642456 -0.0423584
0.96502686 0.2000122 -0.16394043 -0.04248047
0.9651489 0.19970703 -0.16363525 -0.04272461
0.96520996 0.19952393 -0.16333008 -0.042907715
0.965271 0.19946289 -0.16308594 -0.043151855
0.96533203 0.19952393 -0.16271973 -0.04333496
0.96539307 0.19934082 -0.16223145 -0.0435791
0.9655762 0.19903564 -0.1616211 -0.043762207
0.9657593 0.19873047 -0.16101074 -0.043884277
0.96588135 0.19836426 -0.16046143 -0.043945312
0.9660034 0.19812012 -0.15997314 -0.043945312
0.9661865 0.19781494 -0.15960693 -0.044067383
0.96624756 0.19763184 -0.15924072 -0.04425049
0.9663696 0.1973877 -0.15887451 -0.04449463
0.9664917 0.19696045 -0.15826416 -0.044677734
0.96673584 0.1965332 -0.15759277 -0.04486084
