0 0 0
0 0 0
0 0 0
0 0 0
0 0 0
359.9375 0.0625 -0.375
359.9375 0.0625 -0.5
359.875 0.0625 -0.5625
359.875 0.0625 -0.6875
359.875 0.0625 -0.8125
359.875 0.125 -0.875
359.875 0.125 -0.9375
359.875 0.125 -1
359.875 0.125 -1.0625
359.875 0.125 -1.125
359.8125 0.125 -1.25
0.0625 11.5 45.3125
0.0625 11.5 45.25
0 11.5625 45.1875
0 11.5625 45.125
0 11.5 45.0625
0 11.5 45
0 11.5 45
0.0625 11.5 44.875
0.0625 11.4375 44.8125
0.0625 11.4375 44.6875
0.0625 11.4375 44.5625
0.0625 11.4375 44.4375
0.0625 11.5 44.25
0.0625 11.5 44.125
0.0625 11.5625 44
0.0625 11.625 43.875
0.0625 11.625 43.875
0.0625 11.75 43.75
0.0625 11.9375 43.4375
0.125 12.1875 43.125
0.125 12.4375 42.6875
0.0625 12.8125 42.25
0 13.125 41.875
0 13.8125 41.125
0 14.125 40.875
0.0625 14.4375 40.8125
0.25 14.6875 40.75
0.5 14.875 40.75
0.875 15.0625 40.6875
1.25 15.25 40.8125
1.625 15.4375 40.9375
2 15.6875 41.125
2.4375 15.875 41.3125
2.9375 16.0625 41.5
3.4375 16.3125 41.625
3.9375 16.5 41.8125
4.4375 16.625 42
4.9375 16.75 42.125
5.4375 16.875 42.125
6 16.9375 42.1875
6.625 16.9375 42.3125
7.9375 16.875 42.75
8.625 16.75 43
9.3125 16.5 43.375
10 16.1875 43.75
10.75 15.6875 44.125
11.5 15 44.375
13.0625 13.5625 44.8125
13.8125 12.6875 44.9375
14.4375 11.8125 45.0625
15.0625 10.875 45.1875
15.6875 9.9375 45.1875
16.3125 8.9375 45.0625
16.9375 8 44.875
17.5 7.125 44.75
17.5 7.125 44.75
18.375 5.375 44.75
18.375 5.375 44.75
18.875 4.4375 44.75
19.25 3.5 44.6875
19.625 2.5 44.6875
19.8125 1.5 44.625
19.9375 0.4375 44.5
20 -0.5 44.4375
20.0625 -2.375 44.4375
20.0625 -2.375 44.4375
20 -3.1875 44.625
19.9375 -3.9375 44.8125
19.875 -4.6875 45
19.6875 -5.4375 45
19.5 -6.125 45.0625
19.1875 -6.875 45.1875
18.8125 -7.625 45.25
18.3125 -8.25 45.3125
17.375 -9.5 45.6875
17.375 -9.5 45.6875
16.875 -10.0625 45.875
16.375 -10.5625 46.125
15.875 -11.0625 46.375
15.25 -11.5 46.625
14.4375 -11.8125 46.8125
13.5 -12.125 47
11.3125 -12.375 47.8125
11.3125 -12.375 47.8125
9.125 -12.6875 48.4375
9.125 -12.6875 48.4375
8 -12.875 48.375
6.875 -13 48.3125
5.6875 -13 48.375
4.4375 -12.875 48.4375
3.1875 -12.6875 48.625
1.875 -12.5625 48.8125
0.6875 -12.4375 49
359.4375 -12.4375 49.1875
358.1875 -12.4375 49.375
357 -12.5 49.5625
355.8125 -12.5625 49.6875
354.625 -12.625 49.6875
353.4375 -12.625 49.5625
352.3125 -12.5625 49.5
351.1875 -12.4375 49.4375
350.0625 -12.1875 49.5
348.875 -11.875 49.5
346.6875 -11.1875 49.25
346.6875 -11.1875 49.25
345.625 -10.8125 49
343.625 -9.8125 48.5625
342.625 -9.25 48.3125
342.625 -9.25 48.3125
341.6875 -8.6875 48.0625
340.75 -8 47.8125
339.8125 -7.25 47.625
338.9375 -6.5 47.5625
337.25 -5.0625 47.25
336.4375 -4.375 47.0625
335.6875 -3.625 46.875
334.875 -2.875 46.75
334.0625 -2.0625 46.625
333.3125 -1.1875 46.4375
332.5625 -0.375 46.25
331.875 0.4375 46
331.3125 1.25 45.75
330.8125 2.0625 45.625
330.8125 2.0625 45.625
330.375 2.8125 45.5
329.875 3.5625 45.375
329.4375 4.3125 45.125
329 4.9375 44.75
328.625 5.5625 44.3125
328.1875 6.125 43.8125
327.8125 6.75 43.25
327.5 7.3125 42.6875
327.25 7.9375 42.1875
327 8.625 41.75
326.5625 9.875 40.9375
326.5625 9.875 40.9375
326.4375 10.4375 40.5625
326.3125 11.0625 40.1875
326.25 11.625 39.875
326.1875 12.25 39.5625
326.1875 12.875 39.25
326.1875 13.4375 38.9375
326.1875 14.0625 38.625
326.3125 14.5625 38.3125
326.4375 15.125 38
326.6875 15.6875 37.6875
326.875 16.25 37.5
327.3125 17.5 37
327.625 18.125 36.625
327.875 18.75 36.3125
328.1875 19.4375 36
328.1875 19.4375 36
328.875 20.6875 35.8125
329.25 21.3125 35.8125
329.6875 21.9375 35.875
330.1875 22.5 35.9375
330.6875 23 35.875
331.1875 23.5 35.8125
332.25 24.5625 35.625
332.8125 25.0625 35.375
333.375 25.5625 35.1875
333.875 26.0625 35.25
334.3125 26.5625 35.4375
334.875 26.9375 35.5
336.1875 27.625 35.75
336.8125 27.9375 36
337.4375 28.25 36.3125
338.125 28.5 36.625
338.8125 28.75 36.9375
339.5625 28.875 37.1875
340.375 28.9375 37.375
341.9375 28.875 37.9375
342.6875 28.8125 38.125
343.4375 28.625 38.375
344.125 28.5 38.5625
344.875 28.25 38.5625
345.5625 27.875 38.5
346.3125 27.5625 38.375
347 27.1875 38.3125
347.625 26.75 38.4375
348.1875 26.375 38.625
348.6875 26 38.8125
349.1875 25.625 38.75
349.6875 25.25 38.625
350.125 24.9375 38.5
350.5 24.6875 38.375
351.0625 24.3125 38.3125
351.3125 24.125 38.1875
351.5625 23.9375 38.0625
351.75 23.8125 38.0625
352 23.6875 38.1875
352.1875 23.5625 38.375
352.5 23.375 38.625
352.8125 23.25 38.9375
353.0625 23.125 39.375
353.3125 23 39.75
353.5 22.9375 40
353.625 22.8125 40.1875
353.625 22.75 40.1875
353.5625 22.5625 40.0625
353.5625 22.5 40.0625
353.625 22.4375 40.0625
353.75 22.375 40.25
353.875 22.375 40.4375
353.9375 22.375 40.625
354.0625 22.375 40.6875
354.125 22.3125 40.625
354.1875 22.1875 40.3125
354.1875 22.1875 40.3125
354.375 21.9375 40
354.5 21.875 40
354.625 21.8125 40.125
354.75 21.75 40.25
354.75 21.75 40.25
354.875 21.6875 40.4375
354.9375 21.625 40.6875
355.0625 21.5 40.75
355.1875 21.375 40.875
355.25 21.1875 40.875
355.3125 20.9375 40.8125
355.4375 20.625 40.875
355.625 20.3125 40.875
355.8125 20 40.9375
356.0625 19.6875 41
356.25 19.375 41.0625
356.4375 19.125 41.125
356.5625 18.9375 41.1875
356.6875 18.75 41.25
356.8125 18.5625 41.3125
356.9375 18.375 41.4375
356.9375 18.375 41.4375
357 18.25 41.375
357.0625 18.125 41.3125
357.125 18.0625 41.1875
357.0625 17.9375 41
357.0625 17.8125 40.6875
356.9375 17.75 40.4375
356.8125 17.6875 40.25
356.75 17.6875 40.0625
356.625 17.6875 40
356.375 17.75 39.8125
356.25 17.75 39.75
356.125 17.75 39.625
356 17.6875 39.5
355.875 17.625 39.3125
355.75 17.5625 39.125
355.5 17.375 38.8125
355.4375 17.1875 38.6875
355.375 17.0625 38.5
355.3125 16.9375 38.375
355.25 16.8125 38.25
355.25 16.625 38.0625
355.1875 16.5 37.9375
355.125 16.3125 37.75
355.0625 16.125 37.5625
355 15.875 37.3125
354.9375 15.6875 37.125
354.875 15.25 36.5625
354.8125 15.125 36.375
354.8125 15.125 36.375
354.5625 14.9375 36.1875
354.5625 14.9375 36.1875
354.4375 14.875 36.125
354.3125 14.8125 36
354.125 14.75 35.9375
354 14.6875 35.8125
353.8125 14.6875 35.8125
353.6875 14.625 35.75
353.5625 14.625 35.6875
353.4375 14.625 35.6875
353.3125 14.625 35.6875
353.1875 14.625 35.6875
353 14.625 35.625
352.75 14.625 35.5
352.75 14.625 35.5
352.5625 14.5 35.25
352.5625 14.5 35.25
