0 0 0
-7.3125 -0.6875 -0.25
-4.9375 -2.625 -1.4375
-3.5625 -2.6875 -0.125
-7.25 -1.375 1.4375
-9.625 0 2.9375
-10.5 0.75 2.8125
-11.875 0.1875 1.25
-8.4375 -1.375 0
-5.875 -2 -0.5
-6.0625 -1.6875 -0.5625
-6.375 -1.0625 0.1875
-6.5 -0.9375 0.875
-6.75 -0.875 1.125
-8.625 -0.8125 0.8125
-9.25 -0.25 1.125
-9.25 0.5 1.875
-7.625 0.5 2.4375
-6.1875 0.6875 2.4375
-6.125 1.0625 1.5
-7.625 1.75 -0.1875
-7.3125 1.625 -1.3125
-7.75 1.6875 -1.6875
-10.3125 1.6875 -1.5
-12.6875 1.5 -0.5625
-12.625 1.125 0.8125
-10.3125 0.5625 2.0625
-10.0625 -0.1875 1.9375
-11 -1.0625 1.25
-11 -2.3125 1.125
-13 -4.5625 2.125
-12.375 -7.75 4.75
-17.9375 -11.4375 7.1875
-27.625 -16.25 9.125
-37.375 -21.4375 11.4375
-47.8125 -25.125 15.375
-43.8125 -28.5625 19.875
-41.8125 -29.5625 21.4375
-46.4375 -30.25 19.5625
-33.9375 -30.125 18.9375
-24.9375 -31.625 14
-12.6875 -34 6.375
-9.3125 -35.5625 -2.625
-14.25 -37.25 -12.75
-2.625 -44.9375 -22.125
3.4375 -48.3125 -22.9375
4.5 -51 -23.6875
2.875 -51.8125 -25.0625
-1.1875 -53.25 -28.75
-1.5625 -55.4375 -32.1875
3.5625 -55.75 -32.5625
1.625 -52.1875 -31.9375
-9.4375 -47.25 -32.9375
-14.125 -43.3125 -34.5
-11.625 -42.75 -37.6875
-3.125 -44.9375 -43.875
2.25 -42.875 -55.3125
9.375 -35.8125 -58.125
16.375 -26 -63
23.9375 -14.3125 -68.875
18.75 -2.4375 -77.4375
9.25 8.3125 -85.5
11.125 15.1875 -89.5
9.1875 22.9375 -91.5
5.9375 34.5 -87.875
5 43.875 -86.0625
5.625 49.25 -86.5
1.1875 52.625 -85.9375
-16.125 54.9375 -85.875
-23.9375 54.6875 -83.3125
-13.9375 54.125 -76.8125
-3.6875 54.9375 -71.625
1.5 58.0625 -70.625
-4.1875 63.8125 -72.6875
-6.75 70.3125 -71.8125
-0.9375 78.5 -65.75
-3.75 88.25 -59.25
-9.4375 96.375 -53.125
-11.25 99.5625 -47.875
-3.5 96.75 -43
6.8125 91.625 -37.875
13.9375 87.4375 -31.6875
20.875 84.25 -27.125
10.125 84.6875 -24.0625
-1.0625 88.125 -19.8125
2 92.1875 -15
1.25 97.375 -10
-1.625 101.8125 -3.125
0.75 104.5625 5.5
6.9375 102.1875 9.125
5.75 97.3125 10.5
7.8125 92 10.8125
11.8125 91.375 13.0625
8.9375 92.1875 17.6875
9.8125 90.0625 24.6875
-3.8125 96.5 39.75
-0.125 100.375 56.125
7.875 100.75 68.5
20.75 99.125 74.4375
23.5 98.6875 73.125
-11 101.0625 65.8125
-33.9375 101.9375 64.25
-34.5 96.5625 70.125
-24.25 88.5 79.375
-16.625 84.3125 89.375
-11.9375 82.875 94.5625
-5.5 82.8125 93.5
-9.6875 85.8125 88.1875
-7.6875 90.6875 84.4375
-11.6875 96.75 82.125
-9.25 100.0625 79.0625
-14.3125 99.4375 74.875
-27.8125 96.8125 73.875
-34.3125 90.8125 74.5
-34.5 81 76.3125
-27.625 70.1875 81.4375
-20.6875 61.9375 87.4375
-20.1875 56.8125 89.625
-29.375 52.125 88.5
-35.5625 46.1875 88.125
-38.0625 38.8125 88
-38.75 30.375 87.6875
-34.875 22 88.6875
-37.4375 14.125 88.9375
-38.625 6.625 91.375
-36.8125 -0.375 93.8125
-25.3125 -7.625 95.75
-13.4375 -11.8125 95.5625
-17.6875 -10.9375 92.1875
-24.4375 -9.4375 88.625
-25.5 -11 86.875
-20.3125 -15.375 87.8125
-16.1875 -20.4375 91.0625
-15.625 -25.5625 92.6875
-19.875 -28.875 93.0625
-23.5 -32.5625 91.125
-26.1875 -38.3125 83.4375
-23.625 -43.9375 75.5625
-12.375 -46.3125 71.1875
-8.875 -45.6875 68.5
-14.1875 -43.0625 66.3125
-25 -39.5625 63.9375
-35.1875 -34.5625 61.375
-44.75 -30.6875 58.25
-48.9375 -29.5 55.625
-55.5 -31.4375 53.3125
-57.3125 -36.75 50.875
-54.1875 -43.1875 49.3125
-44.9375 -47.625 48.4375
-38.75 -48.4375 46.25
-39.1875 -47.75 42.0625
-40.4375 -48.125 37.6875
-41.625 -51.4375 33.125
-37.375 -55.375 30.75
-35.3125 -57.4375 29.125
-35.5625 -57.75 27.75
-33.25 -58.375 25.875
-36.6875 -58.125 22.125
-39.75 -58.9375 16.25
-40.875 -62.3125 9.625
-39.0625 -66.5 6.875
-35.0625 -71.4375 6.8125
-35.5625 -74.75 7.625
-40.125 -75.875 7.5625
-46.8125 -77.375 5.625
-52.1875 -79.0625 3.6875
-45.9375 -80.875 2.875
-32.6875 -83.25 0.6875
-24.5 -84.875 -4.8125
-18.625 -86.5 -10.4375
-18.9375 -86.125 -14.375
-33.6875 -81.9375 -20.4375
-29.375 -81.6875 -20.125
-33.3125 -81.0625 -19.875
-42.8125 -79.5625 -20.625
-58.625 -79.0625 -23.875
-48.875 -79.4375 -22.3125
-13.75 -76.75 -21.4375
-21.6875 -71.875 -28.8125
-28.125 -68.75 -36.75
-22.0625 -68.875 -41.0625
-14.6875 -70.125 -42.375
-9.1875 -69.25 -43.6875
-9.1875 -69.25 -43.6875
-16.0625 -59.375 -54.5
-21.375 -53.0625 -60.9375
-13.9375 -47.4375 -62.0625
-16.125 -41.625 -62.8125
-18.5 -36.5 -63
-14.8125 -31.5 -61.625
-16.0625 -24.75 -61.1875
-25.25 -15.125 -61.3125
-39.5625 -6.4375 -61.75
-39.25 -2.125 -62.25
-12.1875 0.875 -61.6875
-2.6875 2.8125 -59.0625
-3 7 -55.25
-17.4375 11.125 -51.125
-26.5 11.1875 -46.125
-30.3125 8.5 -42.5
-21.0625 5.625 -35.25
-10.125 4.3125 -28.1875
-14.9375 4.9375 -25.1875
-21.25 5.6875 -23.0625
-15.625 4.25 -20.875
-4.75 1.125 -21.375
1.125 -1.5 -23.5
9.75 -2.5625 -25.125
12.4375 -4.75 -29.75
29.0625 -10.5625 -32.9375
26.875 -9.3125 -30.125
20.5 -4.4375 -23.1875
12.25 2.75 -13.5
1.75 8.4375 -5.0625
-0.375 11.4375 0.625
-5.1875 11.4375 1.125
-1.6875 7.1875 -2.6875
2.625 0.9375 -8.5625
15.5 -8.5625 -11.8125
15.125 -8.6875 -9.1875
3.5625 -5.375 -7.4375
-6.8125 -0.125 -5.3125
-12.3125 5.4375 -3.875
-19.8125 9.125 -4.5
-18.5 10.125 -5.8125
-14.6875 7.5 -9.75
-2.75 2.875 -11.5625
4.9375 -1.125 -13.6875
8.625 -4.375 -14.9375
16.125 -5.3125 -13.3125
17.0625 -3.5 -13.0625
8.4375 1.6875 -14.375
6.0625 8.5 -13.5625
1.125 15.375 -13.6875
-2.6875 20 -15.4375
1.3125 22.25 -19.5
-0.375 22.5 -25.6875
1 20 -29.625
3.5625 16.8125 -30.25
2.4375 14.3125 -27.6875
4.1875 11.4375 -23.5
5.5 10.25 -20
3.875 10.625 -16.9375
1.8125 9.875 -14.25
5.0625 8 -11.25
5.4375 6.1875 -8.625
-3.0625 5.3125 -7.3125
-4.875 4.3125 -6.3125
-4.625 5.375 -5.3125
-9.875 9.4375 -3.375
-18 14.5625 -0.5
-25.625 17.6875 2.75
-22 16.5 6.625
-14.9375 13.375 9.375
-11.8125 10.3125 10.3125
-3.0625 7.0625 10.9375
-5.75 7.5 10.3125
-5.1875 8.5 10.8125
-5.3125 10.375 11.125
-9.9375 13 10.1875
-13.9375 17.875 8.625
-9.8125 19 8.25
-10 19.8125 6.25
-13.1875 20.3125 3.6875
-9.375 18 0.5
-11.3125 18.9375 -0.125
-12.375 19.75 -0.4375
-11.375 21.5 0.375
-12.375 23.375 0.625
-16.8125 25.9375 -0.25
-19.75 27.625 -0.9375
-19.0625 28.3125 -1.25
-23.25 28.4375 -0.875
-22.5 25.25 -0.1875
-15.625 20.375 2.0625
-8.125 16.625 5.125
-3.875 14.5625 7.125
-4 14.625 9.0625
-5.5 15.75 11.25
-5.625 16.25 12.6875
-2.25 15.3125 13.5
-1 14 12.5
-0.75 11.9375 10.4375
-0.4375 9.375 9.125
1.9375 6.5625 9.3125
3.5625 5.8125 10.9375
2.75 6.875 12.625
-0.25 8.5625 12.8125
-2.875 10.375 12.3125
-3.875 11.875 10.8125
-7.125 12.6875 8.3125
-9.5 12 6.125
-7.3125 10.0625 5.8125
