0 0 0
0 0 0
0 0 0
0 0 0
0 0 0
1.92 6.97 -3.19
1.89 6.55 -3.06
1.87 6.09 -2.49
1.93 6.32 -2.64
1.93 6.55 -2.93
1.92 6.92 -3.18
1.91 6.97 -3.13
1.85 6.89 -3.1
1.85 6.64 -3.15
1.84 6.82 -3.3
-0.03 -0.08 -0.26
-0.05 -0.24 -0.13
-0.04 -0.37 -0.14
-0.03 -0.66 -0.2
0.02 -0.97 -0.19
0.05 -0.71 -0.14
0.08 -0.41 -0.08
0.09 -0.11 -0.02
0.08 0.35 0.32
0.1 0.55 0.43
0.11 0.61 0.5
0.12 0.11 0.76
0.11 0.08 1.1
0.11 0.39 1.33
0.09 0.69 1.69
0 1.44 2.56
-0.07 1.37 2.75
-0.13 1.19 3.07
-0.09 1.35 3.3
-0.12 1.58 3.03
-0.3 1.27 2.68
-0.21 0.53 1.91
-0.29 -1.53 1.43
-0.4 -1.95 1.17
-0.44 -3.35 1.48
-0.5 -5.29 1.7
-0.55 -5.81 1.52
-0.64 -5.96 1.67
-0.77 -5.31 2.07
-1.07 -3.06 2.18
-1.38 -2.61 1.46
-1.59 -2.97 0.41
-1.59 -2.97 0.41
-1.9 -3.38 0.57
-1.91 -2.85 0.06
-1.7 -2.18 -2.01
-1.58 -2.57 -2.42
-1.58 -2.57 -2.42
-1.95 -4.36 -0.86
-2.1 -5.15 -0.86
-2.17 -5.45 -1.48
-2.25 -4.75 -2.55
-2.19 -4.76 -6.51
-2.07 -4.9 -7.37
-1.93 -5.34 -7.63
-1.96 -4.57 -6.86
-1.95 -3.33 -5.9
-1.81 -2.15 -5.84
-1.69 0.18 -7.34
-1.64 -0.7 -6.32
-1.7 -1.27 -5.37
-1.85 -0.71 -4.59
-1.98 0.18 -3.26
-1.91 0.93 -2.52
-1.84 2.08 -2.31
-1.92 1.88 -3.25
-1.92 1.24 -4.27
-1.94 0.9 -5.19
-2.03 1.68 -5.42
-2.33 4.63 -5.68
-2.27 4.98 -5.76
-2.08 5.05 -5.16
-2.09 4.77 -1.78
-2 4.68 -0.04
-1.84 4.77 0.77
-1.68 5.08 0.83
-1.44 4.75 -0.29
-1.26 4.68 -1.49
-1.15 5.01 -2.21
-1.13 5.53 -2.78
-0.9 5.88 -2.84
-0.76 6.4 -2.41
-0.77 6.73 -1.68
-0.89 4.41 0.46
-0.95 4.24 0.73
-0.73 3.81 1.1
-0.38 4.91 -1.27
-0.45 6.82 -1.34
-0.05 8.44 0.48
0.12 10.74 -2.04
-0.01 11.03 -1
-0.18 9.37 -0.09
-0.34 7.03 0.44
-0.03 3.08 -0.81
0.05 2.1 -1.09
0.2 3.4 -0.38
0.2 4.98 1.53
0.31 6.26 3.16
0.43 5.99 2.17
0.36 4.36 1.36
0.45 0.72 -0.5
0.33 -0.37 -1.3
0.34 -0.04 -2.13
0.37 0.4 -2.18
0.1 -0.2 -0.8
0.1 0.02 0.56
0.28 0.98 1.7
0.41 1.85 4.43
0.51 2.52 5.65
0.59 3.4 5.96
0.56 3.77 5.37
0.6 2.25 3.78
0.53 1.64 3.73
0.39 1.7 4.28
0.23 1.63 4.93
0.11 1.86 5.25
0.02 2.14 5.16
0.01 1.88 4.86
-0.22 2.5 4.53
-0.31 2.15 4.33
-0.48 1.77 3.93
-0.48 1.77 3.93
-0.52 -0.32 0.63
-0.59 -0.35 0.53
-0.7 0.01 1.26
-0.88 1.34 2.9
-1.04 1.55 3.29
-1.13 1.1 3.17
-1.25 0 2.46
-1.43 -1.33 2.76
-1.54 -2.75 2.86
-1.55 -3.07 2.6
-1.17 -1.58 0.71
-1.18 -1.1 -0.25
-1.25 -0.8 -1.03
-1.12 -0.6 -1.82
-1.08 -0.56 -2.06
-1.19 -0.68 -1.66
-1.33 -0.49 -0.85
-1.49 -0.37 1.42
-1.58 -0.36 2.32
-1.63 -0.14 2.54
-1.42 -0.48 1.13
-1.52 -1.05 0.19
-1.3 -1.4 -0.09
-1.35 -1.51 0.33
-1.4 -1.5 1.46
-1.42 -0.99 1.31
-1.4 -0.86 0.77
-1.25 -1.1 0.07
-1.24 -1.64 -0.21
-1.15 -2.02 -0.45
-1.25 -2.63 -0.15
-1.16 -2.27 0.91
-1.24 -1.15 1.3
-1.27 -0.37 1.45
-1.28 0.02 1.11
-1.15 -0.39 0.03
-1.18 -0.7 0
-1.29 -0.79 0.01
-1.39 -1.02 0.07
-1.41 -1.72 -0.19
-1.51 -2.45 -0.46
-1.61 -2.53 -0.67
-1.83 -1.64 -1.63
-1.77 -1.29 -2.43
-1.85 -0.8 -2.13
-1.78 0.41 -1.74
-1.81 0.25 -2.02
-1.79 -0.2 -1.8
-1.74 1.15 -1.29
-1.68 0.59 -1.83
-1.47 -2.53 -3.34
-1.55 -2.11 -2.51
-1.54 -1.21 -1.81
-1.6 -0.35 -1.44
-1.64 0.24 -2.18
-1.63 -0.25 -3.12
-1.71 -0.99 -4.07
-1.67 -2.16 -5.63
-1.71 0.06 -5.61
-1.6 0.42 -5.67
-1.59 1.23 -5.46
-1.59 1.41 -5.71
-1.48 1.3 -6.36
-1.35 1.24 -6.91
-1.4 1.3 -5.77
-1.41 1.07 -4.78
-1.32 0.86 -4.16
-1.19 2.03 -3.93
-0.64 3.13 -4.61
-0.37 4.01 -3.15
-0.26 3.88 -1.95
-0.03 3.86 -1.29
0.22 4.66 -1.24
0.64 4.23 -1.97
0.82 3.58 -2.3
0.89 3.47 -2.2
0.5 2.69 -0.97
0.24 1.92 -0.81
0.04 1.64 -0.94
-0.19 1.64 -1.35
-0.61 1.03 -1.06
-0.81 1.85 -1.1
-0.85 2.89 -1.56
-0.62 5.51 -3.61
-0.49 6.62 -4.25
-0.4 6.4 -3.84
-0.47 3.78 -2.07
-0.59 1.94 -0.66
-0.68 0.58 0.59
-0.74 -0.33 1.31
-0.77 0.57 0.71
-0.78 1.54 -0.16
-0.47 1.82 -3.78
-0.47 1.82 -3.78
-0.4 1.35 -4.16
-0.62 0.26 -2.48
-0.78 -0.54 -1.43
-0.94 -1.01 -0.45
-1.09 -0.63 -0.08
-1.26 -0.67 -0.61
-1.27 0.1 -1.41
-1.22 0.62 -2.44
-0.75 0.13 -4.68
-0.53 0.53 -5.33
-0.26 0.92 -5.6
-0.17 0.68 -5.37
-0.1 -0.28 -3.37
0.04 -0.83 -2.49
0.19 -0.87 -1.55
0.52 1.3 0.12
0.7 2.57 0.19
0.75 3.63 0.28
0.76 4.21 0.24
0.76 4.21 0.24
0.64 4.44 -0.7
0.37 4.35 -0.65
0.04 4.4 -0.47
-0.03 4.17 -0.83
-0.14 3.87 -1
-0.22 3.76 -1.4
-0.14 4 -2.86
-0.12 4.38 -3.44
-0.16 4.5 -3.43
-0.33 4.42 -1.42
-0.43 4.11 -0.52
-0.39 3.44 -0.26
-0.36 2.93 -0.36
-0.35 2.29 -1.24
-0.26 2.04 -2.32
-0.2 2.17 -3.11
-0.2 1.79 -3.44
-0.21 1.57 -3.56
-0.2 1.53 -3.66
-0.26 1.32 -3.28
-0.28 0.92 -3.27
-0.38 0.84 -3.1
-0.42 1.09 -2.54
-0.38 1.52 -3.02
-0.4 2.28 -3.54
-0.43 2.44 -3.63
-0.48 2.28 -3.64
-0.49 2.11 -3.66
-0.6 2.28 -2.76
-0.57 2.6 -2.35
-0.59 2.84 -1.72
-0.68 3.31 0.05
-0.61 3.65 0.15
-0.57 3.66 -0.14
-0.52 3.49 -0.71
-0.44 3.44 -1.83
-0.44 3.29 -1.87
-0.53 3.04 -1.52
-0.67 2.01 -1.13
-0.71 1.58 -0.99
-0.77 1.51 -0.86
-0.73 1.71 -0.79
-0.54 2.52 -1.32
-0.46 2.78 -1.97
-0.38 2.63 -2.58
-0.23 1.94 -3.04
-0.14 1.71 -3.02
-0.11 1.39 -2.85
-0.11 1.17 -2.51
-0.06 1.89 -1.77
-0.06 2.38 -1.52
-0.04 2.54 -1.69
