0 0 0
0 0 0
0 0 0
0 0 0
0 0 0
359.9375 0 -0.5
359.9375 0 -0.5625
359.9375 0 -0.625
359.875 0 -0.6875
359.875 0 -0.8125
359.875 0 -0.875
359.875 0 -1
359.875 0 -1.0625
359.875 0 -1.0625
359.875 0 -1.125
359.9375 0 -1.1875
359.9375 0 -1.3125
359.9375 0 -1.4375
359.9375 0 -1.5
359.9375 0 -1.5625
359.9375 0 -1.625
359.9375 0 -1.6875
359.9375 0 -1.75
359.9375 0 -1.8125
359.9375 0 -1.9375
359.9375 0 -2.0625
359.9375 0 -2.0625
359.875 -0.0625 -2.1875
359.875 -0.0625 -2.3125
359.8125 0 -2.4375
359.8125 0 -2.4375
359.8125 0 -2.5
359.75 0.125 -2.5625
359.75 0.1875 -2.5625
359.6875 0.375 -2.625
359.625 0.5625 -2.625
359.625 0.6875 -2.625
359.5625 1.125 -2.625
359.625 1.375 -2.6875
359.625 1.625 -2.625
359.625 1.625 -2.625
359.6875 2.1875 -2.75
359.6875 2.1875 -2.75
359.875 2.875 -2.875
359.875 2.875 -2.875
359.9375 3.3125 -2.875
0.0625 3.75 -2.875
0.3125 4.6875 -3
0.3125 4.6875 -3
0.625 5.6875 -2.875
0.625 5.6875 -2.875
1.125 6.75 -2.75
1.4375 7.25 -2.625
1.6875 7.6875 -2.5625
1.6875 7.6875 -2.5625
2.375 8.5 -2.5
2.375 8.5 -2.5
3.1875 9.1875 -2.5625
3.1875 9.1875 -2.5625
3.5625 9.5 -2.5
4.4375 10 -2.4375
4.8125 10.1875 -2.375
4.8125 10.1875 -2.375
5.75 10.5 -2.1875
5.75 10.5 -2.1875
6.25 10.625 -2.125
6.8125 10.6875 -2
7.375 10.6875 -1.875
7.9375 10.5625 -1.8125
8.5625 10.375 -1.6875
9.125 10.1875 -1.5
9.625 9.875 -1.1875
10.1875 9.5625 -0.875
10.75 9.25 -0.625
11.25 8.9375 -0.375
11.75 8.5625 0
12.3125 8.25 0.375
13.4375 7.5 1.125
14.0625 7 1.3125
14.5625 6.5 1.5625
15.0625 5.875 1.625
15.5 5.25 1.6875
15.9375 4.5625 1.75
16.375 3.8125 1.8125
16.8125 3.0625 1.8125
17.1875 2.3125 1.8125
17.5625 1.5 1.9375
17.875 0.6875 2.0625
18.125 -0.125 2.125
18.4375 -1 2.1875
18.6875 -1.9375 2.1875
18.875 -2.875 2.3125
18.9375 -3.8125 2.4375
18.9375 -4.75 2.5625
18.9375 -5.6875 2.5625
18.875 -6.625 2.625
18.8125 -7.5625 2.625
18.6875 -8.4375 2.5
18.5 -9.375 2.4375
18.3125 -10.3125 2.3125
18.0625 -11.25 2.1875
17.5625 -13.25 1.875
17.25 -14.1875 1.8125
16.9375 -15.25 1.75
16.5625 -16.3125 1.5
15.4375 -18.3125 1.4375
14.6875 -19.125 1.75
13.9375 -19.9375 2.0625
13.125 -20.75 2.1875
12.3125 -21.5 2.1875
11.5625 -22.3125 2.0625
10 -23.6875 2.375
9.1875 -24.3125 2.625
8.375 -24.9375 2.9375
7.5625 -25.5 3.1875
5.9375 -26.6875 3.5
5.125 -27.25 3.6875
4.3125 -27.75 3.875
3.5625 -28.25 4
2 -29.125 4
1.1875 -29.5 4.0625
0.375 -29.8125 4.1875
359.5 -30.0625 4.3125
357.8125 -30.4375 4.4375
356.9375 -30.5 4.5
355.0625 -30.5625 4.875
354.0625 -30.5 5.125
353.125 -30.375 5.375
352.125 -30.1875 5.6875
351.1875 -30 6
350.1875 -29.6875 6.25
349.1875 -29.375 6.4375
347.25 -28.75 6.625
346.25 -28.375 6.75
345.3125 -28 6.875
344.375 -27.5625 7.125
343.5 -27.0625 7.25
342.625 -26.5625 7.5
341.8125 -26.0625 7.6875
341 -25.5625 7.75
339.5 -24.5 7.625
338.75 -23.9375 7.5625
338 -23.3125 7.4375
337.3125 -22.6875 7.375
336 -21.3125 7.25
335.4375 -20.6875 7.125
334.875 -20.0625 6.875
334.3125 -19.5 6.6875
333.375 -18.4375 6
333 -17.9375 5.625
332.6875 -17.4375 5.1875
332.3125 -16.875 4.8125
332.0625 -16.25 4.5
331.625 -15.0625 3.6875
331.4375 -14.4375 3.4375
331.3125 -13.75 3.25
331.1875 -13 3.125
331.0625 -12.3125 2.9375
331 -11.625 2.6875
330.9375 -10.875 2.5
330.9375 -10.1875 2.25
330.9375 -8.8125 1.9375
331 -8.1875 1.625
331.125 -7.5625 1.375
331.3125 -6.9375 1
331.75 -5.625 0.375
332.0625 -5 0.125
332.3125 -4.375 -0.0625
332.875 -3.0625 -0.5625
333.1875 -2.4375 -0.6875
333.5 -1.75 -0.75
334.25 -0.4375 -0.6875
334.6875 0.125 -0.75
335.125 0.8125 -0.8125
335.5625 1.4375 -0.8125
336 2.0625 -0.875
336.3125 2.625 -0.875
336.625 3.125 -0.8125
336.9375 3.625 -0.75
337.25 4.125 -0.6875
337.625 4.5 -0.75
338.125 4.875 -0.9375
338.6875 5.25 -1.0625
339.3125 5.5625 -1.1875
339.875 5.875 -1.375
341 6.5 -1.4375
341.5 6.75 -1.5
342 6.9375 -1.75
342.5 7.0625 -2
343 7.25 -2.25
343.5 7.375 -2.5
343.9375 7.5 -2.625
344.4375 7.625 -2.6875
344.9375 7.8125 -2.75
345.9375 8 -2.75
346.375 8.125 -2.6875
346.8125 8.1875 -2.6875
347.1875 8.25 -2.75
347.875 8.3125 -2.6875
348.1875 8.375 -2.75
348.4375 8.4375 -2.8125
348.75 8.5 -3
349.1875 8.6875 -3.1875
349.1875 8.6875 -3.1875
349.3125 8.75 -3.125
349.625 8.8125 -3.125
349.625 8.8125 -3.125
349.8125 8.875 -3.1875
350 8.875 -3.3125
350.3125 8.8125 -3.5625
350.5 8.75 -3.6875
350.625 8.6875 -3.875
350.8125 8.625 -4
350.875 8.625 -4.0625
351 8.625 -4
351 8.6875 -3.875
351.0625 8.75 -3.75
351.0625 8.75 -3.75
351.1875 8.6875 -3.6875
351.25 8.625 -3.75
351.3125 8.5625 -3.8125
351.3125 8.5 -3.875
351.3125 8.4375 -3.875
351.375 8.375 -3.875
351.375 8.25 -3.875
351.4375 8.1875 -3.9375
351.5 8 -4
351.5 8 -4
351.6875 7.6875 -4.25
351.75 7.5 -4.375
351.875 7.3125 -4.5
351.9375 7.1875 -4.625
352 7.0625 -4.75
352.125 6.9375 -4.875
352.1875 6.8125 -5
352.25 6.6875 -5.0625
352.375 6.5625 -5.125
352.4375 6.5 -5.125
352.4375 6.5 -5.125
352.375 6.5 -5.0625
352.375 6.5 -5
352.3125 6.5 -4.9375
352.25 6.5625 -4.9375
352.25 6.5625 -4.875
352.25 6.5625 -4.875
352.25 6.5625 -4.9375
352.3125 6.5625 -4.9375
352.375 6.5625 -4.9375
352.375 6.5625 -4.9375
352.375 6.5625 -5
352.4375 6.5625 -5
352.4375 6.5 -5
352.375 6.5 -5
352.375 6.5 -5
352.3125 6.4375 -4.9375
352.3125 6.4375 -4.9375
352.25 6.4375 -4.875
352.1875 6.4375 -4.875
352.1875 6.4375 -4.9375
352.25 6.375 -5
352.25 6.375 -5
352.25 6.375 -5.125
352.375 6.3125 -5.1875
352.5 6.3125 -5.375
352.5625 6.3125 -5.4375
352.6875 6.3125 -5.5625
352.75 6.3125 -5.625
352.8125 6.25 -5.8125
352.9375 6.1875 -5.9375
353.125 6.1875 -6.0625
353.25 6.125 -6.1875
353.4375 6.125 -6.25
353.625 6.125 -6.3125
353.8125 6.125 -6.4375
353.9375 6.125 -6.5625
354.0625 6.125 -6.625
354.1875 6.125 -6.625
354.3125 6.1875 -6.625
354.5625 6.25 -6.5
354.8125 6.375 -6.4375
355 6.5 -6.375
355.1875 6.5625 -6.5
355.3125 6.625 -6.625
355.4375 6.6875 -6.875
355.5 6.6875 -7.0625
355.625 6.75 -7.1875
355.6875 6.8125 -7.25
355.8125 6.875 -7.375
355.9375 6.875 -7.5
356 6.9375 -7.5625
356.0625 7 -7.625
356.125 7 -7.75
356.1875 7 -7.875
356.25 7 -8
