0 0 0
-8.9375 1.5625 1.0625
-9.125 2.8125 2.5
-7.4375 2.125 2.3125
-8.375 2.75 2.4375
-8.3125 2.1875 3
-9.5 2.0625 3.375
-9 1.4375 2.375
-7.3125 0.9375 1.4375
-7 0.4375 -1.0625
-8.3125 1 -1.125
-9.3125 1.5625 -0.1875
-9.9375 1.25 1
-9 0.5625 0.375
-8.625 -0.125 -0.4375
-8.5625 0.1875 -0.125
-10.625 2.4375 2
-10.625 2.875 2.25
-11.5625 2.4375 1.875
-8.125 -1.875 0.125
-7.6875 -3.5625 0.375
-9.125 -4 1.8125
-12.6875 -4.625 3
-16.375 -6.4375 2.625
-14.9375 -12.0625 3.6875
0 -28.3125 7.0625
4.125 -34.8125 6.5
2.6875 -39.75 3.6875
1.125 -43.875 -1.0625
-11.3125 -48.3125 -8.9375
-23 -50.6875 -13.625
-13.125 -53.0625 -14.8125
-3.8125 -54.75 -16.875
-4.5625 -53.9375 -20.75
-8.5 -50.125 -25.25
-9.1875 -46.75 -30.125
-4.8125 -44.0625 -34.125
-1.125 -41.0625 -36.4375
-5.9375 -36.6875 -38
-11.8125 -33.25 -40
-12.3125 -31.6875 -40.9375
-6.875 -30.5625 -45.5625
-7.5625 -26.25 -49.6875
-17.125 -17.6875 -55.4375
-27.9375 -6.8125 -63.0625
-21.5625 11.375 -73.375
-17.5625 18.5 -71.875
-25.625 24.4375 -70.375
-33.625 26.125 -69
-17.375 23.6875 -64.5625
-5 21.6875 -60.3125
-21.875 26.1875 -61.9375
-12.875 29.5 -59.1875
3.375 33.125 -55.875
8.125 39.25 -56.125
-10.5 46.5 -61.6875
-16.0625 51.5625 -62.75
-6.625 53.125 -60.5
-9.0625 56.4375 -57.875
-16 59.5 -55
0.1875 62.4375 -51.9375
5.25 68.0625 -50.5
0.4375 77.25 -49.4375
-11.1875 85 -50.0625
-8.375 91.5625 -46.375
-9.6875 98.125 -40.0625
-11 100.25 -34.25
-6.5 101.6875 -26.375
-15.0625 104.5 -18.9375
-17.8125 105.3125 -11.5625
-13.5 102.1875 -7.8125
-5.125 95.875 -6.375
5.125 88.5625 -3.5625
15.25 82.375 2.6875
25.75 78.8125 14.0625
44 87.875 49.5
15.625 99.25 52.5
-17.625 106.4375 50.0625
-27.5625 102.4375 45.625
-21.5625 94.5625 44.125
9.5 74.5625 53.125
30.25 69.4375 64.5
33.0625 72.875 76.6875
22.5625 82.75 84.375
-14.875 101.375 75.75
-14.875 101.375 75.75
-11.875 104.625 73.4375
-28.75 108.875 79.5
-30.3125 112.6875 89.1875
-37.375 113.4375 94.4375
-35.9375 106.625 94.625
-23.8125 91.0625 97.75
-27.9375 84.9375 98
-34.25 78.6875 97.0625
-41.9375 71.6875 95.8125
-51.875 61.6875 93.25
-35.4375 32.25 95.6875
-35.625 20.375 95.9375
-37 8.25 95
-27.6875 -2.875 96.625
-27 -11 98.8125
-52.9375 -20.875 92.3125
-45.125 -31.4375 88.125
-32.75 -43.9375 84.9375
-19.125 -53.25 83.0625
-22.875 -59.0625 79.125
-16.5 -61.375 76.5625
-16.125 -62.6875 74.375
-16 -64.5625 73.0625
-25.125 -65.1875 70.5625
-28.9375 -67.1875 67.625
-26.5625 -69.75 64.125
-40.4375 -70.3125 58.8125
-33.3125 -71.6875 60.25
-22.5625 -74.1875 60.6875
-26.5 -75.8125 56.9375
-39.4375 -79.3125 50.125
-31.25 -92.125 39.5
-31.625 -95.375 32.75
-35 -96.5 25.6875
-33.375 -97 20.5625
-37.6875 -95.1875 16.9375
-42.9375 -94.25 8.4375
-38.25 -94.375 4.6875
-30.875 -94.1875 0.9375
-26.125 -94.0625 -2.25
-22.4375 -96.75 -6.6875
-14.625 -96.8125 -6.3125
-13.9375 -92.1875 -5.25
-27.0625 -85.625 -7.375
-38.75 -81.75 -12.3125
-40 -81.8125 -17.1875
-34.0625 -85.3125 -22.5
-19.3125 -90.5625 -28.0625
-13.0625 -93.5625 -34.25
-14.625 -91.9375 -38.375
-16.9375 -86.625 -39.125
-18.375 -82.25 -41.5625
-19.6875 -78.0625 -45.5
-24.75 -74 -51.375
-23.4375 -71.375 -56.4375
-21.4375 -66.9375 -58.875
-23.0625 -57.875 -60.375
-41.1875 -45.3125 -67.0625
-47.5 -38.1875 -70.5
-31.5 -38.125 -67.5625
-29 -43 -63.9375
-15.125 -49.8125 -60
-14 -55.25 -62.1875
-5 -57.125 -62.5625
-0.875 -53.6875 -62.4375
-14.8125 -45.125 -62.8125
-27 -34.6875 -62.0625
-27.375 -25.75 -57.5
-19.625 -18.4375 -51.8125
-26.3125 -12.25 -50.25
-33.4375 -8.125 -50.5625
-28.875 -7.125 -48.6875
-23.9375 -7.625 -46.125
-21.375 -6.8125 -43.5625
-26.5625 -5 -41.75
-23.875 -2.0625 -39
-14.4375 1.25 -34.25
-9.5 3 -29.9375
-5.5625 1.6875 -25.5
5.0625 -1.3125 -19.0625
17.5625 -4 -14.125
15.3125 -4.125 -13.125
6.625 -2.6875 -13.4375
-4.625 -0.5 -14.3125
-12.9375 2.0625 -12.8125
-10.25 5.5625 -8.25
-15.4375 9.6875 -5.5625
-18.5625 12.0625 -5
-20.875 13.6875 -5.5625
-25.0625 12.875 -7.5
-17.625 7.3125 -8.125
-5.0625 0.5625 -6.8125
0.5 -4.3125 -4.3125
5.25 -7.125 -1.0625
8.375 -6.25 2.4375
6.625 -2.25 5.5625
0.0625 3.0625 6.625
-9.1875 7.6875 5.875
-11.625 9.25 5.1875
-11.6875 9.5625 4.6875
-14.1875 9 4
-10.75 7.0625 4.8125
-7.9375 4.8125 6.125
-6.125 3.0625 7.1875
-4.5 2.375 7.375
-3.125 2.125 6.4375
-2.9375 2.6875 5.25
-4.8125 5.5 5.125
-10.125 9.1875 3.6875
-7.875 10.25 3.4375
-10.6875 11.4375 2.25
-13.3125 10.9375 0.6875
-8.5625 8.25 0.1875
