0 0 0
0 0 0
0 0 0
0 0 0
0 0 0
1.4 5.19 -1.67
1.41 4.64 -1.52
1.45 4.59 -1.58
1.42 4.49 -1.6
1.44 4.51 -1.64
1.45 5.42 -1.87
1.45 5.6 -1.74
1.36 5.13 -1.44
1.37 4.9 -1.53
1.41 5.13 -1.67
1.46 5.72 -2.05
1.43 5.54 -1.74
1.4 4.97 -1.15
1.41 4.88 -0.79
1.38 5.08 -0.55
1.48 5.87 -1.17
1.44 5.84 -1.2
1.29 5.34 0.37
1.18 5.58 1.53
1.11 5.65 2.32
1.08 5.3 2.55
1.03 3.25 1.19
1 2.51 0.82
1.02 2.56 0.11
0.98 2.47 -0.14
0.84 2.98 -0.18
0.84 2.98 -0.18
0.67 2.57 -0.94
0.48 2.28 -2.79
0.27 2.12 -3.2
0.17 2.43 -3.12
0.09 3.08 -3.29
0.02 3.57 -3.59
-0.07 3.7 -3.28
-0.21 3.88 -2.88
-0.32 3.6 -2.72
-0.4 2.99 -3.72
-0.32 2.03 -6.41
-0.25 1.68 -7.47
-0.21 1.88 -7.45
-0.22 3.18 -7.19
-0.52 5.49 -5.21
-0.74 5.79 -3.78
-0.94 6.54 -2.71
-0.99 6.68 -2.58
-0.96 5.14 -4.22
-0.98 5.43 -4.83
-1.02 6.4 -5.09
-1.09 5.15 -6.3
-1.09 5.15 -6.3
-1.04 5.16 -5.92
-0.98 7.16 -4.37
-0.94 7.5 -4.81
-0.92 7.58 -4.65
-0.92 7.58 -4.65
-1.18 7.47 -6.45
-1.27 7.66 -7.35
-1.32 7.32 -7.42
-1.7 9.41 -6.67
-1.71 10.15 -6.27
-1.68 10.36 -4.96
-1.62 11.11 -4.12
-1.56 11.63 -3.38
-1.7 11.52 -2.34
-1.7 11.52 -2.34
-1.85 10.05 0.52
-1.73 10.91 0.85
-1.65 12.17 0.66
-1.53 13.88 -0.03
-1.19 16.99 -2.44
-0.98 16.43 -4.14
-0.75 8.54 -2.56
-0.57 7.8 0.38
-0.54 8.32 1.79
-0.27 9.34 2.7
0.06 13.42 0.71
0.44 13.84 -1.71
0.76 10.84 -5.57
0.74 8.06 -5.99
0.79 6.25 -5.12
0.7 5.97 -3.93
0.88 10.28 -3.29
0.82 11.73 -2.61
0.54 9.01 0.06
0.55 8.08 2.17
0.76 8.21 3
0.94 8.13 3.13
1.13 7.05 3.39
1.19 6.86 3.92
1.15 6.52 6.4
1.14 7.16 7.68
1.32 7.48 7.37
1.33 6.91 7.29
1.43 7.31 6.73
1.46 7.29 6.15
1.62 5.47 4.56
1.3 4.36 5.38
1.33 4.33 7.07
1.43 4.56 5.18
1.23 4.18 4.08
1.39 4.56 2.54
1.48 5.08 1.48
1.41 5.21 1.68
1.53 4.71 0.98
1.63 4.27 1.17
1.59 4.08 1.11
1.71 4.3 0.51
1.91 5.28 0.5
1.74 5.01 0.83
1.79 3.86 0.54
1.76 2.4 1.47
1.69 2.5 1.98
1.6 2.32 1.82
1.7 1.57 -0.28
1.8 2.05 -0.91
1.84 2.4 -1.69
1.88 2.2 -1.76
1.78 2.1 -1.81
1.86 1.99 -2.54
1.79 2.29 -2.38
1.7 2.71 -2.07
1.64 4.4 -2.86
1.8 4.39 -4
1.8 4.39 -4
1.86 2.46 -2.62
1.74 2.23 -1.42
1.56 2.05 -0.4
1.39 1.82 0.01
1.62 2.09 -1.83
1.75 3.15 -3.17
1.76 3.99 -4.18
1.69 3.32 -4.55
1.52 2.97 -4.8
1.45 2.57 -4.83
1.31 2.88 -4.79
1.42 4.3 -6.13
1.58 4.15 -7.53
1.81 3.35 -8.39
1.81 3.35 -8.39
1.32 6.77 -2.85
1.08 7.12 -1.19
0.87 7.14 -0.78
0.91 5.23 -2.55
0.91 5.23 -2.55
1.02 6.17 -6.14
1.34 6.89 -8.85
1.46 7.53 -9.02
1.36 8.5 -8.61
1.36 8.5 -8.61
1.34 7.2 -7.18
1.3 7.34 -6.35
1.33 7.86 -5.5
1.35 8.2 -4.88
1.39 8.58 -5.08
1.42 8.67 -5.23
1.41 9.07 -5.15
1.46 10.03 -4.47
1.42 10.12 -3.56
1.42 10.12 -3.56
1.31 10.72 -2.16
1.32 9.77 -2.72
1.4 8.84 -3.57
1.39 8.49 -4.16
1.58 8.68 -4.79
1.61 9.46 -4.95
1.63 9.92 -5.12
1.71 9.48 -5.13
1.55 8.29 -3.75
1.49 7.88 -3.09
1.4 7.61 -2.04
1.18 8.1 0.31
1.21 8.69 0.33
1.26 9.06 -0.21
1.25 9.28 -1.04
1.29 9.35 -3.44
1.32 9.07 -4.3
1.28 8.53 -4.72
1.19 7.62 -3.88
1.18 7.61 -3.18
1.15 7.51 -2.77
1.16 7.41 -2.27
1.18 7.93 -1.53
1.21 7.92 -1.5
1.21 7.81 -1.74
1.31 7.11 -2.43
1.3 6.82 -2.7
1.34 6.89 -3.16
1.4 7.1 -3.7
1.41 6.86 -3.49
1.4 6.93 -3.1
1.37 6.61 -2.54
1.32 6.64 -1.78
1.3 6.86 -1.33
1.35 6.92 -1.38
