0 0 0
-9.6875 1.875 -0.25
-11.1875 3.5625 -0.9375
-6.1875 0.6875 -0.5625
-3.375 -0.125 -0.3125
-2.1875 -0.375 -1.0625
-2.9375 -0.125 -1.1875
-3.8125 0.25 -0.375
-8.375 2.0625 1.5
-9.4375 2.25 2.0625
-8.25 1.9375 2.25
-7.125 1.875 2.0625
-6.6875 1.1875 1.25
-6.5 1 0.5
-8.9375 1.25 0.4375
-9.25 1 0.1875
-7.25 -1.3125 -1.125
0.0625 -5.25 -1
8.4375 -10.5 -1.0625
11.875 -15.6875 -1.4375
15.5 -19.0625 -0.5
12.3125 -17.3125 0.5
6.5625 -14.25 1.25
-0.9375 -10.8125 2
-5.3125 -8.0625 3
-4.4375 -6.5 3.5
-4 -5.4375 2.3125
-6.625 -4.4375 -0.4375
-6.125 -3.4375 -2.5625
-7.375 -1.1875 -3.0625
-10.375 0.75 -3.25
-10.625 1.6875 -3.3125
-6.8125 2.5625 -2.875
-2.0625 4.3125 -2.8125
-2.1875 7.25 -4.125
-7 10.9375 -6.8125
-7.6875 15.3125 -8.5625
-16.75 18.75 -11.4375
-14.9375 20.8125 -12.4375
-11.8125 22.1875 -12.875
-13.6875 23 -12.8125
-13.9375 23.875 -14.125
-23.6875 24.9375 -18
-37.75 26.8125 -21.0625
-60.3125 28.1875 -22.4375
-81.3125 25.9375 -21.4375
-92.1875 18.375 -16.375
-94.125 5.125 -11.0625
-82.1875 -12.3125 -6.5625
-66.125 -30.625 -4.4375
-53.0625 -47.4375 -4.0625
-48.875 -61.875 -5.1875
-45 -74.9375 -5.875
-39.3125 -87.0625 -5.5
-33.125 -99.125 -5.25
-31.6875 -109.75 -3.5
-30.875 -118.9375 0.6875
-28.3125 -125.4375 6.0625
-30.9375 -128.25 10.1875
-42.625 -127.6875 11.375
-54.75 -126.25 11.375
-57.4375 -127.4375 10.8125
-56.375 -131 10.625
-50.3125 -136.5 12.75
-43.1875 -140.4375 15.25
-49.125 -140.8125 16.375
-49.5625 -142.4375 18.4375
-44.4375 -145.875 21.75
-46.5625 -148.5625 22.8125
-43.6875 -151.375 21.9375
-23.8125 -152.3125 22
-0.375 -150.125 20.4375
18.8125 -143.0625 17.9375
15.375 -130.625 11.8125
-1 -117.5625 4
-2.3125 -106.3125 0.5625
-2.75 -96.5625 -0.6875
-6.0625 -87.875 -2.5625
-13.125 -79.25 -3.9375
-14.3125 -72.5625 -4.5625
-7 -68.5 -7.1875
2 -63.625 -11.125
10.5625 -54.6875 -14.875
22.1875 -42.5625 -17.375
20.5625 -27.5 -21.4375
8.125 -11.1875 -27.4375
-0.1875 3.1875 -32.375
-2.125 15.6875 -35.3125
-3.875 28 -39.1875
-2.8125 40.875 -44.75
-7.6875 53.9375 -54
-13.8125 64.5 -68.9375
-11.6875 72.125 -85.125
-1.4375 79 -95.4375
18.625 84.9375 -95.5625
35.5 90.75 -89.75
35.4375 97.1875 -84.625
34.3125 102.875 -78.25
46.375 106.3125 -71.0625
53 109.25 -68.625
42.5 115.75 -67.6875
18.9375 124.5 -66.5
-1.3125 130.625 -66.125
-6.125 129.3125 -67.5625
14.5 123.8125 -70.9375
27 119.5625 -77.9375
26.125 119.5 -85.8125
13.0625 122.25 -91.9375
8.375 125.0625 -91.3125
12.9375 126.6875 -86.3125
2.9375 126.1875 -82.5
-3.75 120.4375 -78.5
-8.8125 112.25 -76.0625
-25.3125 102 -77.1875
-9.875 87.6875 -74.6875
10.1875 77.1875 -70.5
-2.125 64.25 -57
-17.25 54.125 -50.9375
-31 42.25 -45.5
-21.4375 27.6875 -36.625
-6.375 10.3125 -25.1875
2.4375 -10.875 -13.4375
-12.1875 -28.375 -3.8125
-33.3125 -62.4375 11
-30.3125 -77.125 16.5
-22.0625 -88.8125 21.5625
-11.9375 -98.8125 25.3125
-0.3125 -107.375 28.8125
1.5625 -116.3125 28.75
-1.4375 -125.5625 28.3125
-7.3125 -132.4375 30.25
-33.25 -139.375 37.75
-52.3125 -139.5 40.625
-75 -140.6875 40.1875
-91.1875 -142.4375 38.5625
-105.9375 -143.75 36.125
-112.3125 -145.3125 33.75
-90.1875 -144.5625 36.4375
-36.5625 -147.1875 39.25
-8.1875 -145.9375 27.3125
-15.25 -138.3125 19.875
-26.4375 -129.1875 15.0625
-40.375 -120.4375 13.4375
-56.25 -114.8125 13.5625
-68.75 -113.875 15.4375
-33.25 -114.9375 26.375
-27.5 -108.875 27.5625
-45.125 -97.75 23
-58.3125 -87.8125 17.0625
-45.9375 -83.6875 13.4375
3.875 -73.6875 11.8125
7.875 -63.125 6.0625
13.625 -51.5625 -1.4375
19.5625 -39.0625 -9.4375
17.0625 -25.625 -18.4375
11.9375 -13.125 -26.5
10.5 -0.9375 -31.375
2.5625 21.5 -47
0.4375 29.0625 -58.625
5.1875 36.3125 -65.625
5.5625 44.8125 -69.5
0.6875 53.8125 -71.6875
11.0625 61.375 -71.875
29.25 66.75 -73.25
41.75 70.5 -77.4375
51.1875 72.8125 -79.8125
57.4375 74.8125 -78.6875
51.8125 78.5625 -75.625
38.25 82.75 -69.4375
35.6875 88.8125 -57.5625
29.3125 95.8125 -49.9375
12.0625 101.25 -51.125
8.125 106.4375 -53.375
14 112.6875 -58.1875
10.6875 121.25 -68.125
-0.375 129.4375 -77.5625
3.625 130.25 -82.125
19.625 122.8125 -85.125
25.0625 111.625 -86.875
13.375 85.625 -84.5
2.375 79.125 -78.6875
-16.75 79.6875 -71.9375
-30.75 82.9375 -65
-27.0625 83.6875 -57.3125
-15 79.25 -53.8125
3.3125 64.875 -55.1875
27.5625 51.125 -52.625
33.5625 41.5 -50.0625
10.9375 41.1875 -44.8125
-0.1875 35.375 -21.875
7.5625 24.5 -10.6875
14.8125 11.25 -3.375
21.375 0.125 1.1875
23.5625 -4.3125 3.875
3 1.9375 5.3125
-5.9375 6.5625 6.375
-10.125 9.0625 7.875
-11 8.9375 8.9375
-8.125 5.875 9.8125
-5.3125 3.3125 11.4375
-8.125 1.625 12.8125
-10 0.75 13.75
-11.625 -0.8125 13.6875
-10.25 -1.8125 13.875
-5.9375 -2.9375 13.75
-4.6875 -3.9375 12.875
-3.6875 -4.5 12
-4.125 -4.9375 10.6875
-8.4375 -5.8125 8.9375
-9.875 -7.375 9.0625
-5.75 -9.1875 11.3125
-1.5 -8.375 14.125
-6.375 -5.8125 14.375
-10.8125 -2.9375 12.0625
-11.125 -1.125 10
-9.875 0.625 7.75
-12.6875 1.6875 4.75
-13.6875 2.25 2.5625
-10.625 1.375 0.875
-7.8125 0.1875 -1
-7.4375 -0.9375 -2.5
-6.5625 -2.0625 -3.4375
-7.25 -2.8125 -3.1875
-9.8125 -2.375 -1.4375
-9.6875 -1.8125 -0.0625
-7.8125 -1.875 -0.625
-6.5 -1.1875 -1.1875
-9.1875 0.3125 -1.9375
-11.6875 2 -2
-14.625 2.9375 -2.625
-15.5625 3.25 -2.9375
-13.875 3.625 -2.1875
-12.8125 4.1875 -1.875
-16.8125 4.0625 -3.125
-18.625 3.9375 -4.125
-18.1875 2.8125 -5
-15.6875 1.25 -6.3125
-13.8125 0.5625 -7.25
-8.875 0.3125 -7.1875
-7.75 0.3125 -7.625
-11.5625 1.0625 -7.0625
-11.125 1.125 -4.6875
-9.0625 0 -1.9375
