0 0 0
0 0 0
0 0 0
0 0 0
0 0 0
-0.75 4.06 -1.2
-0.79 4.69 -1.4
-0.79 4.79 -1.49
-0.79 4.63 -1.32
-0.8 4.33 -1.01
-0.79 4.16 -0.95
-0.78 3.95 -0.81
-0.74 4.15 -0.68
-0.74 4.23 -0.53
-0.71 4.09 -0.19
-0.7 3.91 0.38
-0.8 4.11 1.5
-0.81 4.13 1.76
-0.84 4.21 1.57
-0.84 4.38 0.93
-0.81 4.74 -0.78
-0.76 5.01 -2.41
-0.71 5 -2.93
-0.74 4.95 -2.84
-0.72 4.67 -2.65
-0.8 4.08 -2.5
-0.78 3.16 -2.6
-0.71 3.3 -2.7
-0.64 3.78 -2.96
-0.6 4.06 -2.96
-0.61 4.08 -2.8
-0.59 4.11 -2.85
-0.56 3.96 -2.95
-0.35 3.37 -3.9
-0.27 3.12 -4.04
-0.3 3.31 -4.08
-0.23 3.42 -3.09
-0.16 3.88 -2.39
-0.03 4.26 -1.85
0.05 4.56 -1.05
0.22 4.39 -0.07
0.25 4.2 0.48
0.31 4.72 1.16
0.28 6.49 3.64
0.03 7.72 5.81
-0.23 8.84 8.24
-0.58 9.28 10.73
-1.18 8.45 13.97
-1.4 7.64 14.35
-1.62 7.08 13.91
-1.99 6.4 12.35
-2.15 6.61 11.57
-2.35 6.84 10.97
-2.65 6.81 10.4
-2.83 7.7 8.57
-3.01 8.42 7.54
-3.09 8.75 6.2
-3.16 8.13 2.96
-3.3 7.53 1.67
-3.49 7.17 0.94
-3.84 6.89 1.27
-4.15 6.77 1.6
-4.44 7.22 1.62
-4.63 7.25 0.86
-4.36 6.65 -1.33
-4.48 6.8 -0.92
-4.57 6.81 -0.77
-4.67 6.23 -1.2
-4.75 4.64 -2.35
-4.8 4.23 -3.38
-4.84 3.36 -4.78
-4.56 2.15 -8.18
-4.41 1.3 -9.65
-4.34 1.07 -10.04
-4.19 1.88 -9.89
-3.9 2.76 -9.38
-3.87 2.66 -9.16
-3.97 2.63 -9.06
-3.82 2.23 -8.27
-3.83 1.32 -8.08
-3.82 0.77 -8.65
-3.68 0.64 -9.86
-3.27 0.75 -12.38
-3.02 0.24 -13.22
-2.84 -0.09 -13.54
-2.71 0.38 -12.67
-2.75 0.64 -12.23
-2.78 0.26 -11.97
-2.85 -0.36 -11.89
-3.27 -2.41 -11.13
-3.46 -3.67 -10.06
-3.65 -3.76 -8.94
-4.02 0.65 -7.43
-4.21 3.62 -6.8
-4.42 5.68 -6.53
-4.51 6.4 -6.29
-4.63 7.41 -5.5
-4.34 7.17 -5.11
-3.9 6.3 -4.95
-3.29 6.21 -5.97
-3.11 6.23 -5.55
-3.12 5.73 -4.1
-3.32 4.75 -1.96
-3.87 2.99 0.2
-3.97 2.33 0.03
-3.84 2.79 -0.62
-4.07 5.42 -1
-4.06 7.56 -0.36
-4.07 8.92 0.51
-4.15 9.11 1.81
-4.31 9.36 5.63
-3.94 9.28 6.55
-3.96 8.16 7.78
-3.74 9.8 9.55
-3.39 10.81 8.95
-3.24 11.91 8.14
-3.17 13.03 10.6
-3.12 13.06 14.1
-3.11 13.7 14.91
-3.45 14.99 17.91
-3.48 15.55 17.94
-3.57 15.03 17.2
-3.74 14.44 16.6
-4.05 12.55 14.81
-4.25 11.82 13.57
-4.55 9.61 9.55
-4.76 8.77 8.7
-4.97 7.74 7.97
-5.1 7.46 7.19
-5.06 8.53 4.54
-5.12 8.71 3.34
-5.02 7.73 0.08
-5.11 6.82 0.05
-5.27 6.63 -0.26
-5.25 6.29 -0.81
-5.1 6.2 -1.61
-5.12 6.38 -2.22
-5.35 5.1 -1.78
-5.49 2.07 -2.97
-5.09 2.44 -5.66
-4.87 3.39 -6.12
-4.77 5.54 -5.9
-4.99 6.18 -4.86
-5.2 6.63 -3.69
-5.46 6.95 -3.79
-5.52 6.02 -5.43
-5.47 4.58 -6.79
-5.21 1.94 -7
-5.16 2.14 -5.71
-5.07 2.4 -5.44
-4.65 0.38 -7.95
-4.19 -1.12 -9.11
-3.98 -1.4 -9.44
-3.36 -1.61 -9.79
-3.24 -1.07 -9.48
-3.12 -0.41 -9.41
-3.14 -1.77 -8.61
-3.31 -2.68 -7.63
-3.57 -0.95 -6.37
-3.68 1.41 -5.88
-3.68 1.41 -5.88
-4.11 2.7 -4.69
-4.88 2.29 -3.5
-5.24 2.62 -3.26
-5.48 3.77 -3.1
-5.56 5.14 -3.16
-5.48 7.72 -3.94
-5.33 9.32 -4.17
-5.21 10.33 -4.73
-5.15 6.85 -4.97
-5.24 5.03 -4.69
-5.24 4.41 -4.67
-5.12 3.33 -4.64
-4.82 1.73 -4.17
-4.98 2.59 -2.4
-5.13 3.66 0.33
-5.2 4.37 2.61
-5.22 6.52 4.91
-5.01 7.54 5.33
-4.73 8.48 4.96
-3.81 11.14 1.24
-3.69 11.23 1.41
-3.85 11.05 2.52
-4.5 8.61 5.52
-4.8 7.28 6.3
-4.98 9.74 8.24
-4.66 10.9 5.85
-4.36 12.05 3.83
-4.27 13.03 3.77
-4.54 13.37 6.37
-4.7 11.1 7.48
-4.6 9.23 4.5
-4.4 8.42 2.14
-4.14 7.82 0.21
-3.85 7.76 -0.96
-3.57 7.16 -0.43
-3.59 6.84 0.2
-3.75 6.58 1.11
-3.7 6.68 0.86
-3.68 6.48 0.64
-3.7 6.23 0.47
-3.75 5.58 0.34
-3.76 5.5 0.21
-3.83 5.2 0.02
-3.91 4.77 -0.32
-3.95 4.79 -0.48
-4 4.65 -0.53
-4.06 4.72 -0.47
-4.02 5.68 -0.41
-4.02 5.99 -0.64
-3.9 5.89 -1.31
-3.74 4.48 -2.21
-3.73 4.05 -2.16
-3.74 4.04 -1.96
-3.78 3.89 -1.81
-3.81 3.9 -1.34
-3.86 4.03 -1.01
-3.88 4.11 -0.66
-3.86 4.42 -0.49
-3.88 4.65 -0.45
-3.83 4.99 -0.52
-3.8 5.5 -0.78
-3.8 6.04 -1.2
-3.87 5.69 -1.25
-3.88 5.32 -1.28
-3.9 5.41 -1.73
-3.86 5.53 -1.92
-3.84 5.61 -1.94
-3.82 5.59 -1.73
-3.81 5.88 -1.24
-3.75 6.05 -1.19
-3.71 5.74 -1.18
-3.7 5.51 -0.89
-3.72 5.64 -0.65
-3.72 5.5 -0.4
-3.74 5.44 -0.29
-3.77 5.9 -0.46
-3.81 6.09 -0.63
-3.81 6.21 -0.79
-3.85 7.12 -0.61
-3.92 7.46 -0.3
-3.97 7.4 -0.08
-4.02 7.08 -0.01
