0 0 0 0
0 0 0 0
0 0 0 0
0 0 0 0
0 0 0 0
1 -0.0044555664 0.0008544922 -0.00024414062
1 -0.004699707 0.0008544922 -0.00030517578
1 -0.005432129 0.0009765625 -0.00024414062
1 -0.006164551 0.001159668 -0.00012207031
1 -0.006958008 0.0013427734 0.000061035156
1 -0.0076904297 0.0015258789 0.00024414062
0.99993896 -0.008300781 0.0016479492 0.0004272461
0.99993896 -0.008850098 0.0017700195 0.00048828125
0.99993896 -0.009399414 0.0018310547 0.00048828125
0.99993896 -0.010131836 0.001953125 0.00048828125
0.99993896 -0.010925293 0.0020141602 0.00048828125
0.99993896 -0.0115356445 0.001953125 0.0004272461
0.99993896 -0.0115356445 0.0014648438 0.00036621094
0.99993896 -0.010864258 0.00061035156 0.00024414062
0.99993896 -0.00982666 -0.0007324219 0.00012207031
0.99993896 -0.0072631836 -0.00390625 0.00012207031
0.99993896 -0.006225586 -0.0053710938 0.00012207031
0.99993896 -0.0056762695 -0.006591797 0.00024414062
0.99993896 -0.0057373047 -0.007507324 0.0004272461
0.99993896 -0.006225586 -0.008178711 0.0006713867
0.99993896 -0.006591797 -0.008728027 0.0009765625
0.99993896 -0.006958008 -0.009155273 0.001159668
0.99993896 -0.007507324 -0.0095825195 0.001159668
0.99993896 -0.0079956055 -0.00982666 0.00091552734
0.99993896 -0.008666992 -0.0099487305 0.0006713867
0.9998779 -0.009521484 -0.009887695 0.00036621094
0.9998779 -0.010437012 -0.009765625 0.00012207031
0.9998779 -0.010986328 -0.009521484 -0.00018310547
0.9998779 -0.011169434 -0.009155273 -0.0004272461
0.9998779 -0.011352539 -0.008544922 -0.0007324219
0.9998779 -0.011962891 -0.0076293945 -0.0013427734
0.9998779 -0.012573242 -0.0063476562 -0.0020751953
0.9998779 -0.013977051 -0.004760742 -0.003112793
0.9998779 -0.015258789 -0.0030517578 -0.004211426
0.9998779 -0.016235352 -0.001159668 -0.0053100586
0.9998169 -0.01739502 0.00079345703 -0.0064086914
0.9998169 -0.018554688 0.002746582 -0.0076293945
0.99975586 -0.020568848 0.0048828125 -0.009216309
0.9996338 -0.023742676 0.0071411133 -0.011047363
0.9994507 -0.028808594 0.009521484 -0.012939453
0.99920654 -0.03564453 0.011779785 -0.014770508
0.99884033 -0.04345703 0.013366699 -0.016113281
0.9984131 -0.0513916 0.013916016 -0.016967773
0.9980469 -0.05834961 0.012939453 -0.017333984
0.9977417 -0.063964844 0.010437012 -0.01751709
0.99749756 -0.068481445 0.0064697266 -0.01751709
0.9971924 -0.07269287 0.0012817383 -0.017578125
0.9968872 -0.07659912 -0.005004883 -0.01763916
0.99658203 -0.080078125 -0.012268066 -0.017578125
0.9962158 -0.08300781 -0.020629883 -0.017333984
0.99572754 -0.08581543 -0.029846191 -0.016967773
0.9951172 -0.08856201 -0.039794922 -0.016113281
0.9944458 -0.09112549 -0.050231934 -0.014770508
0.99365234 -0.093933105 -0.060913086 -0.013000488
0.9925537 -0.097717285 -0.07147217 -0.011291504
0.991333 -0.10247803 -0.08190918 -0.0095825195
0.98986816 -0.10748291 -0.09240723 -0.0079956055
0.98828125 -0.11236572 -0.103271484 -0.0063476562
0.98651123 -0.11669922 -0.11450195 -0.0043945312
0.9846802 -0.12054443 -0.1260376 -0.0021972656
0.982605 -0.124816895 -0.1375122 0.000061035156
0.9803467 -0.12908936 -0.14916992 0.0025634766
0.9779053 -0.13305664 -0.16101074 0.0053710938
0.97528076 -0.13708496 -0.17303467 0.008300781
0.97247314 -0.14093018 -0.1852417 0.011230469
0.96972656 -0.1430664 -0.19750977 0.014465332
0.96710205 -0.14318848 -0.20953369 0.017944336
0.96466064 -0.14172363 -0.22094727 0.021484375
0.9623413 -0.1404419 -0.23144531 0.024291992
0.95996094 -0.14038086 -0.24090576 0.026000977
0.9577637 -0.14031982 -0.24957275 0.02722168
0.95562744 -0.14031982 -0.25738525 0.028259277
0.9536743 -0.14056396 -0.26452637 0.028930664
0.9517212 -0.14129639 -0.27093506 0.029296875
0.94989014 -0.14221191 -0.27685547 0.029418945
0.94818115 -0.14239502 -0.2824707 0.029541016
0.9467163 -0.1418457 -0.28771973 0.029418945
0.94555664 -0.1404419 -0.29223633 0.029174805
0.9447632 -0.1381836 -0.29577637 0.028808594
0.944397 -0.1359253 -0.29815674 0.027954102
0.9442749 -0.13452148 -0.29937744 0.026123047
0.944397 -0.13372803 -0.2994995 0.023498535
0.9448242 -0.13305664 -0.29864502 0.020446777
0.94555664 -0.13238525 -0.29681396 0.016906738
0.94659424 -0.1315918 -0.29406738 0.012756348
0.947876 -0.13092041 -0.29034424 0.0076904297
0.9493408 -0.1303711 -0.2859497 0.0010986328
0.95092773 -0.12927246 -0.2810669 -0.0068359375
0.95269775 -0.12701416 -0.27575684 -0.015380859
0.9546509 -0.123168945 -0.2699585 -0.02355957
0.95684814 -0.11810303 -0.26361084 -0.030944824
0.95910645 -0.113098145 -0.25671387 -0.037963867
0.96136475 -0.10827637 -0.24920654 -0.04449463
0.9636841 -0.1026001 -0.24139404 -0.05029297
0.9660034 -0.09637451 -0.23327637 -0.055725098
0.9682617 -0.09106445 -0.22454834 -0.061340332
0.9703369 -0.08758545 -0.21496582 -0.06738281
0.972229 -0.085754395 -0.20471191 -0.073791504
0.973938 -0.08428955 -0.19451904 -0.0803833
0.9755249 -0.08105469 -0.18493652 -0.08685303
0.9769287 -0.07672119 -0.17584229 -0.093688965
0.9781494 -0.07232666 -0.16668701 -0.101135254
0.97906494 -0.06890869 -0.1572876 -0.10925293
0.9798584 -0.06585693 -0.14752197 -0.11743164
0.9805908 -0.062438965 -0.13763428 -0.12512207
0.9810791 -0.05987549 -0.12762451 -0.13256836
0.9814453 -0.0579834 -0.11798096 -0.13970947
0.98150635 -0.056640625 -0.108947754 -0.14666748
0.98132324 -0.056762695 -0.1005249 -0.15374756
0.98065186 -0.053344727 -0.08758545 -0.16656494
0.98028564 -0.051696777 -0.081848145 -0.17230225
0.9798584 -0.05053711 -0.07672119 -0.17730713
0.9793701 -0.050842285 -0.07220459 -0.18182373
0.97875977 -0.0524292 -0.06842041 -0.18597412
0.9782715 -0.053588867 -0.065979004 -0.18927002
0.97784424 -0.053833008 -0.06512451 -0.19140625
0.9776001 -0.053710938 -0.066101074 -0.19244385
0.97698975 -0.057922363 -0.07165527 -0.19226074
0.97662354 -0.061767578 -0.076171875 -0.19128418
0.9761963 -0.06561279 -0.081970215 -0.18969727
0.97576904 -0.06903076 -0.08880615 -0.18756104
0.9753418 -0.071777344 -0.09661865 -0.18499756
0.9748535 -0.07366943 -0.105285645 -0.1819458
0.97424316 -0.07556152 -0.114746094 -0.17883301
0.9733887 -0.07788086 -0.12487793 -0.17572021
0.97106934 -0.08477783 -0.14611816 -0.16894531
0.96954346 -0.08996582 -0.15679932 -0.16522217
0.96777344 -0.09674072 -0.1671753 -0.16149902
0.9656372 -0.10534668 -0.17730713 -0.15814209
0.96313477 -0.115234375 -0.1873169 -0.1550293
0.96014404 -0.12628174 -0.19726562 -0.15240479
0.95684814 -0.13781738 -0.20721436 -0.14996338
0.9536133 -0.14758301 -0.21734619 -0.14685059
0.9482422 -0.15625 -0.23968506 -0.13793945
0.94537354 -0.15911865 -0.25091553 -0.1340332
0.94244385 -0.16235352 -0.2614746 -0.13085938
0.93933105 -0.16619873 -0.27124023 -0.128479
0.9360962 -0.17102051 -0.28015137 -0.12664795
0.9326172 -0.17700195 -0.28845215 -0.12524414
0.9289551 -0.184021 -0.29644775 -0.1239624
0.9220581 -0.19451904 -0.31280518 -0.11883545
0.9189453 -0.19848633 -0.32055664 -0.11566162
0.9157715 -0.20355225 -0.3272705 -0.11340332
0.91241455 -0.20935059 -0.33325195 -0.11218262
0.9067993 -0.2166748 -0.3447876 -0.10900879
0.9048462 -0.21740723 -0.35021973 -0.10662842
0.9031372 -0.2175293 -0.35498047 -0.10479736
0.90185547 -0.21691895 -0.35906982 -0.103515625
0.90093994 -0.2154541 -0.36242676 -0.10296631
0.90026855 -0.21380615 -0.36480713 -0.103393555
0.8998413 -0.21221924 -0.36639404 -0.10479736
0.89971924 -0.21044922 -0.36712646 -0.10681152
0.9001465 -0.20666504 -0.36621094 -0.11340332
0.9005127 -0.20458984 -0.36505127 -0.11834717
0.901062 -0.20178223 -0.36346436 -0.12384033
0.9017334 -0.19873047 -0.3612671 -0.1296997
0.9025879 -0.19592285 -0.35839844 -0.13604736
0.9038086 -0.19213867 -0.35498047 -0.14221191
0.9053345 -0.18695068 -0.35144043 -0.14801025
0.9071045 -0.18054199 -0.34777832 -0.15374756
0.90893555 -0.17333984 -0.34405518 -0.15948486
0.91082764 -0.16558838 -0.34020996 -0.16497803
0.9127197 -0.1583252 -0.3359375 -0.17034912
0.9145508 -0.15222168 -0.33099365 -0.17572021
0.91656494 -0.14654541 -0.32537842 -0.18029785
0.9187622 -0.14141846 -0.31903076 -0.18457031
0.9208374 -0.1375122 -0.31195068 -0.18939209
0.9227905 -0.13378906 -0.30438232 -0.19458008
0.9248657 -0.1293335 -0.2965088 -0.2000122
0.92681885 -0.124694824 -0.28790283 -0.20635986
0.92852783 -0.12054443 -0.27856445 -0.21380615
0.9300537 -0.1159668 -0.26922607 -0.22143555
0.932312 -0.10412598 -0.2532959 -0.23620605
0.932312 -0.10412598 -0.2532959 -0.23620605
0.9329834 -0.09387207 -0.24090576 -0.25042725
0.9328613 -0.0904541 -0.23535156 -0.25720215
0.93273926 -0.08856201 -0.22924805 -0.26379395
0.9326172 -0.087890625 -0.22247314 -0.2701416
0.9326782 -0.08538818 -0.20947266 -0.28082275
0.93255615 -0.083618164 -0.20397949 -0.2859497
0.932312 -0.08081055 -0.19934082 -0.29071045
0.9320679 -0.07647705 -0.1963501 -0.29473877
0.93170166 -0.07196045 -0.19421387 -0.29840088
0.9312744 -0.06933594 -0.19152832 -0.30200195
0.9310303 -0.06689453 -0.18572998 -0.30700684
0.93115234 -0.06549072 -0.18408203 -0.30786133
0.93133545 -0.06402588 -0.18359375 -0.30792236
0.9314575 -0.062316895 -0.18414307 -0.30749512
0.9316406 -0.060668945 -0.1850586 -0.30682373
0.9319458 -0.059387207 -0.18554688 -0.30578613
0.93218994 -0.059753418 -0.18487549 -0.3053589
0.9324951 -0.06048584 -0.18383789 -0.30493164
0.9328003 -0.06121826 -0.1828003 -0.30444336
0.93310547 -0.06188965 -0.18206787 -0.303833
0.93341064 -0.06237793 -0.18164062 -0.30303955
0.9337158 -0.06317139 -0.18121338 -0.30218506
0.934021 -0.06414795 -0.18084717 -0.3012085
0.9343262 -0.06530762 -0.18054199 -0.30029297
0.9345703 -0.06640625 -0.18029785 -0.29937744
0.9348755 -0.06713867 -0.18035889 -0.29833984
0.9351196 -0.06781006 -0.18041992 -0.29736328
0.93530273 -0.06842041 -0.18066406 -0.29644775
0.93548584 -0.06903076 -0.18084717 -0.2956543
0.9355469 -0.070007324 -0.18109131 -0.29504395
0.9356079 -0.07110596 -0.18133545 -0.2944336
0.93573 -0.07196045 -0.18188477 -0.2935791
0.9359131 -0.072509766 -0.18243408 -0.29241943
0.9361572 -0.07336426 -0.18261719 -0.2913208
0.93634033 -0.07446289 -0.18249512 -0.29052734
0.93652344 -0.07556152 -0.18225098 -0.289917
0.9366455 -0.076416016 -0.1819458 -0.2894287
0.93670654 -0.07745361 -0.18145752 -0.2892456
0.93670654 -0.078552246 -0.1809082 -0.28930664
0.9366455 -0.0793457 -0.18054199 -0.2894287
0.9365845 -0.079956055 -0.18035889 -0.28961182
0.9364624 -0.080566406 -0.18029785 -0.289917
0.9362793 -0.08105469 -0.18029785 -0.2902832
0.9361572 -0.08166504 -0.18035889 -0.29058838
0.9359741 -0.082458496 -0.18029785 -0.29083252
0.9359131 -0.08331299 -0.18023682 -0.29101562
0.935791 -0.08392334 -0.18017578 -0.2911377
0.93573 -0.084472656 -0.18011475 -0.2913208
0.9356079 -0.08520508 -0.17993164 -0.29162598
0.93548584 -0.085998535 -0.1795044 -0.2919922
0.93536377 -0.08709717 -0.17889404 -0.29241943
0.9352417 -0.0881958 -0.17828369 -0.2929077
0.9351196 -0.08917236 -0.17767334 -0.29333496
0.9350586 -0.090026855 -0.17700195 -0.29370117
0.9348755 -0.09118652 -0.17633057 -0.2942505
0.9346924 -0.0925293 -0.17559814 -0.29486084
0.93444824 -0.093811035 -0.17492676 -0.29559326
0.9342041 -0.09490967 -0.17449951 -0.29632568
0.9338989 -0.095947266 -0.17419434 -0.29711914
0.9336548 -0.09649658 -0.17401123 -0.29779053
0.93341064 -0.09698486 -0.17388916 -0.29852295
0.9331665 -0.09777832 -0.17358398 -0.29925537
0.93292236 -0.09857178 -0.17327881 -0.2998047
0.9328003 -0.099243164 -0.17303467 -0.30004883
