0 0 0
0 0 0
0 0 0
0 0 0
0 0 0
0 0 0
359.9375 -0.125 -0.75
359.9375 -0.0625 -0.8125
359.9375 0 -0.875
359.9375 0 -0.9375
359.9375 -0.0625 -1.0625
359.9375 -0.0625 -1.1875
359.9375 -0.0625 -1.3125
359.9375 -0.0625 -1.4375
359.9375 -0.0625 -1.5
359.9375 -0.0625 -1.6875
359.9375 0 -1.75
359.9375 0 -1.75
359.9375 0 -1.8125
359.9375 0 -1.8125
359.9375 0 -2
359.9375 0 -2
359.875 0 -2.1875
359.875 0 -2.25
359.875 -0.0625 -2.3125
359.875 -0.0625 -2.3125
359.875 -0.125 -2.5
359.875 -0.125 -2.5
359.875 -0.1875 -2.6875
359.875 -0.1875 -2.6875
359.9375 -0.1875 -2.875
359.875 -0.1875 -2.9375
359.875 -0.1875 -3.0625
359.875 -0.1875 -3.0625
359.75 -0.1875 -3.25
359.75 -0.1875 -3.25
359.6875 -0.1875 -3.5625
359.6875 -0.1875 -3.5625
359.625 -0.125 -3.625
359.5625 -0.0625 -3.75
359.4375 0.3125 -3.9375
359.375 0.5625 -4.0625
359.375 0.5625 -4.0625
359.3125 1.3125 -4.25
359.3125 1.3125 -4.25
359.25 1.8125 -4.375
359.1875 2.25 -4.4375
359.1875 3.25 -4.625
359.1875 3.25 -4.625
359.25 3.8125 -4.8125
359.375 4.375 -4.9375
359.6875 5.5625 -4.8125
359.6875 5.5625 -4.8125
0.1875 6.6875 -4.5625
0.1875 6.6875 -4.5625
0.5625 7.25 -4.4375
0.9375 7.75 -4.25
1.75 8.5625 -4
1.75 8.5625 -4
2.625 9.125 -3.8125
2.625 9.125 -3.8125
3.6875 9.5625 -3.6875
3.6875 9.5625 -3.6875
4.375 9.75 -3.5625
5.125 9.875 -3.3125
6 9.9375 -3
6.8125 9.9375 -2.5625
8.5 9.625 -1.9375
8.5 9.625 -1.9375
9.375 9.375 -1.8125
10.25 9.0625 -1.8125
11.75 8.375 -1.625
12.375 8 -1.5
12.375 8 -1.5
12.9375 7.6875 -1.5
13.9375 7 -1.375
13.9375 7 -1.375
14.75 6.25 -1.125
14.75 6.25 -1.125
15.1875 5.8125 -0.9375
16 4.8125 -0.8125
16.3125 4.1875 -0.8125
16.625 3.5 -0.75
16.625 3.5 -0.75
16.9375 2.75 -0.6875
17.4375 1.125 -0.9375
17.4375 1.125 -0.9375
17.75 0.375 -1
18.1875 -1.0625 -1.1875
18.1875 -1.0625 -1.1875
18.3125 -1.8125 -1.125
18.375 -2.5625 -1.125
18.4375 -3.3125 -1.1875
18.375 -5 -1.25
18.375 -5 -1.25
18.1875 -5.9375 -1.375
17.5625 -7.6875 -1.3125
17.1875 -8.4375 -1.125
16.75 -9.0625 -0.75
16.75 -9.0625 -0.75
16.3125 -9.75 -0.375
15.875 -10.4375 -0.1875
15.4375 -11.125 0
14.9375 -11.9375 0.25
14.4375 -12.6875 0.5
13.875 -13.5 0.8125
12.5625 -15.0625 1.0625
11.9375 -15.8125 1.25
11.25 -16.5 1.4375
10.5 -17.1875 1.6875
9.6875 -17.875 1.8125
8.8125 -18.5625 2.0625
7.9375 -19.25 2.25
7 -19.9375 2.375
5.0625 -21.4375 2.6875
5.0625 -21.4375 2.6875
4.0625 -22.1875 2.6875
3 -22.875 2.6875
1.9375 -23.5 2.75
0.9375 -24.0625 2.875
359.9375 -24.5 3
357.875 -25.25 3.4375
356.75 -25.5625 3.6875
355.625 -25.875 3.8125
355.625 -25.875 3.8125
353.4375 -26.1875 3.9375
353.4375 -26.1875 3.9375
351.5 -26.125 4.4375
350.5625 -26 4.75
349.6875 -25.875 5
349.6875 -25.875 5
347.9375 -25.4375 5.4375
347.9375 -25.4375 5.4375
347.125 -25.125 5.625
346.25 -24.75 5.8125
345.375 -24.375 6
344.5 -23.9375 6.3125
342.9375 -23 6.75
342.9375 -23 6.75
341.6875 -21.9375 7
341.125 -21.3125 7.25
340.5 -20.625 7.5
340.5 -20.625 7.5
339.875 -20 7.6875
339.25 -19.3125 7.875
338 -18.0625 7.875
337.4375 -17.5 7.75
336.875 -16.875 7.5625
336.3125 -16.25 7.3125
335.8125 -15.6875 7.0625
335.3125 -15.0625 6.875
334.8125 -14.4375 6.625
334.4375 -13.875 6.375
334.125 -13.25 6.125
333.8125 -12.625 5.75
333.5625 -12.0625 5.3125
333.3125 -11.4375 4.9375
333.125 -10.875 4.5625
333.0625 -10.25 4.1875
333.125 -9.75 3.8125
333.3125 -9.1875 3.4375
333.5 -8.625 3.0625
333.625 -8 2.75
333.8125 -7.375 2.375
334 -6.75 2
334.1875 -6.125 1.5625
334.4375 -5.5 1.125
335.0625 -4.0625 0.75
335.0625 -4.0625 0.75
335.375 -3.375 0.625
335.75 -2.6875 0.5625
336.0625 -2 0.5625
336.5 -1.3125 0.375
336.9375 -0.6875 0.125
337.375 -0.0625 0
337.8125 0.5625 -0.125
338.25 1.1875 -0.25
338.6875 1.8125 -0.4375
339.0625 2.375 -0.6875
339.5625 3 -1.0625
340 3.625 -1.1875
340.9375 4.8125 -1.4375
341.375 5.3125 -1.6875
341.8125 5.75 -2
342.1875 6.125 -2.375
342.625 6.5 -2.6875
343.0625 6.9375 -2.9375
343.5 7.3125 -3.1875
344 7.75 -3.375
344.4375 8.1875 -3.5625
344.875 8.5 -3.8125
345.4375 8.8125 -4.125
345.9375 9.125 -4.375
346.375 9.375 -4.4375
346.875 9.625 -4.5625
347.3125 9.75 -4.75
347.8125 9.875 -5.0625
348.3125 9.9375 -5.375
349.25 10 -5.875
349.6875 10 -6.125
350.125 10.0625 -6.25
350.4375 10.125 -6.1875
350.8125 10.1875 -6.25
351.1875 10.3125 -6.3125
351.5 10.375 -6.1875
351.875 10.4375 -6
352.1875 10.5 -5.8125
352.5 10.5625 -5.625
352.8125 10.5625 -5.4375
353 10.625 -5.1875
353.25 10.625 -5.0625
353.5 10.5625 -4.9375
353.6875 10.5625 -4.8125
353.875 10.625 -4.6875
354 10.5625 -4.625
354.125 10.5625 -4.625
354.25 10.5 -4.6875
354.375 10.4375 -4.75
354.4375 10.3125 -4.875
354.5625 10.25 -5
354.625 10.1875 -5.125
354.625 10 -5.375
354.5625 9.875 -5.5625
354.5625 9.75 -5.75
354.5625 9.75 -5.75
354.5625 9.6875 -5.875
354.5625 9.625 -5.875
354.5625 9.625 -5.9375
354.5625 9.625 -6
354.5 9.625 -6
354.5 9.625 -5.9375
354.5 9.5 -5.9375
354.5 9.375 -5.9375
354.5 9.25 -5.9375
354.5625 9.0625 -6.0625
354.5625 9.0625 -6.0625
354.625 8.875 -6.25
354.6875 8.5625 -6.5
354.6875 8.375 -6.625
354.6875 8.1875 -6.6875
354.625 8 -6.75
354.5625 7.875 -6.75
354.5 7.75 -6.75
354.375 7.75 -6.625
354.3125 7.6875 -6.5
354.1875 7.625 -6.4375
354.125 7.5625 -6.4375
354.0625 7.4375 -6.4375
354 7.3125 -6.5
353.9375 7.1875 -6.6875
353.9375 7.0625 -6.875
353.9375 6.9375 -7
353.875 6.625 -7.375
357.6875 14.8125 45
357.6875 14.8125 45
357.625 14.6875 44.8125
357.5 14.5 44.4375
357.4375 14.4375 44.25
357.4375 14.4375 44.25
357.375 14.375 44.125
357.25 14.3125 44
357.1875 14.3125 43.875
357.0625 14.3125 43.8125
356.9375 14.3125 43.75
356.8125 14.25 43.6875
356.6875 14.25 43.5625
356.625 14.1875 43.375
356.5625 14.125 43.25
356.4375 14 43.125
356.375 13.9375 42.9375
356.25 13.875 42.8125
356.125 13.8125 42.75
356 13.8125 42.6875
355.9375 13.75 42.5625
355.875 13.625 42.4375
355.6875 13.5 42.1875
355.6875 13.5 42.1875
355.5625 13.4375 42.0625
355.4375 13.3125 41.875
355.375 13.25 41.6875
355.1875 13.0625 41.3125
355.125 12.9375 41.1875
355.0625 12.875 41
