0 0 0
-9.8125 2.125 1.375
-12.875 5.125 1.875
-13.3125 4.5 0.1875
-14.125 2.75 -1.4375
-8.625 -2.1875 -1.375
-5.3125 -3.5625 -0.5625
-4.0625 -3.4375 0.125
-5.5 -1.75 0.5
-8.5625 0.375 0.3125
-11.0625 1.75 0
-12.1875 1.8125 -0.0625
-11.25 1 -0.0625
-10.9375 -0.375 0.1875
-9.5 -1.375 0.375
-7.6875 -2.5625 0.125
-5.625 -3.4375 -0.3125
-4.75 -2.5625 -0.4375
-4.8125 -1.4375 0.3125
-7.8125 0.0625 1
-9.8125 0.9375 1.75
-9.375 1.4375 2.1875
-8.1875 0.875 1.75
-6.5 0.6875 1.5625
-7.3125 1.0625 1.125
-8.6875 2.75 1.125
-10.6875 4.3125 0.125
-11.75 4.8125 -1.25
-10.25 3.5625 -2.125
-9.375 1.5625 -1.75
-8.75 -0.3125 -0.125
-8.1875 -1.5 2
-7.8125 -1.25 3.75
-10.3125 -0.1875 4.5
-12.4375 0.875 4.4375
-14.8125 1.3125 4.1875
-13.6875 -1.0625 4.75
-10.75 -5.5 5.6875
-10.125 -11.375 6.0625
-8.625 -17.6875 5.8125
-12.0625 -23.1875 5.1875
-16.0625 -29.0625 4.3125
-9.5625 -37 4.1875
-7.4375 -43.4375 3.75
-10.8125 -47.5625 3.625
-4.375 -49.875 4.6875
-6.25 -50.25 2.0625
-14.4375 -51.6875 -4.25
-20.0625 -53.875 -10.3125
-13.4375 -58.4375 -15.0625
1.5625 -61.4375 -17.3125
10.125 -60.375 -19.8125
11.5625 -57.75 -25.3125
8.125 -54.8125 -33.0625
8.9375 -52.75 -39.8125
10.5625 -48.8125 -43.6875
9.75 -42.9375 -45.125
4.8125 -35.5 -45
2.1875 -29.125 -44.6875
1.5625 -24.3125 -46.1875
-1.375 -19.5 -51
-3.25 -17 -60.5625
4.9375 -14.4375 -70.25
8 -9.125 -80.375
18.5 -2.75 -86.8125
28.4375 5.375 -87.6875
21.75 14.9375 -88.4375
12.625 23.625 -88.9375
-3.8125 31.9375 -89.75
-8.875 36.1875 -88.0625
-2.0625 37.125 -81.75
-2.1875 37.5 -74
-2.25 38 -64.875
-6.375 37.625 -57.9375
-3.9375 37.3125 -51.1875
4.5 36.9375 -45.75
9.0625 37.25 -44.0625
8.625 39.4375 -44.0625
9.6875 43 -43.1875
8.125 49.5 -41.5625
0.375 57.8125 -39.75
-0.5625 66 -36
1.125 72.9375 -31.6875
2.3125 77.9375 -28.3125
-7.1875 81.75 -27.6875
-15.0625 82.5625 -27.375
-9.375 80.8125 -25.25
-6.875 78.875 -23.5625
-12.625 77.375 -20.75
5.625 76.5625 -12.875
0.3125 77.25 -7.9375
-2.9375 79.8125 -5
-2.375 84.4375 -0.1875
-8.75 90.375 6.625
-9.75 94.1875 18.125
-2.875 92 29.3125
2.875 85.375 37.4375
12 77.125 44.0625
26.625 67.0625 48
31.875 66.4375 49.5
13.8125 70.75 46.375
18.5625 74.8125 46.4375
12.625 78.5 48.8125
15.5625 80.9375 55.625
13.1875 82.6875 61.875
3.375 83 63.75
-5.25 81.75 64.1875
-5.0625 78.25 66.8125
-0.5625 74.375 71.5
-7.75 72.5625 81.1875
-7.875 73.875 86.625
-12.75 76.3125 89.25
-18.75 77.8125 89.5
-18.875 78.625 91.6875
-23.875 79.875 94.75
-34.8125 80.875 97.125
-43.5625 78.8125 98.8125
-40.9375 70.4375 97.9375
-32 60.9375 97.3125
-28.875 53.375 97.1875
-26.5 46 97.9375
-21.125 41.5 103
-28.9375 39.5625 106.5625
-40.0625 35.875 106.625
-46.75 29.8125 103.75
-43.3125 19.75 99.0625
-28.4375 8.6875 96
-13.75 0.375 94.625
-8.625 -5.9375 91.1875
-13.8125 -10 87.8125
-20.25 -12 87.0625
-20 -17.625 86.4375
-17.25 -23.5 85.25
-20.0625 -28.125 85.5625
-16.9375 -32.4375 88.625
-8.5 -34.875 91.25
-6.625 -37.4375 85.625
-13.125 -39.9375 74.9375
-13.75 -44.3125 66.0625
-9.875 -51.0625 62
-0.0625 -56.875 64.3125
3.4375 -59.75 68.1875
0.875 -59.8125 69.125
-5.25 -58.5625 67.125
-12.6875 -56.5 64.9375
-19.375 -55.5 61.6875
-29.1875 -56 58.8125
-35.5625 -55.875 57.4375
-41.375 -55.1875 54.6875
-40.3125 -55.3125 52.6875
-32.3125 -56.375 50.4375
-33.1875 -57.4375 45.9375
-33.9375 -59.1875 40.0625
-35.1875 -59.375 34.0625
-43.4375 -59.1875 28.625
-42.1875 -60.125 24.3125
-40.375 -60.375 15.5
-40.8125 -58.75 3.1875
-39.125 -56.25 -7.5
-35.375 -57.9375 -16.875
-31.625 -60.875 -20.5625
-31.5 -62.6875 -19.1875
-32.0625 -64.5 -17.1875
-38.4375 -65.1875 -18.75
-45.0625 -65.5625 -22.625
-39.25 -68.625 -27.25
-22.4375 -72.3125 -30.25
-12.125 -74.0625 -32.9375
-9.9375 -73.9375 -35.25
-2.5 -72.3125 -33.6875
-2.375 -70.5 -35.125
-14.1875 -69.0625 -41.75
-24 -67.8125 -47.4375
-22.25 -66.5625 -47.6875
-14.6875 -65.4375 -45.375
-13.9375 -64.8125 -44.0625
-18.8125 -63.125 -41.75
-29.75 -61.6875 -43.6875
-34.8125 -62.3125 -48.5
-19.25 -64.125 -47.1875
-9.375 -63.0625 -45.625
-20.3125 -57.9375 -46.625
-32.1875 -50.8125 -46.3125
-34.8125 -43.6875 -43.375
-41.75 -38.0625 -42.125
-38.875 -37.1875 -41.8125
-32.375 -38.125 -42.0625
-29.9375 -40.5625 -45.625
-25.6875 -41.8125 -47.875
-24.3125 -38.5 -46.5
-33.5 -33.0625 -48.0625
-39 -28.8125 -50.875
-19.9375 -24.3125 -48.625
-18.5 -19.4375 -46.625
-26.8125 -12.1875 -45.4375
-39.3125 -5.6875 -47.5
-38.8125 -1.625 -47.75
-34.625 0.75 -46.875
-36.9375 2.625 -45.5
-31.625 1.25 -43.25
-17.375 -2.4375 -39.25
-5.0625 -4.1875 -35.5625
-10.75 -3.375 -36.1875
-9 -3.0625 -36.8125
6.1875 -4.25 -36.1875
12.75 -4.0625 -36.125
10.625 -2.25 -36.125
16.25 -0.8125 -30.1875
18.25 0.75 -26.8125
10.9375 2.25 -25.5
10.5625 2.3125 -23.625
9 1.875 -22.0625
7.125 1.3125 -19.3125
3.25 1.75 -16.0625
-2.75 3.75 -12.375
-6.6875 6.625 -9.5
-11.3125 9.3125 -8.875
-14.3125 10.1875 -9.75
-14.75 9.125 -8.6875
-12.9375 8.3125 -4.4375
-13.1875 8.9375 1
-13.125 10.6875 5.375
-17.3125 12.25 5.3125
-18.75 10.6875 2.1875
-10.25 7.4375 1.4375
-4.6875 3.5 0.8125
-3.0625 0.8125 0.6875
-7.6875 0.375 0.875
1.8125 0.1875 2.0625
8.6875 1.6875 2.25
1.3125 5.125 1
-2.8125 8.375 -0.0625
-2 11.5 0.875
-2.3125 14.125 0.8125
-12.1875 16.875 -1.75
-20.5 18.375 -3.9375
-15.1875 18.25 -3.375
-10.3125 18.3125 -1.1875
-10.5625 19.125 1.375
-10.4375 19.3125 4.375
-4.6875 17.5 7
-1.1875 13.5 7.75
3.25 8.625 7.6875
11.1875 3.9375 7.625
14.5625 3 8.5625
7.625 5.375 8.8125
0.3125 9.8125 8.1875
-7.8125 12.125 7.3125
-14.3125 13.0625 5.4375
-18.6875 13.375 4.375
-16.875 12.875 4.6875
-15.1875 13.25 5.0625
-18.375 15.125 4.6875
-16.125 16.375 4.3125
-16.625 16.625 3.1875
-18.375 16.75 1.8125
-17.5 16.4375 1.875
-14 14.8125 3.25
-12.3125 13.0625 4.625
-9.625 11.4375 6.6875
-7 10.25 8.3125
-3.3125 9.1875 9.0625
-2.6875 9.1875 8.75
-6.125 10.5625 7.9375
-8.1875 12.125 6.8125
-11.3125 13.125 4.9375
-10.6875 14.6875 5.0625
-11.8125 16.3125 5.3125
-12 16.4375 5.75
-9.9375 15.5 6.6875
-6.625 13.8125 7.3125
-3.6875 12.5625 6.375
-5.625 12.125 4.375
-9.375 13.3125 3.8125
-8.125 15.0625 5.25
-9.6875 16.25 5.875
-11.125 16.75 5.9375
-13.4375 17.5625 6.0625
-16.9375 17.9375 4.8125
-16.5625 17.375 4.25
-14.625 16.1875 4.125
-13.375 15 3.875
-14.6875 13.625 3.9375
