0 0 0
0 0 0
0 0 0
0 0 0
0 0 0
0 0 0
0.99 5.41 -1.5
1.06 5.3 -2.45
1.06 5.2 -2.55
1.04 5.12 -2.37
1.02 5.16 -2.12
1 5.33 -1.57
0.94 5.33 -1.2
0.94 5.31 -1.28
0.93 5.14 -1.33
0.93 5.09 -1.58
0.97 5.2 -1.91
1.06 5.66 -2.5
1.08 5.7 -2.57
1.03 5.66 -2.4
1.04 5.4 -1.97
1.01 5.25 -1.87
1.06 5.24 -1.95
1.09 5.27 -2.12
1.1 5.42 -2.45
1.06 5.32 -2.37
1.01 5.19 -2.06
0.95 5.59 -1.12
0.93 6.02 -0.83
0.97 6.48 -0.81
0.99 6.64 -0.97
1.03 6.58 -1.58
1.06 6.3 -1.75
1.01 6.01 -1.56
0.96 5.9 -0.6
0.9 5.97 0.24
0.86 6.01 0.95
0.81 5.72 1.51
0.73 5.22 1.9
0.7 5.05 1.87
0.63 4.93 2.09
0.48 4.66 2.42
0.48 4.5 1.81
0.47 4.49 1.26
0.44 4.48 0.57
0.41 2.6 -0.61
0.29 1.78 -0.49
0.17 1.6 -0.28
-0.11 2.1 0.13
-0.18 2.49 -0.82
-0.31 2.23 -2.12
-0.44 1.6 -3.11
-0.66 0.78 -3.74
-0.72 1.28 -3.96
-0.87 2.05 -4.62
-0.78 3.72 -6.05
-0.8 4.13 -6.27
-0.78 4.06 -6.1
-0.91 3.53 -5.71
-1.01 1.35 -5.47
-1.15 0.19 -5.05
-1.25 -0.04 -5.26
-1.26 0.5 -6.53
-1.19 2.07 -6.98
-1.18 3.58 -7.57
-1.09 4.29 -7.9
-1.42 5.2 -7.56
-1.54 5.52 -6.93
-1.77 6.57 -5.52
-1.97 7.99 -4.21
-2.05 9.8 -3.2
-2.04 10.28 -3.01
-2.05 9.96 -2.75
-2.06 9.64 -2.88
-1.99 9.01 -3.22
-1.95 8.01 -3.77
-1.9 7.45 -4.55
-1.89 7.9 -5.96
-1.77 8.31 -7
-1.76 8.52 -7.69
-1.93 9.35 -7.51
-1.99 9.24 -6.95
-1.98 8.87 -6.28
-1.83 8.4 -5.73
-1.8 8.07 -3.96
-1.73 8.43 -3.21
-1.65 8.58 -2.93
-1.7 9.44 -2.73
-1.63 11.3 -3.43
-1.66 10.95 -3.22
-1.64 10.31 -3.69
-1.66 11.57 -4.64
-1.56 12.58 -4.54
-1.64 13.7 -3.42
-1.7 13.3 0.18
-1.48 12.43 1.35
-1.33 11.62 2.07
-1.33 10.89 1.99
-0.52 9.28 -2.07
-0.48 8.1 -3.11
-0.4 8.77 -3.61
-0.31 10.43 -3.02
-0.15 11.39 -2.79
0.05 11.1 -2.46
0.2 9.93 -2.07
0.32 9.24 -0.9
0.43 9.77 -0.35
0.57 10.3 0.02
0.65 10.49 -1.11
0.88 10.44 -1.71
1.01 9.63 -2.52
1.05 8.53 -2.4
1.16 8.95 -2.27
1.22 9.13 -2.27
1.11 8.72 -1.16
1.06 8.1 0.42
1.11 7.08 2.12
1.27 6.95 2.94
1.54 7.1 2.58
1.65 7.65 2.47
1.72 8.68 1.98
1.76 7.56 1.52
1.68 6.41 2.34
1.75 5.45 3.24
1.68 4.55 4.28
1.86 4.83 4.71
1.99 4.98 3.96
2.1 4.55 3.19
2.33 5.03 1.7
2.32 5.43 1.77
2.26 5.26 2.39
2.27 5.14 2.47
2.24 5.9 2.09
2.21 6.35 2
2.11 5.53 1.55
2.36 1.77 1.15
2.4 1.11 0.98
2.45 1.72 1.44
2.41 3.11 2.06
2.38 6.1 1.36
2.3 6.3 0.42
2.31 5.48 -0.86
2.35 4.35 -2.08
2.36 4.26 -2.13
2.3 4.01 -1.85
2.26 4.14 -1.55
2.35 4.46 -1.59
2.39 4.01 -1.62
2.37 4.03 -1.53
2.39 3.77 -1.3
2.53 2.56 -0.99
2.53 2.23 -1.06
2.61 2.13 -1.62
2.79 2.65 -1.7
2.73 3.12 -1.59
2.76 -0.66 -2.46
2.79 -0.77 -3.09
2.77 -0.37 -2.95
2.64 0.24 -1.91
2.5 3.57 -1.22
2.48 4.63 -1.31
2.39 4.63 -1.53
2.33 3.93 -1.81
2.27 2.55 -1.75
2.13 2.4 -1.2
2.04 2.76 -1.05
2.09 3.37 -2.2
2.12 4.02 -2.8
2.09 4.99 -3.3
2.03 4.4 -3.58
1.99 2.78 -3.87
1.94 3.61 -3.91
1.87 5.02 -3.78
1.91 6.07 -3.66
1.83 6.28 -3.68
1.74 6.35 -3.88
1.58 5.46 -3.96
1.58 5.46 -3.96
1.37 6.26 -3.58
1.28 6.3 -4.53
1.47 6.3 -6.9
1.42 6.98 -6.99
1.47 7.4 -6.94
1.46 7.04 -6.31
1.25 6.23 -4.08
1.13 5.86 -3.6
1.05 5.03 -3.41
1.06 6.17 -4.67
1.14 6.32 -5.98
1.19 5.57 -6.52
1.21 5.27 -6.47
1.21 6.47 -5.93
1.23 6.77 -6.44
1.51 6.28 -7.94
1.5 5.92 -7.37
1.5 5.92 -7.37
1.42 6.49 -6.61
1.48 7.85 -4.35
1.54 8.21 -3.29
1.55 8.59 -2.65
1.69 8.24 -3.67
1.69 7.56 -4
1.6 7.78 -3.85
1.5 8.05 -3.56
1.48 8.37 -4.21
1.48 8.82 -4.45
1.43 9.51 -4.3
1.23 10.36 -4.05
1.09 9.74 -4.17
1.01 9.81 -3.88
0.9 10.01 -3.56
0.82 10.24 -3.66
0.8 10.28 -4.05
0.72 10.16 -4.63
0.74 9.6 -4.68
0.74 8.91 -4.41
0.71 8.54 -3.79
0.67 9.79 -2.8
0.7 10.34 -2.84
0.74 10.54 -3.04
0.64 8.89 -3.4
0.63 7.62 -2.96
0.56 7.09 -2.03
0.55 7.41 -1.51
0.6 7.68 -1.3
0.74 7.73 -2.04
0.88 7.7 -2.74
1.03 7.55 -3.94
1.12 7.12 -4.73
1.17 6.99 -5.16
1.24 7.11 -5.33
1.18 7.53 -5.24
1.13 7.12 -5.05
1.11 6.78 -4.79
1.01 7.62 -3.28
1.03 8.41 -2.88
1.02 8.79 -2.64
1.12 9.08 -2.54
1.06 9.09 -1.38
1.01 8.7 -0.78
1.02 8.15 -0.4
1.05 7.86 -0.3
1.06 7.95 -1.29
1.25 8.14 -2.68
1.29 7.95 -3.51
1.38 7.8 -3.92
1.39 7.8 -4.13
1.43 7.32 -3.27
1.37 7.64 -3.04
1.37 7.64 -3.04
1.37 7.87 -3.37
1.29 7.69 -3.64
1.23 7.59 -3.46
-0.25 -0.52 -0.23
-0.28 -0.47 -0.09
-0.44 0.38 0.57
-0.42 0.66 0.78
-0.4 0.76 0.83
-0.34 0.87 0.58
-0.3 0.59 0.36
-0.31 0.29 -0.04
-0.3 -0.01 -0.54
-0.3 -0.26 -1.26
-0.3 -0.45 -1.32
-0.3 -0.45 -1.32
-0.19 0.36 -1.22
-0.21 0.29 -0.93
-0.26 0.44 -0.5
-0.26 0.44 -0.5
-0.33 0.55 -0.15
-0.4 -0.35 -0.21
-0.35 -0.39 -0.63
-0.23 0.6 -1.09
-0.16 0.8 -1.14
-0.16 0.51 -0.94
-0.16 0.39 -0.67
-0.18 0.01 -0.47
-0.24 -0.09 -0.07
-0.29 0.11 0.21
-0.35 0.13 0.58
-0.37 0.33 0.67
-0.37 0.38 0.87
-0.38 0.31 1.13
