0 0 0 0
0 0 0 0
0 0 0 0
0 0 0 0
0 0 0 0
1 -0.006652832 0.0012207031 0
1 -0.007080078 0.00091552734 0
1 -0.007446289 0.00061035156 0
0.99993896 -0.007873535 0.00048828125 0
0.99993896 -0.008605957 0.00048828125 0
0.99993896 -0.0095825195 0.00061035156 0
0.99993896 -0.01159668 0.0009765625 0
0.99993896 -0.012573242 0.0010375977 0
0.99993896 -0.0134887695 0.0010375977 0
0.9998779 -0.014282227 0.00091552734 0
0.9998779 -0.014953613 0.0007324219 0
0.9998779 -0.0154418945 0.0004272461 0.000061035156
0.9998779 -0.015808105 0.00024414062 0.000061035156
0.9998779 -0.016235352 0.00012207031 0.000061035156
0.9998779 -0.016906738 0.00012207031 0.00012207031
0.9998169 -0.017700195 0.00018310547 0.00024414062
0.9998169 -0.018493652 0.00030517578 0.00048828125
0.9998169 -0.019226074 0.00036621094 0.00061035156
0.9998169 -0.01977539 0.0004272461 0.0007324219
0.9998169 -0.020385742 0.0005493164 0.0008544922
0.99975586 -0.021118164 0.00079345703 0.00091552734
0.99975586 -0.022033691 0.001159668 0.00091552734
0.99975586 -0.023010254 0.0015258789 0.00079345703
0.9996948 -0.023864746 0.0018310547 0.00061035156
0.9996948 -0.024658203 0.001953125 0.00048828125
0.9996948 -0.025390625 0.001953125 0.00048828125
0.9996338 -0.026123047 0.0018310547 0.0006713867
0.9996338 -0.026794434 0.0017700195 0.0009765625
0.9996338 -0.027648926 0.0017700195 0.0013427734
0.99957275 -0.028686523 0.0018310547 0.0017089844
0.99957275 -0.029968262 0.001953125 0.0020751953
0.9995117 -0.03112793 0.0018920898 0.0025024414
0.9995117 -0.032043457 0.0014038086 0.0029907227
0.9994507 -0.032836914 0.00048828125 0.003540039
0.9994507 -0.033569336 -0.0010375977 0.0040893555
0.99938965 -0.034606934 -0.0029296875 0.0045776367
0.9993286 -0.035949707 -0.005432129 0.005065918
0.9992676 -0.036743164 -0.008544922 0.005493164
0.99920654 -0.037353516 -0.012207031 0.0059814453
0.9991455 -0.038269043 -0.016174316 0.0064086914
0.99902344 -0.038635254 -0.020385742 0.006958008
0.99890137 -0.039123535 -0.024597168 0.0072631836
0.99871826 -0.040283203 -0.0289917 0.007080078
0.99853516 -0.041931152 -0.03363037 0.0063476562
0.998291 -0.04296875 -0.03857422 0.0052490234
0.9981079 -0.042785645 -0.043823242 0.003967285
0.9979248 -0.041809082 -0.04901123 0.0025634766
0.9977417 -0.04071045 -0.053955078 0.0006713867
0.99749756 -0.039916992 -0.05871582 -0.0018920898
0.9972534 -0.03894043 -0.06329346 -0.005004883
0.99694824 -0.037841797 -0.06756592 -0.008483887
0.9967041 -0.0368042 -0.07128906 -0.012084961
0.99645996 -0.036132812 -0.07446289 -0.01574707
0.9962158 -0.035705566 -0.07702637 -0.01940918
0.9959717 -0.035339355 -0.07922363 -0.02319336
0.99572754 -0.03515625 -0.08099365 -0.02746582
0.99542236 -0.03503418 -0.0826416 -0.03253174
0.9951172 -0.034179688 -0.08404541 -0.038330078
0.994812 -0.032958984 -0.08508301 -0.045043945
0.99450684 -0.030761719 -0.085632324 -0.05218506
0.99420166 -0.027709961 -0.085510254 -0.059326172
0.9938965 -0.02520752 -0.08459473 -0.06665039
0.9935303 -0.023376465 -0.08282471 -0.07409668
0.99316406 -0.022827148 -0.080322266 -0.081726074
0.9927368 -0.022766113 -0.07739258 -0.0892334
0.9923096 -0.022094727 -0.074401855 -0.09613037
0.99194336 -0.021484375 -0.07141113 -0.10241699
0.99157715 -0.020996094 -0.06829834 -0.10797119
0.991272 -0.020812988 -0.06518555 -0.11291504
0.9909668 -0.020507812 -0.06213379 -0.11730957
0.9906616 -0.01953125 -0.059143066 -0.121154785
0.9904175 -0.018188477 -0.05621338 -0.12487793
0.9901123 -0.016845703 -0.05303955 -0.12854004
0.98986816 -0.015380859 -0.049621582 -0.13220215
0.989624 -0.013977051 -0.04559326 -0.13568115
0.9893799 -0.013122559 -0.04083252 -0.13909912
0.98913574 -0.012268066 -0.035339355 -0.14215088
0.98895264 -0.011169434 -0.029296875 -0.14489746
0.98876953 -0.0099487305 -0.022827148 -0.14733887
0.9885254 -0.009460449 -0.015930176 -0.14971924
0.98828125 -0.009643555 -0.008850098 -0.15209961
0.9879761 -0.009399414 -0.0020141602 -0.15429688
0.9876709 -0.008911133 0.004638672 -0.15631104
0.9873047 -0.008972168 0.011230469 -0.15808105
0.98706055 -0.007507324 0.01751709 -0.15924072
0.9868164 -0.0064697266 0.023986816 -0.15991211
0.98657227 -0.0056762695 0.030639648 -0.16040039
0.9863281 -0.004699707 0.037719727 -0.16040039
0.986084 -0.004211426 0.045410156 -0.15985107
0.9859619 -0.0036621094 0.053344727 -0.1583252
0.9859009 -0.0025634766 0.06109619 -0.15588379
0.9859009 -0.0009765625 0.06817627 -0.15283203
0.98602295 0.0012817383 0.074401855 -0.14923096
0.986145 0.004638672 0.07965088 -0.14538574
0.9862671 0.008483887 0.08477783 -0.14141846
0.9862671 0.010803223 0.0904541 -0.13763428
0.98620605 0.013549805 0.09643555 -0.13378906
0.986084 0.01586914 0.1027832 -0.12976074
0.9859009 0.018554688 0.109313965 -0.12512207
0.9857788 0.021118164 0.11590576 -0.11999512
0.98553467 0.022888184 0.122680664 -0.11456299
0.9850464 0.024902344 0.13586426 -0.10321045
0.9847412 0.026367188 0.14190674 -0.09710693
0.9844971 0.027893066 0.14770508 -0.09051514
0.9841919 0.028808594 0.15362549 -0.083496094
0.9838257 0.029785156 0.15960693 -0.076049805
0.9833374 0.030456543 0.16577148 -0.068237305
0.98272705 0.030578613 0.17211914 -0.060302734
0.98205566 0.030700684 0.17852783 -0.052246094
0.9812622 0.030517578 0.18499756 -0.043823242
0.9804077 0.02947998 0.19152832 -0.034973145
0.9794922 0.027648926 0.19793701 -0.025878906
0.97857666 0.026062012 0.20361328 -0.016967773
0.97766113 0.02520752 0.2084961 -0.008239746
0.97680664 0.024536133 0.21270752 0.0004272461
0.9760132 0.024108887 0.2163086 0.009094238
0.9751587 0.024230957 0.21948242 0.018066406
0.97424316 0.023742676 0.22247314 0.02746582
0.9733887 0.022399902 0.22509766 0.03704834
0.9725342 0.020385742 0.22717285 0.04650879
0.97180176 0.018676758 0.22845459 0.055541992
0.9711914 0.018127441 0.22888184 0.063964844
0.9706421 0.018859863 0.22869873 0.072021484
0.97021484 0.019897461 0.22796631 0.07965088
0.9697876 0.020568848 0.22692871 0.08709717
0.9694214 0.020629883 0.22558594 0.09454346
0.9690552 0.020812988 0.22387695 0.101989746
0.96875 0.0211792 0.22161865 0.10925293
0.96850586 0.02142334 0.21899414 0.11657715
0.9682007 0.021972656 0.21600342 0.12408447
0.9678955 0.02331543 0.21282959 0.13165283
0.96759033 0.024719238 0.20953369 0.13867188
0.9674072 0.02545166 0.20593262 0.1449585
0.9674072 0.026000977 0.20202637 0.1505127
0.96746826 0.026916504 0.1975708 0.15563965
0.9675293 0.028747559 0.19281006 0.1607666
0.96759033 0.030944824 0.18774414 0.1661377
0.9675293 0.032958984 0.18273926 0.17156982
0.9674072 0.034362793 0.17767334 0.17700195
0.9673462 0.03515625 0.17266846 0.18231201
0.9672241 0.035339355 0.16760254 0.1875
0.9671631 0.03466797 0.16241455 0.19250488
0.967041 0.033447266 0.15710449 0.19750977
0.96698 0.03173828 0.1517334 0.20239258
0.9668579 0.030029297 0.1463623 0.20709229
0.96673584 0.0289917 0.14105225 0.21142578
0.9666748 0.027893066 0.13568115 0.2154541
0.9666748 0.026611328 0.13012695 0.2189331
0.96673584 0.02520752 0.12451172 0.22198486
0.967041 0.020751953 0.11303711 0.22711182
0.9672241 0.018676758 0.10723877 0.22943115
0.9675293 0.016662598 0.101501465 0.23095703
0.9680176 0.014526367 0.09588623 0.23150635
0.9686279 0.012329102 0.09051514 0.2310791
0.9694214 0.010437012 0.08514404 0.22991943
0.9702759 0.008911133 0.07952881 0.22839355
0.97106934 0.007385254 0.073791504 0.22698975
0.97180176 0.00592041 0.067871094 0.22576904
0.9725342 0.0038452148 0.061828613 0.22436523
0.9732666 0.0012817383 0.055603027 0.22271729
0.9741211 -0.00079345703 0.049194336 0.22064209
0.9749756 -0.0014038086 0.04284668 0.21826172
0.9758301 -0.001159668 0.036499023 0.21557617
0.97662354 -0.0007324219 0.030212402 0.21270752
0.977417 0.00024414062 0.024230957 0.20996094
0.9781494 0.0012207031 0.018310547 0.20703125
0.9790039 0.0012207031 0.012390137 0.20361328
0.9798584 0.00036621094 0.0063476562 0.19970703
0.98065186 -0.0004272461 0.00048828125 0.19573975
0.9813843 -0.0005493164 -0.0051879883 0.19195557
0.98205566 -0.00061035156 -0.010803223 0.18829346
0.982605 -0.001159668 -0.016357422 0.18481445
0.98321533 -0.0025634766 -0.021911621 0.18115234
0.9838257 -0.0044555664 -0.027648926 0.17706299
0.98431396 -0.005004883 -0.03326416 0.1730957
0.98480225 -0.004699707 -0.03869629 0.16931152
0.9852295 -0.005432129 -0.043823242 0.16540527
0.98565674 -0.0072021484 -0.04852295 0.16143799
0.98602295 -0.009338379 -0.05267334 0.15771484
0.98638916 -0.012145996 -0.056396484 0.15405273
0.98669434 -0.014709473 -0.060058594 0.15039062
0.9869995 -0.016723633 -0.0637207 0.14678955
0.98724365 -0.018432617 -0.06750488 0.1428833
0.9875488 -0.019836426 -0.07141113 0.13879395
0.98779297 -0.021118164 -0.07495117 0.13482666
0.9880371 -0.02319336 -0.078186035 0.13067627
0.9883423 -0.025817871 -0.08111572 0.1262207
0.9888916 -0.028869629 -0.08618164 0.11767578
0.98913574 -0.029846191 -0.08807373 0.11364746
0.9894409 -0.031677246 -0.08947754 0.109680176
0.98968506 -0.0345459 -0.0904541 0.105407715
0.98999023 -0.03741455 -0.09106445 0.101135254
0.9902954 -0.039978027 -0.091430664 0.09692383
0.99053955 -0.04272461 -0.091674805 0.09283447
0.9907837 -0.045043945 -0.09197998 0.08898926
0.9909668 -0.046142578 -0.09246826 0.08557129
0.9911499 -0.04626465 -0.09301758 0.08258057
0.991333 -0.046875 -0.09350586 0.07946777
0.9915161 -0.047302246 -0.093933105 0.076293945
0.9920044 -0.04510498 -0.09484863 0.07043457
0.9920044 -0.04510498 -0.09484863 0.07043457
0.99243164 -0.042785645 -0.095214844 0.064697266
0.99261475 -0.04119873 -0.095336914 0.062316895
0.9928589 -0.03942871 -0.09527588 0.060180664
0.993042 -0.038330078 -0.09509277 0.05810547
0.9932251 -0.03729248 -0.09490967 0.05621338
0.99334717 -0.036315918 -0.0947876 0.05444336
0.99346924 -0.035583496 -0.09472656 0.052856445
0.9935303 -0.035217285 -0.09460449 0.051574707
0.99365234 -0.035339355 -0.09436035 0.050476074
0.9937134 -0.035888672 -0.093811035 0.049621582
0.9937744 -0.0368042 -0.09313965 0.048706055
0.99383545 -0.037963867 -0.09234619 0.047790527
0.9938965 -0.03918457 -0.091674805 0.046875
0.9939575 -0.040283203 -0.09106445 0.04638672
0.9939575 -0.04144287 -0.09033203 0.046325684
0.9939575 -0.04260254 -0.08947754 0.04663086
0.99401855 -0.044128418 -0.08850098 0.046936035
0.99401855 -0.045776367 -0.087646484 0.046936035
0.99401855 -0.046691895 -0.08703613 0.046936035
0.99401855 -0.04711914 -0.08679199 0.04699707
0.99401855 -0.04736328 -0.08673096 0.04699707
0.9939575 -0.048034668 -0.08673096 0.04699707
0.9939575 -0.047912598 -0.08673096 0.04724121
0.99401855 -0.047180176 -0.08654785 0.04748535
0.99401855 -0.04711914 -0.086120605 0.047546387
0.9940796 -0.04736328 -0.08538818 0.04748535
0.9941406 -0.047607422 -0.084472656 0.04748535
0.9942627 -0.047851562 -0.08325195 0.04748535
0.99432373 -0.048950195 -0.08190918 0.047180176
0.99438477 -0.050720215 -0.080444336 0.04663086
0.9944458 -0.052001953 -0.07897949 0.046142578
0.99450684 -0.052978516 -0.07751465 0.045898438
0.9945679 -0.053955078 -0.075927734 0.045898438
0.9946289 -0.05493164 -0.07434082 0.046081543
0.99468994 -0.055419922 -0.07281494 0.046569824
0.994751 -0.055603027 -0.07165527 0.04711914
0.994812 -0.055419922 -0.07086182 0.047790527
0.994812 -0.05456543 -0.07043457 0.048461914
0.99487305 -0.05340576 -0.070129395 0.04925537
0.9949341 -0.052612305 -0.06890869 0.050720215
0.9949951 -0.05267334 -0.067993164 0.051330566
0.9949951 -0.053466797 -0.0670166 0.051879883
0.9949341 -0.054748535 -0.06591797 0.05218506
0.9949341 -0.056396484 -0.06488037 0.052368164
0.99487305 -0.057922363 -0.06384277 0.052612305
0.99487305 -0.059265137 -0.06274414 0.05291748
0.994812 -0.060913086 -0.061523438 0.05316162
0.91711426 0.3756714 -0.13201904 0.018188477
0.9178467 0.3743286 -0.13079834 0.018737793
0.9185791 0.37286377 -0.12963867 0.019226074
0.9193115 0.37145996 -0.12841797 0.019714355
0.9199219 0.3703003 -0.12738037 0.020263672
0.92041016 0.3692627 -0.12652588 0.020874023
0.9208374 0.3684082 -0.12585449 0.02166748
0.9211426 0.36773682 -0.12536621 0.022583008
0.9213257 0.3673706 -0.124938965 0.02355957
0.9215088 0.36706543 -0.12451172 0.024475098
0.92181396 0.36645508 -0.12390137 0.02532959
0.9221802 0.36572266 -0.12322998 0.026184082
0.9226074 0.3647461 -0.12237549 0.026855469
0.9230957 0.36383057 -0.121398926 0.02758789
0.923645 0.362854 -0.12030029 0.028381348
0.9241333 0.3618164 -0.119262695 0.02923584
0.92456055 0.36090088 -0.1182251 0.030151367
0.92492676 0.36029053 -0.11743164 0.031066895
0.92510986 0.35992432 -0.11663818 0.031921387
0.92541504 0.359375 -0.11584473 0.032592773
0.92578125 0.35858154 -0.1149292 0.033203125
0.9262085 0.35784912 -0.11395264 0.033996582
0.92663574 0.35699463 -0.112854004 0.034851074
0.927124 0.35601807 -0.11175537 0.035705566
0.92767334 0.35479736 -0.1105957 0.03656006
0.9282837 0.35339355 -0.109375 0.037353516
0.9289551 0.35198975 -0.10821533 0.038024902
0.9295044 0.35076904 -0.1071167 0.03869629
0.9300537 0.34960938 -0.1060791 0.039367676
0.930603 0.34838867 -0.105163574 0.039916992
