0 0 0
0 0 0
0 0 0
0 0 0
0 0 0
0 0 0
0.0625 -0.0625 -0.75
0.0625 -0.125 -0.875
0.125 -0.125 -1.0625
0.1875 -0.1875 -1.1875
0.1875 -0.1875 -1.375
0.1875 -0.1875 -1.4375
0.1875 -0.1875 -1.5
0.1875 -0.1875 -1.5625
0.1875 -0.1875 -1.6875
0.125 -0.1875 -1.8125
0.125 -0.1875 -1.875
0.125 -0.125 -1.9375
0.125 -0.125 -2
0.125 -0.125 -2.0625
0.0625 -0.125 -2.125
0.0625 -0.125 -2.25
0.375 16 15
0.375 16 14.875
0.4375 16 14.6875
0.4375 16.0625 14.625
0.4375 16.0625 14.5625
0.4375 16.125 14.4375
0.4375 16.1875 14.3125
0.5 16.25 14
0.5 16.25 14
0.6875 16.4375 13.375
0.8125 16.625 12.8125
0.9375 16.875 12.4375
1.0625 17.1875 12.3125
1.1875 17.5625 12.25
1.4375 17.9375 12.1875
1.625 18.3125 12.25
1.9375 18.625 12.3125
2.8125 19.1875 12.5
3.25 19.4375 12.6875
3.75 19.6875 12.9375
4.1875 19.8125 13.1875
4.6875 19.875 13.375
5.25 19.875 13.5625
5.8125 19.875 13.75
6.4375 19.75 14.0625
7.125 19.5625 14.375
7.75 19.25 14.6875
9.125 18.4375 15.3125
9.75 17.9375 15.625
10.4375 17.25 15.875
11.125 16.4375 15.9375
11.9375 15.5 15.9375
13.375 13.5 16.125
13.9375 12.5 16.25
14.375 11.5625 16.5
15 9.8125 17.125
15.25 8.9375 17.375
15.5 8.0625 17.625
15.6875 7.1875 17.875
15.8125 6.3125 18.3125
15.8125 5.375 18.75
15.8125 4.4375 18.9375
15.6875 3.4375 18.9375
15.4375 2.375 19
15.4375 2.375 19
15.125 1.375 19.0625
14.8125 0.4375 19.1875
14.375 -0.375 19.375
13.9375 -1.1875 19.6875
13.4375 -2 19.9375
12.8125 -2.8125 20
12.1875 -3.625 20.125
11.5625 -4.375 20.375
10.25 -5.8125 21
9.5625 -6.375 21.5625
9.5625 -6.375 21.5625
7.875 -7.875 21.875
6.875 -8.625 21.875
5.75 -9.375 21.875
4.5625 -9.9375 21.875
3.375 -10.3125 22.0625
3.375 -10.3125 22.0625
0.875 -10.6875 22.4375
359.625 -10.75 22.4375
358.25 -10.75 22.4375
356.8125 -10.5625 22.5625
355.25 -10.3125 22.8125
353.625 -10.0625 22.875
352.125 -9.8125 22.6875
352.125 -9.8125 22.6875
350.625 -9.5 22.4375
349.25 -9.0625 22.3125
346.3125 -7.9375 22.25
346.3125 -7.9375 22.25
344.8125 -7.3125 22.0625
343.375 -6.75 21.6875
342 -6.25 21.125
340.875 -5.6875 20.5
338.75 -4.375 19.3125
338.75 -4.375 19.3125
337.6875 -3.6875 18.8125
335.5625 -2.1875 17.75
334.5625 -1.5 17.25
334.5625 -1.5 17.25
333.5625 -0.8125 16.75
332.75 -0.1875 16.25
331.3125 0.875 15.1875
330.75 1.4375 14.6875
330.25 2.0625 14.3125
329.75 2.75 13.9375
329.25 3.5 13.625
329.25 3.5 13.625
328.1875 5 13.0625
327.6875 5.75 12.6875
327.25 6.375 12.1875
326.9375 6.9375 11.5625
326.6875 7.5 11
326.5625 8.125 10.625
326.5625 8.125 10.625
326.375 9.4375 9.9375
326.4375 10 9.5
326.5 10.5625 8.9375
326.625 11 8.3125
326.8125 11.5 7.75
327.125 12 7.3125
327.125 12 7.3125
327.4375 12.5625 7
327.75 13.125 6.75
328.5 14.25 6.3125
328.5 14.25 6.3125
329.25 15.5625 6.125
329.625 16.1875 6
329.625 16.1875 6
330.0625 16.8125 5.875
331.0625 18.0625 5.75
331.0625 18.0625 5.75
332.125 19.1875 5.625
332.125 19.1875 5.625
333.25 20.0625 5.125
333.25 20.0625 5.125
333.75 20.5 4.875
334.9375 21.4375 4.5
335.5625 21.9375 4.5
336.1875 22.375 4.5
336.1875 22.375 4.5
336.8125 22.875 4.5
337.5 23.25 4.5
338.125 23.6875 4.4375
338.6875 24.0625 4.4375
339.1875 24.4375 4.4375
339.75 24.75 4.4375
340.3125 25.0625 4.4375
341.4375 25.5 4.4375
342.0625 25.8125 4.5625
342.6875 26.0625 4.8125
343.25 26.3125 5.125
343.25 26.3125 5.125
344.5 26.8125 5.75
344.5 26.8125 5.75
345.75 27 6.4375
345.75 27 6.4375
346.4375 27.0625 6.8125
347.75 27.125 7.375
347.75 27.125 7.375
348.4375 27.0625 7.5625
349 27 7.75
350.1875 26.75 7.8125
350.75 26.5625 7.8125
351.25 26.4375 7.8125
351.25 26.4375 7.8125
351.75 26.3125 7.9375
352.25 26.125 8.0625
352.75 26 8.1875
353.6875 25.625 8.25
353.6875 25.625 8.25
354.0625 25.5 8.25
354.375 25.4375 8.25
354.6875 25.375 8.25
354.9375 25.3125 8.3125
355.3125 25.3125 8.375
355.3125 25.3125 8.375
355.5 25.3125 8.4375
355.75 25.25 8.5
355.9375 25.25 8.5625
356.1875 25.25 8.5
356.375 25.1875 8.4375
356.5625 25.1875 8.3125
356.6875 25.1875 8.25
356.8125 25.1875 8.1875
357 25.125 8.0625
357.0625 25.0625 8
357.125 25.0625 7.9375
357.1875 25.0625 7.875
357.1875 25 7.8125
357.3125 24.9375 8.4375
357.3125 24.9375 8.3125
357.25 24.9375 8.25
357.1875 24.9375 8.1875
357.1875 24.875 8
357.1875 24.875 7.875
357.1875 24.875 7.875
357.125 24.8125 7.6875
