0 0 0
0 0 0
0 0 0
0 0 0
0 0 0
0 0 0
0 0 0
0 0 -0.5
0 0 -0.625
0 0 -0.6875
0 0 -0.75
0 0 -0.8125
359.9375 -4.8125 2.5
359.9375 -4.8125 2.375
359.9375 -4.8125 2.3125
359.9375 -4.8125 2.1875
359.9375 -4.8125 2.1875
359.9375 -4.8125 2.0625
359.9375 -4.8125 2
359.875 -4.8125 1.9375
359.875 -4.8125 1.875
359.875 -4.8125 1.75
359.875 -4.8125 1.6875
359.875 -4.8125 1.625
359.875 -4.8125 1.4375
359.875 -4.8125 1.375
359.875 -4.8125 1.3125
359.875 -4.8125 1.3125
359.875 -4.8125 1.25
359.875 -4.8125 1.125
359.875 -4.8125 1.0625
359.875 -4.8125 1
359.875 -4.8125 1
359.875 -4.8125 0.875
359.875 -4.8125 0.8125
359.875 -4.8125 0.75
359.8125 -4.8125 0.6875
359.8125 -4.8125 0.5625
359.8125 -4.8125 0.5
359.8125 -4.8125 0.5
359.8125 -4.8125 0.4375
359.8125 -4.8125 0.3125
359.8125 -4.8125 0.3125
359.8125 -4.8125 0.25
359.8125 -4.8125 0.1875
359.8125 -4.8125 0.125
359.8125 -4.8125 0.0625
359.8125 -4.8125 0
359.8125 -4.8125 0
359.8125 -4.8125 0
359.75 -4.8125 -0.0625
359.75 -4.8125 -0.125
359.75 -4.8125 -0.1875
359.75 -4.8125 -0.1875
359.75 -4.8125 -0.25
359.75 -4.8125 -0.3125
359.75 -4.8125 -0.3125
359.75 -4.8125 -0.375
359.75 -4.8125 -0.4375
359.75 -4.8125 -0.4375
359.75 -4.8125 -0.5
359.75 -4.8125 -0.5625
359.6875 -4.8125 -0.5625
359.6875 -4.8125 -0.625
359.6875 -4.8125 -0.625
359.6875 -4.8125 -0.6875
359.6875 -4.8125 -0.6875
359.6875 -4.8125 -0.75
359.6875 -4.8125 -0.75
359.6875 -4.8125 -0.8125
359.6875 -4.8125 -0.8125
359.6875 -4.8125 -0.875
359.6875 -4.8125 -0.875
359.6875 -4.8125 -0.875
359.625 -4.8125 -0.9375
359.625 -4.8125 -0.9375
359.625 -4.8125 -0.9375
359.625 -4.8125 -1
359.625 -4.8125 -1
359.625 -4.8125 -1.0625
359.625 -4.8125 -1.0625
359.625 -4.8125 -1.0625
359.625 -4.8125 -1.0625
359.625 -4.8125 -1.125
359.625 -4.8125 -1.125
359.5625 -4.8125 -1.125
359.5625 -4.8125 -1.125
359.5625 -4.8125 -1.1875
359.5625 -4.8125 -1.1875
359.5625 -4.8125 -1.1875
359.5625 -4.8125 -1.1875
359.5625 -4.8125 -1.25
359.5625 -4.8125 -1.25
359.5625 -4.8125 -1.25
359.5625 -4.8125 -1.25
359.5 -4.8125 -1.3125
359.5 -4.8125 -1.3125
359.5 -4.8125 -1.3125
359.5 -4.8125 -1.3125
359.5 -4.8125 -1.3125
359.5 -4.8125 -1.375
359.5 -4.8125 -1.375
359.5 -4.8125 -1.375
359.5 -4.8125 -1.375
359.5 -4.8125 -1.375
359.4375 -4.8125 -1.375
359.4375 -4.8125 -1.375
359.4375 -4.8125 -1.375
359.4375 -4.8125 -1.4375
359.4375 -4.8125 -1.4375
359.4375 -4.8125 -1.4375
359.4375 -4.8125 -1.4375
359.4375 -4.8125 -1.4375
359.4375 -4.8125 -1.4375
359.4375 -4.8125 -1.4375
359.4375 -4.8125 -1.4375
359.375 -4.8125 -1.4375
359.375 -4.8125 -1.5
359.375 -4.8125 -1.5
359.375 -4.8125 -1.5
359.375 -4.8125 -1.5
359.375 -4.8125 -1.5
359.375 -4.8125 -1.5
359.375 -4.8125 -1.5
359.375 -4.8125 -1.5
359.375 -4.8125 -1.5
359.3125 -4.8125 -1.5
359.3125 -4.8125 -1.5
359.3125 -4.8125 -1.5
359.3125 -4.8125 -1.5
359.3125 -4.8125 -1.5
359.3125 -4.8125 -1.5
359.3125 -4.8125 -1.5
359.3125 -4.8125 -1.5625
359.3125 -4.8125 -1.5625
359.25 -4.8125 -1.5625
359.25 -4.8125 -1.5625
359.25 -4.8125 -1.5625
359.25 -4.8125 -1.5625
359.25 -4.8125 -1.5625
359.25 -4.8125 -1.5625
359.25 -4.8125 -1.5625
359.25 -4.8125 -1.5625
359.25 -4.8125 -1.5625
359.25 -4.8125 -1.5625
359.25 -4.8125 -1.5625
359.1875 -4.8125 -1.5625
359.1875 -4.8125 -1.5625
359.1875 -4.8125 -1.5625
359.25 -4.875 -1.375
359.375 -4.9375 -1.375
359.5625 -5 -1.625
359.75 -5 -2
359.875 -5 -2.1875
359.875 -5 -2.1875
0.0625 -5 -2.375
0.4375 -5 -2.9375
0.4375 -5 -2.9375
0.6875 -5 -3.375
0.6875 -5 -3.375
0.8125 -5 -3.5
0.9375 -5.125 -3.375
1 -5.1875 -3.125
1.0625 -5.25 -3
1.0625 -5.25 -3
1 -5.25 -3.6875
0.75 -5.375 -4.8125
0.5625 -5.4375 -4.4375
0.4375 -5.5 -4
0.4375 -5.5 -4
0.3125 -5.625 -3.625
359.875 -6 -3.3125
359.5625 -6.25 -3.375
359.25 -6.5625 -3.4375
359.25 -6.5625 -3.4375
359 -6.8125 -3.5
358.625 -7.375 -4.25
358.625 -7.5625 -5.0625
358.75 -7.5625 -5.875
358.8125 -7.4375 -6.625
358.875 -7.25 -7.1875
358.8125 -7.0625 -7.5
358.8125 -7.0625 -7.5
358.75 -6.875 -7.8125
358.375 -6.5625 -8.8125
358.375 -6.5625 -8.8125
358.0625 -6.5 -9.4375
357.375 -6.375 -10.5
357 -6.3125 -10.875
356.625 -6.25 -11.25
356.625 -6.25 -11.25
356.1875 -6.25 -11.6875
355.25 -6.3125 -13.1875
354.6875 -6.375 -14.0625
354.125 -6.375 -14.9375
353.4375 -6.4375 -15.75
353.4375 -6.4375 -15.75
352.8125 -6.375 -16.625
352.0625 -6.25 -17.5
350.5 -6.0625 -19.125
350.5 -6.0625 -19.125
348.9375 -5.75 -20.875
348.1875 -5.625 -21.8125
347.4375 -5.5 -22.875
347.4375 -5.5 -22.875
346.5625 -5.4375 -23.9375
345.625 -5.375 -25
343.625 -5.4375 -27.25
342.625 -5.4375 -28.4375
341.625 -5.375 -29.6875
340.6875 -5.1875 -30.9375
339.75 -5 -32.25
338.875 -4.6875 -33.5
338 -4.3125 -34.6875
337.3125 -3.8125 -35.875
337.3125 -3.8125 -35.875
336.6875 -3.1875 -37
336.125 -2.375 -37.875
335.6875 -1.5 -38.75
335.3125 -0.5 -39.6875
335 0.5625 -40.5
334.6875 1.75 -41.3125
334.4375 2.9375 -42.25
334.25 4.1875 -43.375
334.0625 5.4375 -44.5
131.6875 8.125 -46.6875
131.6875 8.125 -46.6875
128.125 9.5625 -47.6875
124.5625 11.125 -48.625
117.8125 14.3125 -50.75
117.8125 14.3125 -50.75
112 17.5625 -53.25
109.375 19.1875 -54.625
106.875 20.75 -55.8125
106.875 20.75 -55.8125
104.5 22.375 -56.875
102.0625 23.9375 -57.625
97.0625 27.125 -58.125
97.0625 27.125 -58.125
94.875 28.75 -58.1875
92.9375 30.1875 -58.0625
91.25 31.625 -57.875
346.0625 34.125 -56.9375
346.0625 34.125 -56.9375
347.4375 35.3125 -56.1875
348.9375 36.375 -55.3125
350.375 37.3125 -54.5
351.8125 38.125 -53.5
353.125 38.75 -52.4375
355.6875 39.9375 -50.125
357 40.4375 -49
358.3125 40.9375 -47.875
359.5625 41.3125 -46.6875
0.8125 41.625 -45.4375
0.8125 41.625 -45.4375
3.0625 41.9375 -42.625
3.0625 41.9375 -42.625
4 41.9375 -41.0625
5 41.8125 -39.5
6 41.5625 -38
7.125 41.25 -36.5
8.25 40.9375 -35
9.4375 40.5 -33.375
10.625 40.0625 -31.6875
11.75 39.5625 -29.9375
13.875 38.1875 -26.25
15.125 37.375 -24.75
15.125 37.375 -24.75
16.25 36.5625 -23.3125
17.125 35.6875 -21.625
18.75 33.6875 -18.75
19.3125 32.5625 -17.25
19.875 31.3125 -15.8125
20.4375 29.9375 -14.4375
21.0625 28.375 -13.25
21.5625 26.6875 -12.125
22.375 23 -10
22.6875 21.0625 -9.1875
23 19.125 -8.4375
23.25 17.25 -7.75
23.5 15.5625 -7.0625
23.6875 14 -6.625
23.875 12.5 -6.5625
23.8125 11.1875 -6.1875
23.75 10 -5.9375
23.6875 9 -6.0625
23.5 8.0625 -5.875
22.875 6.25 -5.3125
22.875 6.25 -5.3125
22.4375 5.25 -4.9375
22.125 4.25 -4.625
21.875 3.125 -4.4375
21.625 2 -4.25
21.375 0.75 -4
21.0625 -0.375 -3.75
20.625 -1.6875 -3.4375
19.6875 -4.125 -3.125
19.6875 -4.125 -3.125
19.1875 -5.125 -2.875
18.8125 -6.0625 -2.5
18.375 -6.875 -2.1875
17.9375 -7.6875 -1.875
17.4375 -8.5625 -1.5
17.125 -9.0625 -1.625
16.4375 -9.75 -1.625
15.75 -10.3125 -0.75
14.9375 -10.875 -0.75
13.9375 -11.5625 -0.3125
12.8125 -12.375 0.75
11.75 -13.1875 1.125
10.8125 -13.6875 1.3125
9.8125 -14.375 2.4375
8 -15.5625 1.875
8 -15.5625 1.875
7.3125 -15.875 1.75
6.6875 -15.875 1.625
6.125 -15.6875 1.6875
5.5 -15.3125 1.8125
4.6875 -14.8125 2.125
3.8125 -14.25 2.5625
2.875 -13.75 2.875
1.8125 -13.25 3.0625
0.8125 -12.8125 3.125
359.8125 -12.375 3.0625
358.875 -11.9375 3.0625
358 -11.5 3.0625
356.375 -10.625 2.875
356.375 -10.625 2.875
355.5625 -10.1875 2.8125
354.75 -9.75 2.9375
353.375 -8.8125 3.25
352.75 -8.3125 3.3125
352.125 -7.75 3.375
351.5625 -7.125 3.5
351.0625 -6.4375 3.5625
350.625 -5.625 3.5
350.25 -4.75 3.4375
349.875 -3.75 3.375
349.5 -2.6875 3.25
349.125 -1.625 3.25
348.8125 -0.4375 3.4375
348.8125 -0.4375 3.4375
348.4375 1.5 3.9375
348.375 2.4375 4.1875
348.375 3.3125 4.4375
348.375 4 4.5
348.4375 4.6875 4.5
348.5 5.3125 4.375
348.5625 5.875 4.375
348.625 6.5 4.375
348.75 7.125 4.4375
348.8125 7.6875 4.4375
349 8.1875 4.375
349.25 8.625 4.3125
349.5625 9 4.3125
349.875 9.25 4.3125
350.1875 9.375 4.3125
350.5 9.5 4.25
350.8125 9.5625 4.125
351.125 9.625 4
351.4375 9.6875 3.875
351.6875 9.8125 3.8125
351.6875 9.8125 3.8125
352 9.875 3.6875
352.625 10.0625 3.5
352.875 10.0625 3.375
353.125 10.0625 3.25
353.125 10.0625 3.25
353.375 10 3.1875
353.875 9.8125 2.875
353.875 9.8125 2.875
354.1875 9.8125 2.75
354.4375 9.8125 2.625
354.6875 9.75 2.5
354.875 9.75 2.3125
355.0625 9.6875 2.0625
355.1875 9.625 1.8125
355.375 9.5 1.375
355.375 9.5 1.375
355.5 9.4375 1.25
355.5625 9.4375 1.1875
355.625 9.5 1.0625
355.75 9.5625 1.0625
355.8125 9.625 1
355.9375 9.75 0.9375
356.0625 9.875 0.75
356.0625 9.875 0.75
356.0625 9.875 0.625
356.125 9.875 0.5625
356.125 9.875 0.4375
356.1875 9.875 0.375
356.1875 9.8125 0.3125
356.25 9.75 0.1875
356.25 9.75 0.125
356.3125 9.6875 0.125
356.3125 9.6875 0.125
356.3125 9.625 0.0625
356.375 9.625 0
356.375 9.625 0
356.375 9.625 -0.0625
356.4375 9.625 -0.125
356.5 9.5625 -0.1875
356.5 9.5625 -0.1875
356.5625 9.5 -0.25
356.625 9.3125 -0.4375
356.6875 9.25 -0.5
356.6875 9.25 -0.5
356.75 9.125 -0.625
356.8125 9.0625 -0.6875
356.8125 8.9375 -0.875
356.8125 8.9375 -0.875
356.875 8.9375 -0.9375
356.875 8.9375 -1.0625
356.875 8.9375 -1.0625
356.9375 8.875 -1.125
357 8.875 -1.1875
357 8.875 -1.25
357.125 8.75 -1.3125
357.1875 8.75 -1.375
357.1875 8.75 -1.375
357.25 8.6875 -1.5
357.375 8.625 -1.6875
357.375 8.625 -1.75
357.375 8.625 -1.75
357.4375 8.625 -1.875
357.4375 8.6875 -1.9375
357.5 8.75 -2
357.5 8.8125 -2.0625
357.5 8.8125 -2.125
357.5 8.875 -2.125
357.5 8.9375 -2.1875
357.5 8.9375 -2.25
357.5 8.9375 -2.375
357.5 8.9375 -2.4375
357.5625 8.9375 -2.625
357.625 8.9375 -2.6875
357.625 9 -2.75
357.6875 9 -2.8125
357.6875 9 -2.8125
357.6875 9 -2.875
357.75 9 -2.9375
357.75 9 -3
357.75 9 -3
357.8125 9 -3
357.875 9 -3
358 9.0625 -2.25
358.125 9 -2.3125
358.125 9 -2.3125
358.1875 8.9375 -2.375
358.3125 8.875 -2.5625
358.3125 8.875 -2.5625
358.4375 8.8125 -2.75
358.5 8.75 -2.8125
358.5 8.75 -2.8125
358.5 8.75 -2.875
358.5625 8.6875 -3
358.5625 8.6875 -3.0625
358.625 8.625 -3.1875
358.625 8.625 -3.1875
358.6875 8.625 -3.25
358.6875 8.625 -3.3125
358.75 8.625 -3.375
358.8125 8.625 -3.4375
358.875 8.625 -3.5625
358.875 8.625 -3.5625
358.875 8.625 -3.625
359 8.625 -2.9375
359.0625 8.625 -2.25
359.125 8.625 -1.625
359.25 8.625 -1
359.3125 8.625 -0.4375
