0 0 0 0
0 0 0 0
0 0 0 0
0 0 0 0
0 0 0 0
0 0 0 0
1 -0.0048217773 0 0
1 -0.005493164 0 0
1 -0.006225586 0 0
1 -0.0068969727 0 0
1 -0.0075683594 0 0
0.99884033 0.02178955 0.042236328 0.00036621094
0.99890137 0.021118164 0.042236328 0.00036621094
0.99890137 0.020446777 0.042236328 0.0004272461
0.99890137 0.01977539 0.042236328 0.0004272461
0.99890137 0.019042969 0.042236328 0.00048828125
0.9989624 0.018371582 0.042236328 0.00048828125
0.9989624 0.017700195 0.042236328 0.0005493164
0.9989624 0.017028809 0.042236328 0.0005493164
0.9989624 0.016357422 0.042236328 0.00061035156
0.9989624 0.015686035 0.042236328 0.00061035156
0.99902344 0.015014648 0.042236328 0.0006713867
0.99902344 0.014343262 0.042236328 0.0006713867
0.99902344 0.013671875 0.042236328 0.0007324219
0.99902344 0.013000488 0.042236328 0.0007324219
0.99902344 0.012390137 0.042236328 0.00079345703
0.99902344 0.01171875 0.042236328 0.00079345703
0.99902344 0.011108398 0.042236328 0.0008544922
0.99902344 0.010498047 0.042236328 0.0008544922
0.9990845 0.009887695 0.042236328 0.00091552734
0.9990845 0.009277344 0.042236328 0.00091552734
0.9990845 0.008666992 0.042236328 0.0009765625
0.9990845 0.008117676 0.042236328 0.0009765625
0.9990845 0.007507324 0.042236328 0.0010375977
0.9990845 0.006958008 0.042236328 0.0010375977
0.9990845 0.0064086914 0.042236328 0.0010986328
0.9990845 0.00579834 0.042236328 0.001159668
0.9990845 0.0052490234 0.042236328 0.001159668
0.9990845 0.004760742 0.042236328 0.0012207031
0.9990845 0.004211426 0.042236328 0.0012207031
0.9990845 0.0037231445 0.042236328 0.0012817383
0.9990845 0.0031738281 0.042236328 0.0013427734
0.9990845 0.0026855469 0.042236328 0.0013427734
0.9990845 0.0017089844 0.042236328 0.0014038086
0.9990845 0.0012207031 0.042236328 0.0014648438
0.9990845 0.00079345703 0.042236328 0.0015258789
0.9990845 0.00030517578 0.042236328 0.0015258789
0.9990845 -0.00012207031 0.042236328 0.0015869141
0.9990845 -0.0005493164 0.042236328 0.0016479492
0.9990845 -0.00091552734 0.042236328 0.0016479492
0.9990845 -0.0013427734 0.042236328 0.0017089844
0.9990845 -0.0017700195 0.042236328 0.0017700195
0.9990845 -0.0021972656 0.042175293 0.0017700195
0.9990845 -0.0025634766 0.042175293 0.0018310547
0.9990845 -0.0029296875 0.042236328 0.0018920898
0.9990845 -0.0032958984 0.042236328 0.0018920898
0.9990845 -0.0036621094 0.042236328 0.001953125
0.9990845 -0.0040283203 0.042175293 0.0020141602
0.9990845 -0.0043945312 0.042175293 0.0020751953
0.9990845 -0.004699707 0.042175293 0.0020751953
0.9990845 -0.005004883 0.042175293 0.0021362305
0.9990845 -0.0053100586 0.042175293 0.0021972656
0.9990845 -0.0056152344 0.042175293 0.0022583008
0.9990845 -0.005859375 0.042175293 0.0022583008
0.9990845 -0.006164551 0.042175293 0.002319336
0.9990845 -0.0064697266 0.042175293 0.002380371
0.9990845 -0.0067749023 0.042175293 0.0024414062
0.9990845 -0.007019043 0.042175293 0.0024414062
0.9990845 -0.0072631836 0.042175293 0.0025024414
0.9990845 -0.007507324 0.042175293 0.0025634766
0.9990845 -0.007751465 0.042175293 0.0026245117
0.9990845 -0.00793457 0.042175293 0.0026245117
0.9990845 -0.008178711 0.042175293 0.0026855469
0.9990845 -0.008361816 0.042175293 0.002746582
0.9990845 -0.008544922 0.042175293 0.0028076172
0.9990845 -0.0087890625 0.042175293 0.0028686523
0.9990845 -0.008972168 0.042175293 0.0028686523
0.9990845 -0.009155273 0.042175293 0.0029296875
0.9990845 -0.009338379 0.042175293 0.0029907227
0.9990845 -0.009460449 0.042175293 0.0030517578
0.9990845 -0.009643555 0.042175293 0.003112793
0.9990845 -0.00982666 0.042175293 0.003112793
0.9990845 -0.0099487305 0.042175293 0.0031738281
0.9990845 -0.010131836 0.042175293 0.0032348633
0.99902344 -0.010253906 0.042175293 0.0032958984
0.99902344 -0.010375977 0.042175293 0.0033569336
0.99902344 -0.010498047 0.042175293 0.0034179688
0.99902344 -0.010620117 0.042175293 0.003479004
0.99902344 -0.0107421875 0.042175293 0.003479004
0.99902344 -0.010864258 0.042175293 0.003540039
0.99902344 -0.010986328 0.042175293 0.0036010742
0.99902344 -0.011169434 0.042175293 0.0036621094
0.99902344 -0.011230469 0.042175293 0.0037231445
0.99902344 -0.011413574 0.042175293 0.0037841797
0.99902344 -0.0115356445 0.042175293 0.0037841797
0.99902344 -0.01159668 0.042175293 0.0038452148
0.99902344 -0.01171875 0.042175293 0.00390625
0.99902344 -0.0119018555 0.042175293 0.003967285
0.99902344 -0.011962891 0.042175293 0.0040283203
0.99902344 -0.012084961 0.042175293 0.0040893555
0.99902344 -0.012145996 0.042175293 0.0041503906
0.99902344 -0.012268066 0.042175293 0.0041503906
0.99902344 -0.012390137 0.042175293 0.004211426
0.99902344 -0.012451172 0.042114258 0.004272461
0.99902344 -0.012573242 0.042114258 0.004333496
0.99902344 -0.012634277 0.042114258 0.0043945312
0.99902344 -0.0126953125 0.042114258 0.0044555664
0.99902344 -0.012756348 0.042114258 0.0045166016
0.99902344 -0.012817383 0.042114258 0.0045776367
0.99902344 -0.012878418 0.042114258 0.0045776367
0.99902344 -0.012939453 0.042114258 0.004638672
0.99902344 -0.013000488 0.042114258 0.004699707
0.99902344 -0.013061523 0.042114258 0.004760742
0.99902344 -0.013122559 0.042114258 0.0048217773
0.99902344 -0.013183594 0.042114258 0.0048828125
0.99902344 -0.013244629 0.042114258 0.0049438477
0.99902344 -0.013305664 0.042114258 0.005004883
0.99902344 -0.013427734 0.042114258 0.005065918
0.99902344 -0.0134887695 0.042114258 0.005065918
0.99902344 -0.013549805 0.042114258 0.005126953
0.99902344 -0.013549805 0.042114258 0.0051879883
0.99902344 -0.01361084 0.042114258 0.0052490234
0.99902344 -0.01361084 0.042114258 0.0053100586
0.99902344 -0.013671875 0.042114258 0.0053710938
0.99902344 -0.013671875 0.042114258 0.005432129
0.99902344 -0.01373291 0.042114258 0.005493164
0.99902344 -0.01373291 0.042114258 0.005493164
0.99902344 -0.013793945 0.042114258 0.005554199
0.99902344 -0.013793945 0.042114258 0.0056152344
0.99902344 -0.013793945 0.042114258 0.0056762695
0.99902344 -0.013793945 0.042114258 0.0057373047
0.99902344 -0.0138549805 0.042114258 0.00579834
0.99902344 -0.0138549805 0.042114258 0.005859375
0.99902344 -0.013916016 0.042114258 0.00592041
0.99902344 -0.013977051 0.042114258 0.0059814453
0.99902344 -0.013977051 0.042114258 0.0060424805
0.99902344 -0.013977051 0.042114258 0.0060424805
0.99902344 -0.014038086 0.042114258 0.0061035156
0.99902344 -0.014038086 0.042114258 0.006164551
0.99902344 -0.014099121 0.042053223 0.006225586
0.99902344 -0.014160156 0.042053223 0.006286621
0.99902344 -0.014160156 0.042053223 0.0063476562
0.99902344 -0.014160156 0.042053223 0.0064086914
0.99902344 -0.014160156 0.042053223 0.0064697266
0.9989624 -0.014160156 0.042053223 0.0065307617
0.9989624 -0.014160156 0.042053223 0.0065307617
0.9989624 -0.014221191 0.042053223 0.006591797
0.9989624 -0.014221191 0.042053223 0.006652832
0.9989624 -0.014038086 0.042236328 0.006652832
0.9989624 -0.0126953125 0.042785645 0.0063476562
0.9989624 -0.012634277 0.043395996 0.0053100586
0.99890137 -0.0146484375 0.043762207 0.0037231445
0.99890137 -0.017700195 0.043945312 0.0020141602
0.99884033 -0.019226074 0.044006348 0.00061035156
0.99884033 -0.020874023 0.043945312 -0.00091552734
0.9987793 -0.02331543 0.043823242 -0.0024414062
0.99871826 -0.025878906 0.043762207 -0.0038452148
0.9986572 -0.028076172 0.043823242 -0.005126953
0.9985962 -0.029541016 0.044067383 -0.006225586
0.99853516 -0.030212402 0.044311523 -0.007080078
0.99853516 -0.030151367 0.044677734 -0.0078125
0.99853516 -0.02935791 0.04510498 -0.008483887
0.99853516 -0.02709961 0.045715332 -0.009033203
0.99853516 -0.026062012 0.04638672 -0.00970459
0.99835205 -0.03186035 0.04663086 -0.009277344
0.9980469 -0.04034424 0.04724121 -0.0076293945
0.99798584 -0.042053223 0.04748535 -0.006591797
0.9981079 -0.03857422 0.048034668 -0.0052490234
0.99823 -0.034973145 0.048461914 -0.0041503906
0.998291 -0.03161621 0.049316406 -0.0028686523
0.99823 -0.029968262 0.05078125 -0.001159668
0.99816895 -0.028930664 0.05267334 0.0009765625
0.9980469 -0.029663086 0.054870605 0.0034179688
0.99786377 -0.030639648 0.05718994 0.0060424805
0.99768066 -0.03125 0.059692383 0.008605957
0.9974365 -0.03375244 0.06225586 0.010620117
0.99713135 -0.038024902 0.06439209 0.011657715
0.99676514 -0.044799805 0.06561279 0.0115356445
0.99645996 -0.051940918 0.06567383 0.010803223
0.9961548 -0.05847168 0.064697266 0.010009766
0.9959717 -0.06298828 0.06311035 0.00970459
0.99591064 -0.06561279 0.061279297 0.009887695
0.9957886 -0.06890869 0.059509277 0.0107421875
0.99560547 -0.072631836 0.0579834 0.012207031
0.99523926 -0.07763672 0.05682373 0.014099121
0.994812 -0.08331299 0.055847168 0.016479492
0.99432373 -0.08874512 0.05493164 0.019226074
0.9939575 -0.09265137 0.054016113 0.022277832
0.99365234 -0.095947266 0.05303955 0.025634766
0.99328613 -0.0993042 0.052124023 0.029174805
0.99279785 -0.10333252 0.051513672 0.03277588
0.9920044 -0.10925293 0.05114746 0.036621094
0.99102783 -0.11669922 0.050964355 0.040771484
0.98986816 -0.124694824 0.050598145 0.04547119
0.98864746 -0.13250732 0.049926758 0.050598145
0.9873657 -0.13983154 0.04888916 0.05609131
0.9859619 -0.14758301 0.047302246 0.061828613
0.9845581 -0.15490723 0.04510498 0.0680542
0.9830322 -0.16217041 0.042663574 0.074645996
0.98132324 -0.1696167 0.039916992 0.08129883
0.97961426 -0.17687988 0.036987305 0.087890625
0.97766113 -0.18463135 0.033813477 0.09429932
0.9755249 -0.19299316 0.030517578 0.10058594
0.97314453 -0.2020874 0.027282715 0.1071167
0.970459 -0.21136475 0.024108887 0.11395264
0.96759033 -0.22045898 0.021057129 0.121520996
0.9644165 -0.22979736 0.018188477 0.12957764
0.9609375 -0.23956299 0.015136719 0.13787842
0.95721436 -0.24969482 0.0115356445 0.1459961
0.95318604 -0.26013184 0.0072021484 0.15386963
0.9490967 -0.2705078 0.0021362305 0.16137695
0.9448242 -0.2808838 -0.0037841797 0.16851807
0.9406128 -0.29052734 -0.010375977 0.175354
0.93640137 -0.29974365 -0.01763916 0.18151855
0.932312 -0.30859375 -0.025878906 0.18682861
0.9284668 -0.3163452 -0.03515625 0.19128418
0.92523193 -0.3222046 -0.04522705 0.1951294
0.9220581 -0.32763672 -0.056152344 0.19818115
0.9189453 -0.33276367 -0.067871094 0.20056152
0.9159546 -0.33691406 -0.08026123 0.20269775
0.91296387 -0.3406372 -0.09313965 0.20452881
0.9094238 -0.34527588 -0.10662842 0.20581055
0.9053345 -0.35083008 -0.1204834 0.20666504
0.901001 -0.35656738 -0.13464355 0.20709229
0.8967285 -0.36157227 -0.14904785 0.20709229
0.89263916 -0.3656006 -0.16394043 0.206604
0.88861084 -0.3687744 -0.17932129 0.2055664
0.88446045 -0.37158203 -0.19500732 0.20397949
0.880249 -0.37408447 -0.21099854 0.20178223
0.8757324 -0.37683105 -0.22705078 0.19885254
0.87072754 -0.3803711 -0.2432251 0.19494629
0.8652954 -0.38446045 -0.25933838 0.19036865
0.8596802 -0.38861084 -0.27508545 0.18511963
0.85443115 -0.39172363 -0.29022217 0.1796875
0.8497925 -0.39349365 -0.3045044 0.17388916
0.8463135 -0.39318848 -0.31781006 0.16766357
0.8444214 -0.39013672 -0.32989502 0.16107178
0.8434448 -0.38586426 -0.34088135 0.15338135
0.84277344 -0.38208008 -0.350708 0.14404297
0.8427124 -0.3781128 -0.3590088 0.1340332
0.84313965 -0.3739624 -0.36590576 0.12384033
0.8440552 -0.36956787 -0.37164307 0.11352539
0.84558105 -0.3640747 -0.37652588 0.103271484
0.8475342 -0.35821533 -0.38049316 0.09289551
0.8496704 -0.3526001 -0.38342285 0.082214355
0.8519287 -0.3475952 -0.38513184 0.07141113
0.8544922 -0.3425293 -0.3857422 0.06109619
0.85723877 -0.33728027 -0.38568115 0.051208496
0.8600464 -0.3320923 -0.38519287 0.04156494
0.862854 -0.3265381 -0.38452148 0.032165527
0.8654175 -0.3215332 -0.38360596 0.022644043
0.8676758 -0.3173828 -0.38238525 0.012756348
0.8701782 -0.3128662 -0.38067627 0.0030517578
0.87286377 -0.30792236 -0.37854004 -0.0064086914
0.8758545 -0.30236816 -0.37579346 -0.015319824
0.8791504 -0.29638672 -0.37243652 -0.023620605
0.8826904 -0.29003906 -0.3684082 -0.031311035
0.8864136 -0.2836914 -0.3637085 -0.03894043
0.8900757 -0.27783203 -0.35827637 -0.04711914
0.89367676 -0.2723999 -0.3522339 -0.055908203
0.8972168 -0.26672363 -0.3458252 -0.06518555
0.9008179 -0.260437 -0.3392334 -0.0748291
0.904541 -0.25335693 -0.3324585 -0.08441162
0.90838623 -0.24542236 -0.32537842 -0.093688965
0.9122925 -0.23687744 -0.31774902 -0.1027832
0.91638184 -0.22766113 -0.30969238 -0.11175537
0.9194946 -0.22113037 -0.30114746 -0.12207031
0.9226074 -0.21398926 -0.29260254 -0.13171387
0.9262085 -0.20440674 -0.28430176 -0.13970947
0.92926025 -0.19683838 -0.2755127 -0.14776611
0.93273926 -0.18743896 -0.26672363 -0.15411377
0.9362793 -0.17749023 -0.25756836 -0.15979004
0.9436035 -0.15722656 -0.23614502 -0.17047119
0.9470825 -0.14819336 -0.22363281 -0.17614746
0.9505615 -0.13903809 -0.21020508 -0.18145752
0.9540405 -0.13000488 -0.19580078 -0.18597412
0.9576416 -0.11968994 -0.18078613 -0.18945312
0.9636841 -0.10253906 -0.14923096 -0.19628906
0.96606445 -0.09448242 -0.13446045 -0.19927979
0.9680786 -0.08673096 -0.12084961 -0.20166016
0.96972656 -0.08068848 -0.10784912 -0.20361328
0.97094727 -0.077819824 -0.09539795 -0.20526123
0.97229004 -0.072753906 -0.0847168 -0.20544434
0.9734497 -0.068359375 -0.07507324 -0.20501709
0.97424316 -0.06774902 -0.06616211 -0.20465088
0.97528076 -0.064331055 -0.05871582 -0.203125
0.9763794 -0.06060791 -0.051574707 -0.2008667
0.9776001 -0.05633545 -0.044555664 -0.19787598
0.9788208 -0.051513672 -0.03704834 -0.19458008
0.9798584 -0.047180176 -0.028869629 -0.19177246
0.98065186 -0.043640137 -0.019897461 -0.18969727
0.98132324 -0.039916992 -0.010375977 -0.18774414
0.9819946 -0.035705566 -0.0004272461 -0.18554688
0.98254395 -0.03161621 0.009765625 -0.18292236
0.98321533 -0.02734375 0.020019531 -0.17944336
0.98376465 -0.02368164 0.030395508 -0.17529297
0.9842529 -0.020751953 0.040222168 -0.17095947
0.98461914 -0.017333984 0.04876709 -0.16687012
0.9849243 -0.013122559 0.05609131 -0.16314697
0.9851074 -0.009338379 0.06274414 -0.15966797
0.98535156 -0.005859375 0.0692749 -0.15588379
0.98553467 -0.001953125 0.0758667 -0.1515503
0.9855957 -0.002319336 0.08050537 -0.1486206
0.9859619 -0.001953125 0.08654785 -0.1428833
0.98651123 0.005432129 0.09033203 -0.13659668
0.9869995 0.0056152344 0.09509277 -0.12939453
0.9875488 0.009338379 0.1003418 -0.12097168
0.987854 0.018554688 0.10687256 -0.11138916
0.9880371 0.021606445 0.11352539 -0.10223389
0.98828125 0.022888184 0.11804199 -0.093933105
0.98828125 0.03186035 0.12286377 -0.08514404
0.98828125 0.02746582 0.12927246 -0.076538086
0.9882202 0.025878906 0.13415527 -0.0692749
0.9882202 0.024047852 0.13702393 -0.06335449
0.9885254 0.022216797 0.1375122 -0.058288574
0.9890747 0.021728516 0.13574219 -0.053222656
0.9898071 0.022033691 0.13238525 -0.047607422
0.9906006 0.023864746 0.12805176 -0.041015625
0.9914551 0.026428223 0.12347412 -0.0335083
0.99212646 0.028076172 0.119262695 -0.02520752
0.99279785 0.028442383 0.11529541 -0.016235352
0.99334717 0.027954102 0.1116333 -0.007080078
0.9937744 0.026550293 0.10821533 0.0015869141
0.9941406 0.02532959 0.10467529 0.009521484
0.9944458 0.025024414 0.10095215 0.016906738
0.99468994 0.024108887 0.09729004 0.024108887
0.99487305 0.021972656 0.093688965 0.031311035
0.9949951 0.020935059 0.08996582 0.038391113
0.9949951 0.021911621 0.08618164 0.04522705
0.9949951 0.023132324 0.08239746 0.051635742
0.9949341 0.023986816 0.07849121 0.057495117
0.9949341 0.024414062 0.074279785 0.06298828
0.9949341 0.024963379 0.06958008 0.068115234
0.9949341 0.026062012 0.06439209 0.07293701
0.9949341 0.026550293 0.058410645 0.07727051
0.9949951 0.026550293 0.051757812 0.08117676
0.99505615 0.026733398 0.044128418 0.0847168
0.9951172 0.026672363 0.03564453 0.08807373
0.9951172 0.026306152 0.026489258 0.091308594
0.99505615 0.026977539 0.016906738 0.09436035
0.994812 0.02960205 0.0072631836 0.09698486
0.9945679 0.032348633 -0.0018920898 0.09893799
0.9942627 0.03564453 -0.010131836 0.10028076
0.9939575 0.038635254 -0.017822266 0.10089111
0.9937134 0.04144287 -0.024902344 0.101135254
0.99346924 0.04309082 -0.03125 0.10095215
0.99334717 0.043151855 -0.03692627 0.10040283
0.9932251 0.04284668 -0.0423584 0.09967041
0.993042 0.04309082 -0.047729492 0.09893799
0.99279785 0.043762207 -0.053100586 0.09832764
0.9924927 0.04473877 -0.058410645 0.097717285
0.99224854 0.04522705 -0.06329346 0.09667969
0.99212646 0.04473877 -0.06768799 0.09509277
0.99212646 0.044189453 -0.07165527 0.09295654
0.9920654 0.044555664 -0.0748291 0.0904541
0.99212646 0.0446167 -0.07720947 0.087768555
0.99224854 0.04437256 -0.07873535 0.08502197
0.99243164 0.0435791 -0.079711914 0.082336426
0.9926758 0.042297363 -0.080444336 0.07965088
0.9928589 0.04107666 -0.08117676 0.07696533
0.993042 0.040039062 -0.08203125 0.074279785
0.9932251 0.039001465 -0.08300781 0.07171631
0.99334717 0.038085938 -0.084106445 0.06903076
0.99346924 0.037109375 -0.08520508 0.066345215
0.9935913 0.035888672 -0.085998535 0.0637207
0.9937744 0.03479004 -0.086242676 0.061401367
0.9939575 0.033691406 -0.085998535 0.059387207
0.9941406 0.032470703 -0.085510254 0.057434082
0.99438477 0.031188965 -0.08496094 0.05529785
0.9945679 0.029663086 -0.08453369 0.052856445
0.994751 0.028198242 -0.084350586 0.05029297
0.9949341 0.026916504 -0.08441162 0.047912598
0.99505615 0.025512695 -0.08441162 0.045776367
0.9951782 0.023803711 -0.08428955 0.044067383
0.9953003 0.02166748 -0.083984375 0.042663574
0.99542236 0.019470215 -0.08355713 0.04156494
0.99554443 0.01739502 -0.08306885 0.04058838
0.9956665 0.015686035 -0.08258057 0.039733887
0.99572754 0.014465332 -0.082336426 0.039001465
0.9957886 0.013549805 -0.082336426 0.038330078
0.9957886 0.012817383 -0.0826416 0.037597656
0.9957886 0.012268066 -0.08325195 0.0368042
0.99572754 0.0119018555 -0.08404541 0.036010742
0.99572754 0.011413574 -0.08477783 0.035217285
0.9956665 0.010498047 -0.08538818 0.0345459
0.9956665 0.009460449 -0.085876465 0.034057617
0.9956665 0.008666992 -0.086120605 0.03375244
0.9956665 0.007873535 -0.086242676 0.03363037
0.9956665 0.007080078 -0.08618164 0.03338623
0.99572754 0.0063476562 -0.08605957 0.03314209
0.9957886 0.0056152344 -0.085754395 0.03277588
0.9957886 0.004760742 -0.08538818 0.032409668
0.9958496 0.004272461 -0.08496094 0.032104492
0.99591064 0.0041503906 -0.08459473 0.031921387
0.99591064 0.0040893555 -0.084350586 0.031799316
0.99591064 0.003540039 -0.08416748 0.031677246
0.9959717 0.0028076172 -0.084106445 0.03149414
0.9959717 0.002319336 -0.084106445 0.03137207
0.9959717 0.0018920898 -0.084106445 0.03125
0.9959717 0.0014038086 -0.084106445 0.030944824
0.9959717 0.0009765625 -0.08404541 0.030578613
0.9960327 0.0005493164 -0.08380127 0.030090332
0.99609375 0.000061035156 -0.08325195 0.029724121
0.9961548 -0.0005493164 -0.08258057 0.02935791
0.9962158 -0.0014038086 -0.081726074 0.028930664
0.9963379 -0.0022583008 -0.08093262 0.028442383
0.9963989 -0.0031738281 -0.08013916 0.028015137
0.99645996 -0.0040893555 -0.07946777 0.027648926
0.996521 -0.0049438477 -0.07891846 0.02734375
0.996521 -0.0056762695 -0.078552246 0.02722168
0.996521 -0.006286621 -0.07836914 0.02709961
0.996521 -0.0068969727 -0.07824707 0.026977539
0.99658203 -0.007446289 -0.078186035 0.026733398
0.99658203 -0.00793457 -0.078125 0.026428223
0.99658203 -0.008361816 -0.07800293 0.026062012
0.99658203 -0.008850098 -0.077819824 0.0256958
0.99664307 -0.009338379 -0.07751465 0.02520752
0.99664307 -0.009887695 -0.0770874 0.024658203
0.9967041 -0.010498047 -0.07672119 0.024108887
0.99676514 -0.011169434 -0.07635498 0.023620605
0.99676514 -0.012084961 -0.076049805 0.02319336
0.99676514 -0.012939453 -0.075927734 0.022827148
0.99676514 -0.0138549805 -0.075927734 0.022460938
0.99676514 -0.014709473 -0.076049805 0.022216797
0.9967041 -0.0154418945 -0.076293945 0.021972656
0.9967041 -0.016052246 -0.07672119 0.021728516
0.99664307 -0.016418457 -0.07720947 0.02154541
0.99658203 -0.016723633 -0.07775879 0.02142334
0.99658203 -0.017089844 -0.078186035 0.02142334
0.996521 -0.017578125 -0.078430176 0.021362305
0.996521 -0.018127441 -0.07861328 0.02142334
0.996521 -0.018920898 -0.07861328 0.02142334
0.99645996 -0.01977539 -0.078552246 0.021362305
0.99645996 -0.020690918 -0.078552246 0.021118164
0.99645996 -0.021362305 -0.07867432 0.020751953
0.99645996 -0.021850586 -0.07885742 0.020446777
0.9963989 -0.022338867 -0.07904053 0.020202637
0.9963989 -0.022827148 -0.07922363 0.019958496
0.9963989 -0.023254395 -0.07940674 0.01977539
0.9963379 -0.02368164 -0.07940674 0.01965332
0.9963379 -0.024108887 -0.07940674 0.01940918
0.9963379 -0.024475098 -0.07940674 0.019042969
0.9963379 -0.024658203 -0.07946777 0.018676758
0.9963989 -0.024780273 -0.0793457 0.018188477
0.996521 -0.018615723 -0.07952881 0.017150879
0.996521 -0.018859863 -0.07928467 0.016540527
0.99658203 -0.019104004 -0.07904053 0.015930176
0.99658203 -0.019592285 -0.07873535 0.015319824
0.99658203 -0.020324707 -0.07836914 0.014709473
0.99664307 -0.021118164 -0.07800293 0.014160156
0.99664307 -0.021972656 -0.077697754 0.013671875
0.99664307 -0.022827148 -0.07739258 0.013183594
0.99664307 -0.023620605 -0.0770874 0.012878418
0.99664307 -0.024414062 -0.07684326 0.012573242
0.99664307 -0.02520752 -0.076538086 0.012329102
0.9967041 -0.025939941 -0.076293945 0.012084961
0.9967041 -0.026550293 -0.07611084 0.01184082
0.9967041 -0.027038574 -0.07598877 0.01159668
0.99664307 -0.02746582 -0.07598877 0.011352539
0.99664307 -0.027954102 -0.07598877 0.010986328
0.99664307 -0.028442383 -0.076049805 0.010681152
0.99664307 -0.028869629 -0.076049805 0.010314941
0.99664307 -0.02947998 -0.07598877 0.010009766
0.99658203 -0.030151367 -0.0758667 0.00970459
0.99658203 -0.030761719 -0.075805664 0.009399414
0.99676514 -0.024902344 -0.075805664 0.008666992
0.9968872 -0.019165039 -0.0758667 0.00793457
0.9970093 -0.013793945 -0.075805664 0.0071411133
0.9970703 -0.008666992 -0.075805664 0.0063476562
0.99713135 -0.0036010742 -0.075683594 0.005554199
0.99713135 0.0013427734 -0.07574463 0.0048217773
