0 0 0
0 0 0
0 0 0
0 0 0
0 0 0
0 0 0
359.9375 -0.1875 -0.75
359.9375 -0.125 -0.75
0 -0.125 -0.8125
0 -0.125 -0.875
0 -0.125 -0.9375
0 -0.125 -1
0 -0.125 -1.0625
0 -0.125 -1.1875
0 -0.1875 -1.3125
0 -0.1875 -1.4375
0 -0.1875 -1.5
0 -0.1875 -1.5
0 -0.1875 -1.625
359.9375 -0.1875 -1.75
359.9375 -0.1875 -1.875
0.25 16.5 16.875
0.25 16.5 16.6875
0.25 16.5625 16.625
0.25 16.5625 16.5625
0.25 16.625 16.5
0.25 16.625 16.375
0.25 16.625 16.0625
0.25 16.625 15.9375
0.25 16.6875 15.75
0.25 16.6875 15.5625
0.25 16.8125 15.375
0.25 16.9375 15.25
0.3125 17 15.1875
0.4375 17.375 15
0.5625 17.5625 14.9375
0.75 17.8125 14.875
0.9375 18 14.8125
1.125 18.25 14.8125
1.375 18.4375 14.75
2.0625 18.6875 14.375
2.5 18.8125 14.3125
3.375 19 14.3125
3.875 19.0625 14.3125
4.3125 19.0625 14.3125
4.875 19.0625 14.375
5.875 19.125 14.875
6.4375 19.0625 15.1875
7.0625 18.875 15.4375
7.75 18.5625 15.625
9.25 17.6875 16.125
10.0625 17.1875 16.4375
10.875 16.625 16.6875
11.6875 16.0625 17
12.4375 15.4375 17.3125
13.6875 14.125 18
14.25 13.5 18.375
14.75 12.8125 18.75
15.25 12.0625 19.1875
15.6875 11.3125 19.5625
16.375 9.625 20.4375
16.6875 8.6875 20.8125
16.9375 7.75 21.0625
17.125 6.75 21.3125
17.1875 5.75 21.6875
17.125 4.75 22.0625
17 2.5625 22.25
16.9375 1.5 22.3125
16.8125 0.5625 22.375
16.6875 -0.25 22.5625
16.5 -1 22.8125
16.1875 -1.6875 23.1875
15.1875 -3.0625 23.875
14.5625 -3.8125 24.125
13.875 -4.5 24.5
13.125 -5.1875 24.9375
11.3125 -6.5 26.0625
11.3125 -6.5 26.0625
9 -7.8125 26.375
7.75 -8.5 26.5
6.5 -9.0625 26.5625
5.25 -9.5625 26.6875
3.875 -9.9375 26.75
2.5 -10.125 26.8125
359.75 -10.125 27.25
358.3125 -10 27.375
356.9375 -9.75 27.5625
355.5625 -9.5625 27.6875
354.125 -9.3125 27.6875
350.9375 -8.9375 27.3125
349.4375 -8.6875 26.875
348 -8.375 26.5625
346.625 -8 26.25
344 -7.0625 25.6875
342.75 -6.5625 25.3125
341.5625 -6.125 24.75
340.5625 -5.75 24
339.625 -5.3125 23.1875
338.75 -4.75 22.5
336.9375 -3.5625 21.4375
336.125 -3 20.9375
335.3125 -2.375 20.4375
334.625 -1.8125 20
333.9375 -1.1875 19.5
332.8125 0 18.625
331.75 1.3125 18
331.3125 1.9375 17.5625
330.875 2.5625 17.1875
330.4375 3.25 16.75
330.0625 3.9375 16.3125
329.6875 4.625 15.9375
329.125 6 15.25
328.875 6.6875 14.875
328.75 7.3125 14.4375
328.6875 7.875 14
328.75 8.4375 13.6875
328.875 8.9375 13.375
329.0625 9.5 13.0625
329.3125 10 12.625
329.5625 10.5625 12.25
329.5625 10.5625 12.25
330.25 11.5625 11.375
330.625 12 11.0625
331.0625 12.5 10.8125
331.0625 12.5 10.8125
331.5 12.9375 10.5625
331.9375 13.375 10.375
332.375 13.875 10.1875
333.3125 14.875 9.6875
333.75 15.375 9.4375
333.75 15.375 9.4375
334.3125 15.8125 9.25
334.9375 16.3125 9.125
335.5625 16.75 8.9375
336.25 17.1875 8.8125
336.9375 17.5625 8.6875
337.625 18 8.5
338.3125 18.375 8.25
339 18.8125 8.0625
339.625 19.25 7.875
340.3125 19.75 7.875
341 20.25 7.8125
341.625 20.6875 7.8125
342.9375 21.5625 7.75
342.9375 21.5625 7.75
344.1875 22.25 7.75
344.8125 22.5625 7.6875
345.375 22.8125 7.6875
345.9375 23.0625 7.6875
346.5 23.25 7.6875
347.125 23.4375 7.8125
347.6875 23.5625 7.9375
348.3125 23.75 8.1875
348.9375 23.8125 8.4375
350.3125 23.875 9.125
351.0625 23.8125 9.375
351.875 23.6875 9.625
353.375 23.3125 10.1875
353.375 23.3125 10.1875
354.6875 23.0625 10.5625
355.1875 23 10.625
355.625 22.9375 10.4375
355.875 22.9375 10.3125
356.1875 22.9375 10.25
356.5 22.875 10.25
356.875 22.75 10.3125
357.3125 22.625 10.3125
357.8125 22.5 10.375
357.8125 22.5 10.375
358.75 22.3125 10.5
358.75 22.3125 10.5
359.5 22.1875 10.6875
359.8125 22.1875 10.6875
0.125 22.1875 10.5625
0.375 22.125 10.4375
0.5625 22.0625 10.3125
0.75 22 10.125
1 21.9375 10
1.1875 21.875 9.9375
1.3125 21.875 9.9375
1.4375 21.875 9.875
1.5625 21.9375 9.875
1.625 22 9.8125
1.6875 22.0625 9.75
1.6875 22.125 9.6875
1.6875 22.125 9.6875
1.6875 22.1875 9.5625
1.6875 22.1875 9.4375
1.6875 22.25 9.3125
1.6875 22.3125 9.1875
1.625 22.3125 9.125
1.625 22.375 9.0625
1.625 22.375 8.9375
1.5625 22.375 8.8125
1.5 22.375 8.6875
1.5 22.375 8.5625
1.4375 22.375 8.4375
1.375 22.3125 8.3125
1.3125 22.3125 8.1875
1.25 22.25 8
1.1875 22.1875 7.8125
1.1875 22.125 7.6875
1.1875 22.125 7.5625
1.1875 22.0625 7.5
1.1875 22.0625 7.375
