0 0 0
0 0 0
0 0 0
0 0 0
0 0 0
0 0 0
359.9375 0 -0.5625
359.9375 0 -0.75
359.9375 -0.0625 -0.875
359.9375 -0.0625 -0.9375
359.9375 -0.0625 -1.125
359.9375 -0.0625 -1.1875
359.9375 -0.0625 -1.25
359.9375 -0.125 -1.3125
359.9375 -0.125 -1.5
359.9375 -0.125 -1.625
359.9375 -0.125 -1.6875
359.9375 -0.125 -1.75
359.9375 -0.125 -1.875
359.9375 -0.125 -1.9375
359.875 -0.125 -2.125
0.125 13.25 10.75
0.125 13.25 10.6875
0.1875 13.25 10.5
0.1875 13.3125 10.4375
0.1875 13.375 10.375
0.3125 13.5625 10.1875
0.375 13.6875 10.125
0.5 13.875 10.0625
0.6875 14 10.0625
1.0625 14.3125 9.9375
1.3125 14.4375 9.875
1.5625 14.5 9.875
2.25 14.5 9.6875
2.625 14.4375 9.5625
3 14.3125 9.5
3.8125 14.0625 9.5625
4.1875 13.875 9.6875
4.6875 13.625 9.8125
5.8125 12.5 9.8125
6.4375 11.8125 9.8125
7 10.9375 9.75
7.625 10.0625 9.6875
8.8125 8.25 9.625
9.3125 7.3125 9.625
9.75 6.4375 9.625
10.4375 4.6875 9.625
10.6875 3.8125 9.8125
10.875 2.9375 10
11 2.125 10.25
11.0625 0.5 10.8125
10.9375 -0.1875 11.125
10.75 -0.9375 11.375
10.4375 -1.75 11.75
9.6875 -3.4375 12
9.25 -4.375 12
8.8125 -5.3125 11.875
8.3125 -6.125 11.875
7.375 -7.6875 12.25
6.8125 -8.375 12.5625
6.1875 -9.0625 12.875
5.4375 -9.75 13.1875
3.6875 -11.125 13.3125
2.625 -11.8125 13.3125
0.375 -12.8125 13.75
359.125 -13.125 14.3125
357.875 -13.375 14.9375
356.625 -13.5625 15.375
354 -13.875 15.8125
352.625 -13.9375 16.0625
351.25 -14 16.25
349.8125 -13.9375 16.4375
347.1875 -13.75 16.5625
346 -13.5625 16.5
344.875 -13.375 16.375
343.75 -13.125 16.3125
342.625 -12.8125 16.0625
340.375 -12.0625 15.5
339.3125 -11.5 15.125
338.3125 -10.9375 14.8125
336.375 -9.625 14.25
335.4375 -8.9375 13.9375
334.625 -8.25 13.5625
333.8125 -7.5625 13.25
332.4375 -6.0625 12.8125
331.875 -5.3125 12.5
331.25 -4.5625 12.25
330.6875 -3.8125 12
329.6875 -2.25 11.3125
329.1875 -1.5 10.875
328.8125 -0.75 10.5625
328.4375 0 10.1875
328.125 0.75 9.8125
327.6875 2.3125 9.0625
327.5625 3.125 8.75
327.4375 4 8.4375
327.375 4.875 8.125
327.1875 6.625 7.4375
327.125 7.4375 7.125
327.1875 8.3125 6.8125
327.3125 9.125 6.5
327.4375 9.875 6.1875
327.6875 10.625 5.8125
327.9375 11.3125 5.4375
328.25 11.9375 5.0625
328.5625 12.5625 4.6875
328.875 13.25 4.375
329.25 13.875 4.1875
329.6875 14.5625 4.125
330.125 15.3125 4.0625
330.625 15.9375 3.9375
331.875 17.3125 3.625
332.5 18 3.5625
332.5 18 3.5625
333.125 18.6875 3.625
334.5 20.125 3.875
335.25 20.8125 3.9375
335.9375 21.5 4
335.9375 21.5 4
336.6875 22.125 4.125
337.9375 23.25 4.4375
338.625 23.6875 4.625
338.625 23.6875 4.625
339.875 24.3125 4.9375
340.5 24.4375 4.875
341.125 24.5625 4.8125
341.8125 24.5625 4.75
342.4375 24.5625 4.75
343 24.5 4.625
343.625 24.3125 4.375
343.625 24.3125 4.375
344.25 24.0625 4.125
344.875 23.8125 3.875
346.1875 23.3125 3.6875
346.1875 23.3125 3.6875
346.875 23.0625 3.75
347.625 22.8125 3.8125
348.3125 22.625 4.0625
348.9375 22.5 4.375
349.625 22.4375 4.875
350.25 22.4375 5.5
350.9375 22.3125 6
351.625 22.1875 6.4375
352.375 22.0625 6.9375
353.0625 21.875 7.375
353.8125 21.625 7.8125
354.5 21.4375 8.25
355.125 21.125 8.5625
356.375 20.4375 8.8125
356.375 20.4375 8.8125
357 20.0625 8.8125
357.6875 19.625 8.8125
358.9375 18.875 8.9375
359.4375 18.5 9
359.875 18.1875 9.0625
359.875 18.1875 9.0625
0.75 17.6875 8.9375
0.75 17.6875 8.9375
1.5625 17.3125 8.6875
2 17.125 8.625
2.4375 17 8.5
2.4375 17 8.5
3.125 16.8125 8.375
3.375 16.8125 8.375
3.375 16.8125 8.375
3.5 16.8125 8.3125
3.625 16.875 8.3125
3.8125 17.0625 8.3125
3.8125 17.1875 8.3125
3.875 17.3125 8.375
3.8125 17.4375 8.3125
3.75 17.5625 8.25
3.6875 17.6875 8.125
3.625 17.75 8.0625
3.5 17.875 7.75
3.375 17.9375 7.5625
3.25 17.9375 7.375
3.25 17.9375 7.375
3.0625 18 7.25
2.9375 18 7
2.8125 18 6.8125
2.6875 18.0625 6.625
