0 0 0
0 0 0
0 0 0
0 0 0
0 0 0
359.8125 -0.125 -0.5
359.8125 -0.125 -0.625
359.75 -0.1875 -0.8125
359.75 -0.1875 -0.875
359.75 -0.1875 -0.9375
359.75 -0.1875 -1
359.75 -0.1875 -1.1875
359.75 -0.25 -1.25
359.75 -0.25 -1.375
359.75 -0.25 -1.5
359.75 -0.25 -1.625
359.6875 -0.25 -1.6875
359.6875 -0.3125 -1.875
359.625 -0.3125 -2
359.625 -0.3125 -2.125
359.625 -0.3125 -2.1875
359.625 -0.25 -2.375
359.625 -0.1875 -2.4375
359.5625 -0.125 -2.75
359.5 0 -2.875
359.4375 0.125 -2.9375
359.375 0.4375 -2.9375
359.25 1.125 -2.875
359.25 1.5625 -2.875
359.25 2 -2.9375
359.375 2.5 -3
359.5 3 -3.25
359.625 3.5 -3.375
359.75 4.0625 -3.375
359.9375 4.5625 -3.4375
0.1875 5.0625 -3.5
0.4375 5.5625 -3.5625
0.8125 6 -3.5625
1.5 6.8125 -3.5625
1.875 7.125 -3.625
2.25 7.4375 -3.6875
2.6875 7.8125 -3.75
3.5625 8.375 -3.75
4.125 8.625 -3.875
4.75 8.75 -4
5.4375 8.75 -4.1875
6.1875 8.6875 -4.3125
7.625 8.375 -4.5
8.3125 8.1875 -4.75
8.9375 8 -4.8125
9.5625 7.8125 -4.75
10.1875 7.6875 -4.8125
10.8125 7.5 -4.9375
11.375 7.25 -4.9375
11.9375 6.9375 -4.875
12.5 6.625 -4.6875
13.125 6.25 -4.75
13.75 5.8125 -4.8125
14.375 5.3125 -4.8125
14.9375 4.8125 -4.875
15.5 4.3125 -5
16.0625 3.75 -4.9375
16.5625 3.125 -4.875
17.0625 2.4375 -4.8125
17.625 1.625 -4.9375
18.0625 0.8125 -5
18.5 -0.0625 -5.0625
18.875 -1 -5.1875
19.1875 -1.9375 -5.25
19.4375 -2.9375 -5.4375
19.5625 -3.9375 -5.625
19.8125 -5.8125 -5.8125
19.8125 -5.8125 -5.8125
19.875 -7.5 -5.625
19.8125 -8.25 -5.375
19.5625 -9.0625 -4.9375
19.1875 -9.9375 -4.5
18.25 -12 -4.3125
17.8125 -13 -4.5
17.375 -14 -4.625
16.9375 -14.8125 -4.6875
15.9375 -16.3125 -4
15.25 -17.0625 -3.5
14.5 -17.875 -3
13.75 -18.875 -2.75
13 -19.875 -2.6875
12.3125 -20.875 -2.5625
10.8125 -23 -2.4375
9.875 -24.125 -2.375
8.9375 -25.3125 -2.3125
7.9375 -26.375 -2.25
6.9375 -27.3125 -2
6 -28.25 -1.75
3.9375 -29.875 -1.375
2.9375 -30.625 -1.25
1.875 -31.1875 -1.1875
0.875 -31.6875 -1.125
358.8125 -32.25 -0.625
358.8125 -32.25 -0.625
356.75 -32.3125 -0.125
355.75 -32.1875 0.1875
354.6875 -32.0625 0.5
353.6875 -31.8125 0.5
351.75 -31.0625 0.8125
350.9375 -30.5625 1.0625
350.125 -29.9375 1.3125
349.3125 -29.3125 1.5625
348.5625 -28.75 1.75
347.0625 -27.4375 2.1875
346.375 -26.8125 2.3125
345.625 -26.125 2.3125
345 -25.4375 2.375
344.3125 -24.6875 2.3125
343.6875 -24 2.1875
342.4375 -22.5625 2.125
341.875 -21.8125 2.0625
341.3125 -21 1.875
340.8125 -20.1875 1.625
340.0625 -18.3125 1.25
339.75 -17.375 1
339.5 -16.4375 0.75
339.3125 -15.5 0.4375
339.125 -14.625 0
339 -13.6875 -0.3125
338.8125 -11.875 -0.9375
338.8125 -11 -1.1875
338.8125 -10.0625 -1.4375
338.875 -9.125 -1.6875
338.9375 -8.1875 -1.8125
338.9375 -7.25 -2
339 -6.4375 -2.25
339.0625 -5.625 -2.625
339.1875 -4.875 -3
339.375 -4 -3.375
339.625 -3.125 -3.5625
339.9375 -2.1875 -3.6875
340.25 -1.3125 -3.875
341 0.3125 -4.1875
341.375 1.125 -4.375
341.875 1.875 -4.625
342.375 2.625 -4.8125
342.375 2.625 -4.8125
342.9375 3.3125 -5
343.5 3.9375 -5.1875
344.125 4.4375 -5.5625
344.8125 4.875 -5.9375
345.5 5.3125 -6.1875
346.0625 5.75 -6.4375
346.625 6.3125 -6.5
347.25 6.9375 -6.625
347.8125 7.5625 -6.5625
348.375 8.125 -6.5
348.9375 8.625 -6.5625
349.5625 9 -6.75
350.125 9.375 -6.9375
350.625 9.5625 -7.0625
351.125 9.75 -7.1875
351.625 9.875 -7.4375
352.125 10.0625 -7.6875
352.625 10.1875 -7.8125
353.0625 10.3125 -7.9375
353.4375 10.375 -8.125
353.875 10.5 -8.3125
354.1875 10.5 -8.375
354.5 10.5 -8.4375
354.75 10.5625 -8.4375
354.9375 10.5625 -8.3125
355.0625 10.625 -8.125
355.1875 10.6875 -8
355.3125 10.75 -7.875
355.4375 10.75 -7.875
355.5625 10.75 -8
355.6875 10.6875 -8.0625
355.75 10.625 -8.25
355.8125 10.5 -8.375
355.875 10.375 -8.5625
356 10.3125 -8.8125
356.125 10.25 -8.9375
356.1875 10.25 -9
356.1875 10.3125 -9
356.1875 10.375 -8.9375
356.1875 10.4375 -8.875
356.0625 10.375 -8.8125
356 10.3125 -8.9375
356 10.1875 -9.0625
355.9375 10.125 -9.1875
355.9375 10 -9.3125
355.875 9.9375 -9.4375
355.875 9.875 -9.5
355.8125 9.8125 -9.5625
355.75 9.8125 -9.625
355.6875 9.75 -9.6875
355.625 9.75 -9.6875
355.5625 9.6875 -9.75
355.5625 9.5625 -9.875
355.5 9.5 -9.9375
355.5 9.375 -10.0625
355.5 9.3125 -10.125
355.5625 9.125 -10.375
