0 0 0 0
0 0 0 0
0 0 0 0
0 0 0 0
0 0 0 0
1 -0.005554199 0.0014648438 0.0015258789
1 -0.0063476562 0.0016479492 0.0018310547
1 -0.007080078 0.0017700195 0.0020751953
0.99993896 -0.008300781 0.0018310547 0.0021972656
0.99993896 -0.008911133 0.0018310547 0.0020751953
0.99993896 -0.0095825195 0.001953125 0.0020141602
0.99993896 -0.010375977 0.0020751953 0.0020141602
0.99993896 -0.012084961 0.002319336 0.0021362305
0.99993896 -0.012878418 0.002319336 0.0021362305
0.9998779 -0.01361084 0.002319336 0.0021362305
0.9998779 -0.015014648 0.0024414062 0.0022583008
0.9998779 -0.015930176 0.0026245117 0.0024414062
0.9998779 -0.016845703 0.0028686523 0.0026245117
0.9998169 -0.017822266 0.003112793 0.002746582
0.9998169 -0.019470215 0.0029907227 0.0028076172
0.9998169 -0.020141602 0.0026855469 0.0028076172
0.99975586 -0.020874023 0.002380371 0.0029907227
0.99975586 -0.022888184 0.0015869141 0.003540039
0.9996948 -0.024230957 0.0010375977 0.0037841797
0.9996948 -0.025512695 0.000061035156 0.0040893555
0.9996338 -0.026000977 -0.0040283203 0.0053100586
0.9996338 -0.025634766 -0.006958008 0.00592041
0.9996338 -0.025390625 -0.010314941 0.0063476562
0.99957275 -0.025268555 -0.014038086 0.0063476562
0.99938965 -0.026550293 -0.022033691 0.0053710938
0.9992676 -0.028442383 -0.026367188 0.004272461
0.9990845 -0.02947998 -0.030883789 0.003112793
0.99890137 -0.029785156 -0.035583496 0.0018310547
0.99871826 -0.030090332 -0.040161133 0.00018310547
0.99853516 -0.030700684 -0.04449463 -0.0018310547
0.998291 -0.03137207 -0.048461914 -0.004333496
0.9981079 -0.031677246 -0.05230713 -0.007080078
0.99786377 -0.03161621 -0.055847168 -0.010070801
0.99768066 -0.031982422 -0.059020996 -0.013183594
0.9973755 -0.032836914 -0.061950684 -0.016540527
0.9968262 -0.034301758 -0.06744385 -0.02355957
0.99658203 -0.034729004 -0.07019043 -0.02734375
0.99627686 -0.035095215 -0.072509766 -0.03149414
0.99591064 -0.036254883 -0.07409668 -0.036193848
0.99560547 -0.038269043 -0.07476807 -0.04168701
0.9949341 -0.041503906 -0.073913574 -0.054138184
0.9946289 -0.042419434 -0.072509766 -0.060302734
0.9939575 -0.046325684 -0.06842041 -0.0725708
0.9935913 -0.04724121 -0.066589355 -0.078186035
0.99328613 -0.047180176 -0.06500244 -0.08337402
0.9929199 -0.047607422 -0.06323242 -0.08862305
0.9924927 -0.04888916 -0.061157227 -0.094055176
0.9920654 -0.049438477 -0.05883789 -0.099243164
0.99176025 -0.048583984 -0.056274414 -0.104003906
0.9915161 -0.047302246 -0.05328369 -0.10882568
0.99108887 -0.04748535 -0.049560547 -0.11425781
0.9906006 -0.048034668 -0.04534912 -0.11975098
0.9901123 -0.047851562 -0.04107666 -0.12506104
0.98968506 -0.047790527 -0.036499023 -0.13018799
0.98913574 -0.048339844 -0.031555176 -0.1350708
0.9887085 -0.04748535 -0.026550293 -0.13964844
0.98828125 -0.046081543 -0.021118164 -0.14416504
0.98779297 -0.04510498 -0.014831543 -0.14855957
0.9871826 -0.04486084 -0.0078125 -0.15307617
0.98657227 -0.04437256 -0.00024414062 -0.1572876
0.9859619 -0.043884277 0.00793457 -0.16101074
0.98535156 -0.04345703 0.016296387 -0.16418457
0.9847412 -0.04260254 0.024719238 -0.16674805
0.9841919 -0.042419434 0.033569336 -0.16870117
0.9836426 -0.042419434 0.042541504 -0.16998291
0.9830322 -0.042114258 0.051208496 -0.17089844
0.9824829 -0.04119873 0.0592041 -0.17175293
0.9819946 -0.039489746 0.066467285 -0.17242432
0.9815674 -0.03704834 0.07312012 -0.17254639
0.9813843 -0.03363037 0.07928467 -0.17175293
0.98150635 -0.023803711 0.09222412 -0.16601562
0.9814453 -0.020690918 0.1003418 -0.1619873
0.98114014 -0.020263672 0.10949707 -0.15789795
0.9807129 -0.020751953 0.1184082 -0.1539917
0.97991943 -0.020568848 0.13391113 -0.14642334
0.9796753 -0.018249512 0.14007568 -0.14227295
0.9796753 -0.014160156 0.14550781 -0.13739014
0.9796753 -0.0095825195 0.15124512 -0.13153076
0.9794922 -0.0057373047 0.15789795 -0.12487793
0.9783325 -0.0028076172 0.1743164 -0.1116333
0.977417 -0.0020751953 0.18286133 -0.10559082
0.9764404 -0.0009765625 0.19165039 -0.099365234
0.97528076 -0.001159668 0.2008667 -0.09234619
0.973938 -0.0012207031 0.21038818 -0.084472656
0.9725342 -0.0018310547 0.2199707 -0.076049805
0.9696655 -0.001953125 0.23712158 -0.0592041
0.9682617 -0.0014648438 0.24475098 -0.05078125
0.9668579 -0.0014038086 0.25177002 -0.042175293
0.9654541 -0.0018310547 0.25836182 -0.0335083
0.9641113 -0.0029907227 0.26428223 -0.024780273
0.961853 -0.0067749023 0.27337646 -0.007385254
0.9611206 -0.007446289 0.276062 0.001159668
0.9605713 -0.008117676 0.277771 0.009765625
0.9602051 -0.008850098 0.27844238 0.018371582
0.960083 -0.008850098 0.27825928 0.026855469
0.960083 -0.0087890625 0.276062 0.044189453
0.96014404 -0.010864258 0.27423096 0.05291748
0.9603882 -0.012329102 0.2715454 0.061157227
0.96087646 -0.012817383 0.2678833 0.068847656
0.96154785 -0.012145996 0.2635498 0.076049805
0.96307373 -0.011108398 0.25360107 0.08972168
0.9637451 -0.010559082 0.24853516 0.09625244
0.9644165 -0.00982666 0.24334717 0.10272217
0.9650879 -0.009094238 0.23803711 0.10900879
0.96569824 -0.009094238 0.23254395 0.115356445
0.9663086 -0.009460449 0.22680664 0.12145996
0.96691895 -0.00970459 0.22088623 0.1272583
0.9680786 -0.01171875 0.2086792 0.13842773
0.9685669 -0.012512207 0.20251465 0.14398193
0.9690552 -0.012451172 0.19622803 0.14941406
0.9694824 -0.0126953125 0.18969727 0.15460205
0.97003174 -0.014099121 0.18273926 0.15942383
0.97143555 -0.016174316 0.16729736 0.16760254
0.972229 -0.016967773 0.15905762 0.1708374
0.9730835 -0.018127441 0.15063477 0.17358398
0.97387695 -0.019165039 0.14221191 0.17584229
0.9746704 -0.020629883 0.1338501 0.17779541
0.9761963 -0.024658203 0.11706543 0.18084717
0.9769287 -0.026367188 0.10870361 0.18182373
0.97772217 -0.027404785 0.10046387 0.18237305
0.979187 -0.028808594 0.08404541 0.18261719
0.9798584 -0.029174805 0.07562256 0.18243408
0.9805298 -0.028930664 0.06738281 0.18225098
0.9810791 -0.028686523 0.059509277 0.1821289
0.98150635 -0.029663086 0.052001953 0.18182373
0.9819336 -0.031677246 0.044555664 0.18115234
0.98236084 -0.033813477 0.037109375 0.18011475
0.9828491 -0.03540039 0.02947998 0.17858887
0.98339844 -0.0357666 0.02154541 0.1765747
0.9840088 -0.035461426 0.0134887695 0.17401123
0.98461914 -0.03540039 0.005554199 0.17114258
0.9851074 -0.035583496 -0.0020141602 0.16809082
0.9855957 -0.035949707 -0.009277344 0.16491699
0.986084 -0.03643799 -0.016174316 0.16131592
0.98657227 -0.03741455 -0.022827148 0.15722656
0.9871216 -0.038330078 -0.029296875 0.15270996
0.98760986 -0.039123535 -0.035339355 0.14794922
0.98809814 -0.040100098 -0.040649414 0.14300537
0.9885254 -0.042785645 -0.045166016 0.13745117
0.9890137 -0.046020508 -0.0491333 0.13153076
0.9894409 -0.047973633 -0.052978516 0.12585449
0.9898071 -0.049682617 -0.057128906 0.12054443
0.9901123 -0.050109863 -0.061706543 0.11566162
0.99035645 -0.05041504 -0.066711426 0.11065674
0.99053955 -0.049987793 -0.071777344 0.10559082
0.9907837 -0.049194336 -0.076538086 0.10058594
0.99090576 -0.049621582 -0.08074951 0.09539795
0.99102783 -0.051208496 -0.084106445 0.09020996
0.9911499 -0.052856445 -0.08673096 0.08526611
0.991333 -0.054016113 -0.08862305 0.08087158
0.99139404 -0.055725098 -0.09008789 0.076538086
0.9915161 -0.05810547 -0.09124756 0.07208252
0.99157715 -0.06011963 -0.09222412 0.06781006
0.9916992 -0.061706543 -0.09326172 0.06378174
0.99176025 -0.06311035 -0.094177246 0.05999756
0.99176025 -0.06500244 -0.0949707 0.05633545
0.99176025 -0.066711426 -0.095458984 0.052856445
0.9918823 -0.06762695 -0.095581055 0.049865723
0.99194336 -0.06817627 -0.095581055 0.047302246
0.9920654 -0.068481445 -0.095581055 0.04510498
0.99212646 -0.067871094 -0.09576416 0.043518066
0.99224854 -0.06628418 -0.09613037 0.04248047
0.9923706 -0.06488037 -0.09649658 0.04156494
0.99243164 -0.064208984 -0.09680176 0.04046631
0.99243164 -0.064453125 -0.09686279 0.039245605
0.99243164 -0.06542969 -0.09680176 0.038085938
0.99243164 -0.06628418 -0.09643555 0.037231445
0.99243164 -0.06756592 -0.095703125 0.036621094
0.99243164 -0.0690918 -0.09472656 0.035949707
0.99243164 -0.07086182 -0.093688965 0.035217285
0.99243164 -0.07293701 -0.0927124 0.034301758
0.9923706 -0.074401855 -0.09222412 0.033447266
0.9923706 -0.07476807 -0.092285156 0.032836914
0.9923706 -0.07470703 -0.09265137 0.03253174
0.9923096 -0.07421875 -0.09326172 0.03253174
0.9923096 -0.07354736 -0.09375 0.032836914
0.9923706 -0.07299805 -0.09387207 0.03338623
0.9923706 -0.07305908 -0.093566895 0.03387451
0.9923096 -0.073913574 -0.09295654 0.034301758
0.9923096 -0.07495117 -0.092163086 0.0345459
0.9923096 -0.07598877 -0.09136963 0.03479004
0.99224854 -0.07727051 -0.09063721 0.034973145
0.99224854 -0.07824707 -0.090026855 0.03527832
0.9921875 -0.07891846 -0.08959961 0.035705566
0.9921875 -0.07952881 -0.08929443 0.036193848
0.99212646 -0.079956055 -0.08905029 0.0368042
0.99212646 -0.08026123 -0.08886719 0.03729248
0.9920654 -0.080566406 -0.08862305 0.037719727
0.9920654 -0.081970215 -0.087402344 0.038269043
0.9920654 -0.08288574 -0.08666992 0.03845215
0.9920654 -0.083618164 -0.08581543 0.038635254
0.9920654 -0.08459473 -0.08483887 0.038635254
0.9920044 -0.085754395 -0.083984375 0.038513184
0.9920044 -0.08648682 -0.08331299 0.038391113
