0 0 0
-6.3125 -5.6875 1.5
-5.3125 -12.5625 3.4375
-8.4375 -10.625 3.6875
-11.9375 -7.75 5.4375
-18.8125 -4.8125 6.5625
-25.8125 -2.6875 6.25
-27.5 -3 5
-23.375 -3.875 6
-17.875 -5.4375 6.8125
-12.125 -7.1875 6.4375
-6.6875 -8.3125 5.125
-6.8125 -8.25 3.75
-6.875 -7 4.4375
-6.9375 -5.5625 5.375
-5 -5.5625 6.1875
-1.125 -6.375 6.375
0 -6.8125 5.6875
-0.6875 -6.0625 4.5625
-2.375 -3.875 4
-3.6875 -0.125 3.0625
-7.9375 3.1875 0.75
-11 5.4375 -1.75
-16.3125 6.8125 -3.5625
-20.25 5.9375 -5.125
-19.875 2.4375 -5.9375
-15.5625 -2.875 -4.9375
-11.6875 -7.625 -2.5
-14.0625 -10.6875 0.75
-16.125 -11.5 4.9375
-16.8125 -13.4375 6.3125
-19.3125 -15.5 7.5625
-19.875 -18.75 10.0625
-16.125 -24.375 14.5625
-8.8125 -30.8125 19.25
0.9375 -37.25 23.5
8.25 -42.0625 26.5625
12 -43.6875 28.5625
11.625 -42.625 29
7.125 -38.625 27.1875
-0.5625 -33.0625 24.625
-3.625 -26.5 22.5
-7.875 -20.0625 21.375
-10.6875 -14 20.625
-8.625 -9.8125 20.0625
-9.25 -6.5625 17.75
-10.0625 -3.625 14.875
-9.75 -0.9375 12.875
-10.875 1.125 11.1875
-14.25 3.4375 9.125
-16.625 4.5625 7.0625
-15.625 4.8125 5.625
-11.875 5.4375 4.3125
-14 5.875 0.8125
-14 6 -1.75
-10.4375 4.8125 -2.5
-11.9375 3.4375 -1.9375
-17.8125 2.125 -1.9375
-22.5 0.125 -2.375
-26.5 -2.6875 -3.75
-29 -6.1875 -4.9375
-24.875 -9.75 -5.4375
-24.25 -13.4375 -6.375
-21.6875 -16.75 -8.6875
-22.6875 -19.875 -14.0625
-24.9375 -24.4375 -22.25
-20.625 -30 -31.5625
-10.1875 -33.1875 -38.375
-2.125 -32.3125 -42.4375
-3.9375 -26.9375 -45.875
-13 -19.1875 -50.0625
-19.875 -12.4375 -54.8125
-22 -8 -58.9375
-16.8125 -5.4375 -61.25
-10.5 -2.3125 -63.25
-6.8125 0.625 -67.4375
-0.9375 3.1875 -72.5
-0.1875 8 -80.5625
-2.9375 13.5 -91.1875
-0.4375 20 -99.375
3.75 25.25 -100.25
8.875 30 -94.375
12.0625 29.9375 -87.1875
22.75 24.0625 -80.0625
22.4375 17.875 -76.625
10.4375 18.875 -73.375
6.3125 25.5 -70.0625
0.1875 34 -71.5
-7 42.375 -72.875
-4.75 48.875 -71.875
4.125 54.25 -70.75
7.9375 58.375 -71.375
6.8125 63 -71.625
5 66.625 -72
4.125 67.8125 -74.6875
1.9375 72.0625 -75.4375
4.1875 79.5625 -71.4375
0.8125 87.9375 -68.6875
-3.0625 94.3125 -68.3125
0.6875 99.1875 -67.75
4.5 103.8125 -66
3.4375 107.4375 -63.5625
6.0625 109.4375 -55.75
19.25 110.6875 -41.5625
34.3125 112 -29.4375
39.625 113.125 -21.4375
29.4375 116.125 -15.75
21.1875 115.6875 -7.9375
36.5625 108.125 2.8125
40.3125 101.5625 11.5
42.0625 95.6875 18.5
51.25 92.125 25.3125
38.1875 93 28.9375
15.5625 94.125 36.75
23 91.5625 53.875
32.1875 87.0625 68.625
35.8125 82 76.6875
42.4375 78.6875 79.1875
29 81.375 78.5625
10.0625 83.125 77.6875
5.375 84.4375 81.3125
23.1875 71.4375 81.6875
28.4375 70.5 87.0625
3.375 73 84.5
-7.9375 70.4375 83.75
-2.625 62.625 89.4375
-2.3125 54.5 99.0625
0.5 48.1875 108.5625
3.875 46.25 113.1875
-0.9375 46.3125 110.6875
-10.875 45.0625 104.5
-19.625 42.75 102
-27.25 38.0625 107
-18.125 32.1875 117.5
-10.0625 29.125 124.375
-12.8125 30.1875 125.5625
-27.6875 33.0625 123
-40.625 32.8125 119.625
-44.5 31.0625 119.3125
-48.375 27.4375 118.5
-57.25 22.4375 114.4375
-69.625 15.125 110
-70 4.8125 107.875
-64.5 -6.625 106.625
-64.4375 -15.875 105
-63.5625 -23.5 105.6875
-59.4375 -30.4375 107.25
-60.125 -36.125 107.75
-56.25 -40.0625 108.9375
-59.5 -40.8125 111.1875
-66.6875 -38.75 115.875
-70.625 -39.6875 114.125
-63.875 -43.875 108.6875
-61.75 -47.75 100.5
-63.0625 -51.3125 91.6875
-64.625 -54.4375 83.3125
-68.1875 -54.875 77.1875
-77.8125 -54.625 73.75
-79.25 -56.125 73.25
-81.8125 -59.0625 69.6875
-86.4375 -63.625 63.125
-80.9375 -67.9375 56.4375
-69.8125 -70 47.5
-64.0625 -71.5 35.625
-60.5625 -73 25.625
-60.5 -74.9375 18.4375
-65.25 -75.4375 15.375
-65.3125 -74.8125 17
-57 -75.5625 20.3125
-40.9375 -78.75 21.5625
-33.1875 -81.875 16.9375
-33.75 -83.25 9.875
-33.1875 -82.5 -4.5625
-29.125 -81.625 -12.0625
-31.125 -79.5 -18.8125
-35.3125 -75.3125 -23.5
-42.375 -71.75 -26.5
-39.8125 -70.4375 -28.0625
-42.875 -68 -30.9375
-48.125 -64.9375 -34.8125
-52.5 -64.75 -41.5625
-48.0625 -66.4375 -46.8125
-42.0625 -67.875 -50.4375
-36.0625 -70.25 -53.75
-26.875 -71 -56.125
-22.3125 -67.9375 -57.9375
-27 -63 -60.625
-30.5 -59.3125 -64.5625
-35.1875 -54.3125 -67.6875
-40.25 -47.875 -68.125
-39.3125 -43.5625 -68.6875
-31.0625 -44.3125 -71.875
-12.9375 -46.125 -76.75
-13.375 -44.0625 -79.8125
-11.3125 -40.8125 -82
-9.75 -37.3125 -85.6875
4.1875 -33.875 -89.1875
18.4375 -28.375 -94.4375
7.9375 -18.25 -101.625
-1.9375 -7.375 -105.4375
-1.6875 1.1875 -105.625
0.875 7.4375 -106.5
-6.375 21.9375 -109.75
-8.875 25.625 -110.75
-2 25.0625 -109.625
-9.5625 23.625 -108.6875
-18.0625 20.6875 -103.3125
-10.8125 15.1875 -91.375
-6.5625 11.25 -76
-9.375 11.25 -60.625
-14.4375 14 -48.125
-21.5625 17.4375 -41.1875
-27.3125 21.9375 -38.8125
-34.1875 25.375 -40.625
-35.9375 25.1875 -43.125
-24.75 20.25 -43.125
-14.5625 13.1875 -40.8125
-9.9375 7.25 -36
-11.3125 3.125 -28.0625
-15.9375 0.6875 -18.0625
-13.625 -0.3125 -7.3125
-11.6875 1.375 1
-21 5.3125 4.0625
-21.75 7.6875 3.625
-15.125 8.5625 1.75
-9.25 8 -1.3125
-10.0625 7.1875 -2.5625
-11.5 6 -0.6875
-12.375 4.25 2.25
-13 4 5.625
-14.9375 4.25 6.8125
-18.25 5.6875 7.5
-19.5 7.0625 7.1875
-19.8125 8.6875 5.5
-21.625 10.0625 2.5625
-21.5625 9.8125 -0.5625
-18.375 9.375 -2
-19.875 9 -4
-21.6875 7.6875 -4.375
-20.625 6.125 -3
-16.75 4.25 -0.75
-13.25 2.5 1.0625
-9.75 1.6875 2.4375
-11.1875 2.375 3.125
-12.4375 3.5 3.375
-16.3125 4.5 1.9375
-15.25 4.125 0.125
-9.125 1.6875 -0.75
-6.375 -0.4375 -0.6875
-3.5 -1.5625 -0.25
-1.125 -1.8125 -0.375
-4.875 -0.625 -2
-7.75 -0.375 -4.6875
-3.875 -1.0625 -6.375
-1.875 -1.4375 -7
-1.5625 -1.625 -6
-2.25 -1.5625 -4.875
-0.875 -1.125 -2.625
2.0625 0.5 -0.375
-2 3.25 -0.1875
-7.8125 5.5 -1.8125
-6.3125 6.25 -3.5
-2.375 5.8125 -5.5
-1.5625 5.1875 -6.6875
