0 0 0
0 0 0
0 0 0
0 0 0
0 0 0
3.24 2.48 -2.15
3.21 2.19 -1.84
3.15 2.25 -1.04
3.11 2.43 -0.93
3.06 1.99 -0.78
3.09 1.56 -1.24
3.17 1.72 -1.55
3.17 2.2 -1.85
3.14 2.37 -1.93
3.1 2.24 -1.67
3.07 2.07 -1.52
3.04 1.84 -1.64
3.18 1.6 -2.31
3.28 1.77 -2.8
3.35 1.75 -3.17
3.48 1.23 -2.85
3.45 1.27 -2.32
3.48 1.53 -1.67
3.5 1.81 -0.78
3.39 2.34 1.12
3.44 3.13 1.74
3.49 3.85 1.82
3.57 4.85 1.06
3.57 4.95 0.77
3.57 4.44 1.06
3.5 4.18 1.3
3.3 5.11 2.27
3.15 5.43 2.8
3 5.45 2.91
2.86 5.13 2.62
2.87 4.27 0.91
2.84 3.84 -0.42
2.88 3.26 -1.73
2.93 1.97 -4.32
2.94 1.57 -4.99
2.94 1.56 -5.48
3.03 1.66 -5.94
3.03 1.73 -5.67
2.97 1.47 -5.28
2.99 0.95 -4.97
2.99 0.59 -4.61
3.01 0.69 -4.42
3.01 0.74 -4.18
3.06 0.73 -3.94
3.16 0.79 -3.16
3.19 0.88 -2.75
3.19 1.02 -2.61
3.16 0.31 -2.16
3.15 0.81 -1.78
3.11 1.34 -1.27
3.09 1.84 -0.99
3.04 2.01 -0.52
3.01 1.81 -0.17
3.02 1.62 0.21
2.91 1.19 0.95
2.93 1.09 0.99
2.87 0.75 1.01
2.87 0.29 0.84
2.77 -1.79 0.79
2.69 -2.72 0.87
2.63 -3.33 0.93
2.6 -2.16 -0.87
2.48 -1.46 -2.3
2.41 -0.91 -3.78
2.34 -0.71 -4.74
2.13 -0.73 -4.68
1.94 -0.44 -4.1
1.7 -0.01 -3.62
1.4 0.15 -4.05
1.28 -0.52 -4.28
1.1 -0.85 -4.38
1 -1.44 -4.87
0.89 -2.27 -5.5
0.85 -1.16 -5.63
0.85 -1.16 -5.63
0.46 4.52 -3.79
0.44 4.8 -2.14
0.5 5.02 -0.83
0.54 4.45 -0.64
0.87 4.48 -4.3
0.9 4.14 -5.84
0.83 2.99 -6.57
0.39 2.99 -6.15
0.39 2.99 -6.15
0.38 3.53 -5.26
0.39 3.21 -5.1
0.2 3.57 -5.13
0.17 3.52 -4.91
0.05 2.99 -4.51
0.05 2.99 -4.51
0.16 5.74 -7.6
0.16 5.63 -7.99
0.14 5.38 -7.57
-0.24 6.17 -6.6
-0.36 6.99 -6.27
-0.57 7.85 -5.43
-0.48 11.72 -3.4
-0.29 13.05 -2.59
-0.13 12.86 -2.01
-0.13 12.86 -2.01
0.13 12.23 -1.05
0.11 12.86 0.84
0.2 13.49 2.86
0.63 12.91 3.1
0.86 12.66 2.66
1.07 12.66 1.63
1.3 12.28 0.46
1.63 14.91 1.04
1.8 16.27 1.94
1.98 15.43 2.5
1.83 11.29 2.15
2.09 9.78 0.91
2.32 8.74 -0.41
2.5 8.24 -0.23
2.73 8.34 1.98
2.63 7.77 5.56
2.93 9.59 2.41
3.19 7.44 1.58
3.1 8.25 3.4
3.09 9.89 4.75
3.14 11.05 5.1
3.01 9.78 3.72
3.05 7.61 2.4
3.15 5.4 1.64
3.15 5.4 1.64
3.3 5.79 2.53
3.36 7.79 3.24
3.36 9.07 3.66
3.38 6.75 1.82
3.42 5.34 0.75
3.47 4.13 0.25
3.47 3.89 1.89
3.42 4.13 2.75
3.38 3.62 3.56
3.35 2.78 4.2
3.27 2.66 6.09
3.2 2.87 7.02
3.21 3.04 7.12
3.09 3.29 6.14
2.96 3.94 5.61
2.77 3.81 5
2.68 3.52 4.47
2.47 3.94 2.58
2.33 4.16 1.71
2.1 4.15 1.06
1.91 2.45 0.82
1.65 -0.38 2.29
1.65 -0.38 2.29
1.75 -1.4 2.21
2.08 -1.71 1.58
2.22 -1.08 0.86
2.41 0.37 0.96
2.35 0.29 1.36
2.26 -1.01 1.74
2.17 -2.16 1.84
2.13 -3.44 1.55
2.09 -4.4 0.76
2.16 -4.88 0.49
2.34 -3.2 0.36
2.41 -2.18 0
2.46 -0.66 -0.69
2.43 0.64 -1.18
2.3 0.84 -0.28
2.08 -0.3 0.17
1.99 -1.82 0.09
2.08 -2.64 -0.93
2.04 -2.88 -1.26
2.11 -3.06 -1.44
2.47 -2.05 -2.9
2.61 -1.32 -3.28
2.61 -0.73 -2.91
2.75 -0.46 -2.51
2.76 -0.73 -2.75
2.8 -0.99 -2.66
2.73 -1.61 -1.78
2.59 -0.92 -0.96
2.53 -0.55 -1.05
2.43 -0.2 -1.18
2.32 0.2 -1.77
2.58 0.71 -4.14
2.64 0.8 -4.57
2.6 0.69 -4.72
2.85 1.83 -5.41
2.82 2.37 -5.21
2.69 2.27 -4.26
2.39 1.36 -2.29
2.32 1.86 -2.54
2.29 2.02 -3.89
2.27 2.15 -4.87
2.09 1.63 -5.11
1.92 1.55 -5.59
1.94 1.17 -6.82
2.03 1.68 -8.91
2.01 2.86 -8.79
1.98 3.63 -8.09
2.01 3.83 -7.14
1.95 3.9 -7.28
2.05 4.17 -7.26
1.84 5.71 -2.99
1.86 6.51 -2.3
1.86 6.51 -2.3
2.5 11.75 -0.68
2.74 12.37 -1.35
3.02 12.41 -2.44
3.19 11.5 -3.21
3.14 8.21 -3.66
3.07 6.71 -3.59
2.93 5.54 -3.14
2.64 5.5 -0.44
2.53 6.22 0.72
2.6 7.11 1.05
2.69 8.18 0.79
2.79 10.16 -0.26
2.79 10.57 -0.83
2.77 10.47 -1.5
2.9 8.38 -3.35
2.86 6.72 -3.27
2.86 5.66 -2.89
2.8 4.92 -2.48
2.74 4.6 -1.81
2.78 5.55 -1.72
2.76 6.24 -1.46
2.91 6.61 -1.56
2.94 6.27 -1.86
2.97 5.63 -2.09
3 5.4 -2.42
3.06 4.47 -2.53
3.08 4.06 -2.64
3.07 3.69 -2.37
2.99 3.98 -1.49
3.01 4.34 -1.37
2.96 4.46 -1.04
2.92 4.95 -0.79
2.92 5.84 -0.54
2.91 5.92 -0.53
2.91 5.8 -0.74
2.99 5.57 -1.7
2.97 5.45 -1.86
2.94 5.15 -1.98
2.91 4.67 -1.87
2.87 4.58 -1.03
2.88 4.81 -0.84
2.91 5.18 -0.91
2.92 5.18 -1.47
2.91 4.85 -1.8
2.86 4.51 -1.92
2.75 4.3 -1.7
2.73 4.87 -1.48
2.65 5.4 -1.55
2.64 5.85 -1.7
2.69 6.26 -2.02
2.71 6.48 -2.33
2.76 6.18 -2.76
2.78 5.57 -3.04
2.78 4.75 -2.51
2.79 4.58 -2.07
2.79 4.59 -1.85
2.79 5.24 -1.69
2.78 5.47 -1.82
