0 0 0
0 0 0
0 0 0
0 0 0
0 0 0
0 0 0
0 0 0
3.03 7.18 -16.5
3.03 7.2 -16.51
3.04 7.23 -16.51
3.03 7.24 -16.5
0.11 0.27 -0.25
0.13 0.24 -0.32
0.12 0.22 -0.29
0.11 0.24 -0.33
0.1 0.21 -0.29
0.12 0.23 -0.34
0.12 0.21 -0.32
0.11 0.21 -0.4
0.13 0.22 -0.35
0.12 0.2 -0.36
0.13 0.19 -0.38
0.13 0.18 -0.39
0.12 0.18 -0.41
0.11 0.16 -0.39
0.14 0.15 -0.42
0.14 0.14 -0.41
0.13 0.15 -0.42
0.12 0.12 -0.44
0.12 0.1 -0.43
0.12 0.13 -0.44
0.12 0.11 -0.45
0.13 0.11 -0.5
0.1 0.09 -0.47
0.11 0.08 -0.47
0.11 0.08 -0.47
0.11 0.1 -0.47
0.13 0.07 -0.5
0.14 0.05 -0.49
0.12 0.07 -0.51
0.12 0.08 -0.53
0.13 0.06 -0.5
0.12 0.05 -0.51
0.13 0.03 -0.55
0.12 0.03 -0.55
0.12 0.03 -0.55
0.1 0.01 -0.54
0.13 0.04 -0.57
0.12 0.03 -0.56
0.11 0.01 -0.57
0.12 0.02 -0.58
0.13 0 -0.54
0.12 0 -0.59
0.1 0.02 -0.62
0.12 -0.01 -0.59
0.13 -0.05 -0.54
0.12 0.03 -0.63
0.12 0.03 -0.63
0.13 -0.05 -0.57
0.11 0.03 -0.66
0.12 -0.03 -0.59
0.12 -0.03 -0.59
0.11 -0.02 -0.64
0.13 -0.03 -0.64
0.11 -0.04 -0.63
0.12 -0.03 -0.67
0.12 -0.03 -0.67
0.13 -0.01 -0.66
0.13 -0.02 -0.68
0.13 -0.08 -0.61
0.13 -0.06 -0.65
0.13 -0.06 -0.65
0.12 -0.07 -0.64
0.12 -0.06 -0.65
0.11 -0.03 -0.66
0.12 -0.06 -0.63
0.12 -0.06 -0.63
0.12 -0.05 -0.63
0.1 -0.06 -0.67
0.12 -0.06 -0.69
0.12 -0.07 -0.64
0.12 -0.07 -0.64
0.12 -0.05 -0.66
0.14 -0.09 -0.7
0.1 -0.07 -0.67
0.11 -0.05 -0.65
0.11 -0.05 -0.65
0.14 -0.06 -0.66
0.12 -0.07 -0.69
0.11 -0.08 -0.68
0.12 -0.09 -0.68
0.12 -0.09 -0.68
0.1 -0.09 -0.7
0.12 -0.07 -0.66
0.13 -0.06 -0.64
0.1 -0.08 -0.68
0.1 -0.08 -0.68
0.11 -0.08 -0.67
0.12 -0.1 -0.69
0.11 -0.07 -0.69
0.13 -0.05 -0.68
0.13 -0.07 -0.67
0.12 -0.09 -0.67
0.11 -0.08 -0.7
0.1 -0.08 -0.68
0.1 -0.08 -0.69
0.1 -0.06 -0.7
0.12 -0.08 -0.67
0.13 -0.07 -0.69
0.14 -0.08 -0.66
0.13 -0.07 -0.71
0.14 -0.1 -0.66
0.11 -0.1 -0.65
0.14 -0.11 -0.7
0.14 -0.07 -0.7
0.11 -0.08 -0.69
0.1 -0.08 -0.71
0.11 -0.07 -0.71
0.12 -0.1 -0.69
0.12 -0.1 -0.69
0.11 -0.03 -0.73
0.12 -0.12 -0.69
0.12 -0.07 -0.7
0.11 -0.07 -0.7
0.12 -0.08 -0.71
0.13 -0.06 -0.71
0.11 -0.1 -0.66
0.11 -0.1 -0.66
0.1 -0.09 -0.67
0.12 -0.08 -0.7
0.11 -0.09 -0.69
0.1 -0.08 -0.67
0.12 -0.08 -0.68
0.12 -0.08 -0.68
0.12 -0.12 -0.68
0.11 -0.11 -0.73
0.11 -0.08 -0.69
0.12 -0.08 -0.7
0.12 -0.09 -0.7
0.1 -0.07 -0.69
0.11 -0.11 -0.69
0.11 -0.05 -0.71
0.12 -0.08 -0.72
0.13 -0.12 -0.68
0.12 -0.08 -0.68
0.13 -0.1 -0.71
0.1 -0.07 -0.7
0.12 -0.09 -0.69
0.1 -0.08 -0.71
0.12 -0.1 -0.71
0.12 -0.09 -0.72
0.12 -0.1 -0.7
0.12 -0.09 -0.68
0.11 -0.09 -0.67
0.11 -0.09 -0.67
0.12 -0.07 -0.69
0.12 -0.09 -0.69
0.1 -0.11 -0.66
0.11 -0.08 -0.69
0.12 -0.1 -0.7
0.12 -0.08 -0.71
0.11 -0.08 -0.72
0.1 -0.09 -0.68
0.12 -0.08 -0.69
0.12 -0.09 -0.68
0.09 -0.08 -0.69
0.09 -0.16 -0.66
0.13 -0.11 -0.67
0.13 -0.11 -0.67
0.12 -0.18 -0.62
0.08 -0.09 -0.67
0.09 -0.11 -0.65
0.12 -0.16 -0.64
0.1 -0.11 -0.69
0.09 -0.16 -0.64
0.09 -0.15 -0.64
0.08 -0.14 -0.68
0.08 -0.15 -0.62
0.08 -0.15 -0.62
0.07 -0.16 -0.65
0.09 -0.12 -0.63
0.1 -0.14 -0.67
0.09 -0.14 -0.65
0.07 -0.16 -0.61
0.1 -0.13 -0.64
0.1 -0.12 -0.67
0.11 -0.14 -0.67
0.11 -0.14 -0.63
0.11 -0.15 -0.64
0.08 -0.15 -0.62
0.07 -0.14 -0.63
0.08 -0.15 -0.67
0.11 -0.14 -0.65
0.1 -0.14 -0.63
0.09 -0.14 -0.62
0.11 -0.14 -0.65
0.11 -0.14 -0.65
0.09 -0.13 -0.62
0.1 -0.13 -0.62
0.1 -0.13 -0.62
0.1 -0.13 -0.63
0.08 -0.14 -0.63
0.08 -0.13 -0.63
0.09 -0.15 -0.63
0.1 -0.14 -0.61
0.09 -0.12 -0.63
0.1 -0.12 -0.66
0.09 -0.13 -0.65
0.09 -0.13 -0.63
0.08 -0.13 -0.64
0.09 -0.15 -0.63
0.07 -0.12 -0.63
0.07 -0.15 -0.65
0.09 -0.14 -0.64
0.08 -0.14 -0.64
0.08 -0.13 -0.65
0.11 -0.11 -0.66
0.1 -0.14 -0.67
0.11 -0.14 -0.64
0.11 -0.14 -0.64
0.1 -0.15 -0.64
0.09 -0.14 -0.65
0.11 -0.13 -0.63
0.08 -0.15 -0.63
0.1 -0.12 -0.65
0.1 -0.13 -0.64
0.09 -0.12 -0.63
0.09 -0.13 -0.63
0.11 -0.15 -0.62
0.11 -0.15 -0.62
0.09 -0.12 -0.64
0.09 -0.13 -0.64
0.09 -0.14 -0.64
0.07 -0.13 -0.63
0.1 -0.11 -0.64
0.08 -0.13 -0.63
0.07 -0.13 -0.61
0.11 -0.12 -0.68
0.1 -0.16 -0.63
0.09 -0.15 -0.64
0.08 -0.15 -0.61
0.09 -0.13 -0.65
0.1 -0.13 -0.63
0.1 -0.14 -0.61
0.11 -0.13 -0.62
0.08 -0.12 -0.64
0.11 -0.14 -0.63
0.09 -0.11 -0.66
0.07 -0.13 -0.64
0.09 -0.14 -0.62
0.08 -0.15 -0.62
0.11 -0.13 -0.63
0.08 -0.14 -0.63
0.09 -0.12 -0.63
0.09 -0.14 -0.62
0.06 -0.18 -0.7
-0.35 -3 -1.22
-1.16 -2.72 -1.87
-1.36 -3.88 -0.57
-0.46 0.65 1.07
-0.46 0.65 1.07
0.12 1.13 -1.1
-0.14 0.06 -1
-0.37 -1.48 0.59
1.42 2.41 -0.6
1.42 2.41 -0.6
0.06 2.18 -3.22
2.74 5.01 12.68
0.74 0.51 3.33
0.64 -0.12 -2.22
0.64 -0.12 -2.22
1.68 -1.56 0.6
-0.58 -1.56 0.24
-1.19 3.14 -2.45
0.67 6.52 -2.33
0.67 6.52 -2.33
0.78 11.11 -2.2
0.42 10.28 1.47
0.92 7.02 3.16
1.34 7.27 2.52
2.46 -0.17 -14.18
0.67 4.66 5.81
-0.44 4.48 -0.4
0.06 4.41 1.83
-0.63 2.85 8.3
-0.63 2.85 8.3
0.05 3.88 7.64
0.09 3.59 7.2
-1.79 2.09 2.38
-1.48 1.05 -3.34
-1.75 -2.36 -6.94
-1.19 -4.11 -7.38
-1.74 -7.92 -2.48
-2.24 -9.15 0.87
-1.85 -9.04 7.89
-1.85 -9.04 7.89
-1.68 -7.63 8.28
-1.66 -4.68 7.19
-1.45 -1.14 5.61
-0.38 3.42 2.1
-0.17 3.6 1.42
-0.02 2.92 1.17
0.5 1.66 0.86
0.72 0.81 0.41
-0.68 0.64 -0.91
-0.68 0.64 -0.91
1.04 -1.8 -0.72
0.8 -1.83 -0.26
0.91 -2.31 0.09
1.41 -2.96 0.1
1.41 -2.96 0.1
1.44 -2.24 -0.35
0.82 -0.89 -0.52
1.21 1.69 0.38
0.78 3.65 2.26
0.78 3.65 2.26
0.07 5.01 2.58
0 5.54 2.72
-0.78 5.38 3.26
-0.51 5.29 4.44
-0.63 6.03 6.02
-0.68 6.2 5.79
-0.16 6.5 5.63
-0.78 7.5 5.14
-1.03 5.67 4.38
-1.03 5.67 4.38
-0.69 2.97 3.75
-0.93 -2.36 2.82
-0.55 -4.59 1.97
-0.12 -6.22 0.89
0.03 -8.25 -0.57
0.21 -7.47 -1.08
0.58 -5.27 -1.59
0.8 -2.05 -2.29
1.51 6.61 -2.64
1.51 6.61 -2.64
1.98 6.1 -1.46
0.3 1.99 3.14
0.06 0.25 5.43
0.13 -0.94 6.53
-0.17 -1.44 6.3
-0.68 -0.54 3.47
-1.3 0.42 1.72
-0.65 0.65 -0.12
-1.88 -2.37 -0.04
-1.88 -2.37 -0.04
-2.24 -2.73 0.89
-2.86 -2.66 1.26
-4.09 -0.48 0.1
-3.64 0.67 -1.08
-2.87 0.89 -1.93
-2.52 0.01 -0.56
-2.44 -0.16 0.22
-2.21 0.2 0.74
-1.61 3.19 1.36
-1.61 3.19 1.36
-1.89 4.15 1.62
-2.29 5.05 1.93
-2.4 7.23 1.8
-1.38 7.61 1.68
-1.37 5.51 2.11
-2.26 1.25 3.37
-2.27 -5.5 4.48
-2.18 -7.16 3.09
-1.54 -3.24 -1.23
-1.54 -3.24 -1.23
-0.67 -0.44 -1.87
0.23 1.12 -1.37
0.78 0.87 -0.14
1.03 -3.59 0.96
0.9 -5.94 0.86
1.05 -6.85 0.89
1.1 -4.9 2.76
1.28 -2.12 2.71
0.97 -3.12 6.54
0.97 -3.12 6.54
-0.11 -5.68 7.2
-0.55 -4.77 5.94
-0.78 -2.28 4.35
-0.73 4.55 1.39
-0.01 7.53 0.68
0.38 9.2 1.26
-0.18 9.62 3.09
-0.94 10.71 6.82
-0.23 10.38 6.42
-0.23 10.38 6.42
-0.06 10.74 7.23
-0.3 8.23 7.52
0.42 5.51 9.09
-0.24 2.95 9.78
-1.99 -2.34 9.46
-2.4 -5.59 8.34
-2.81 -6.5 6.25
-1.34 -3.79 2.82
-1.8 -2.02 1.04
-1.8 -2.02 1.04
-2.03 -1.24 1.08
-1.9 1.49 -0.11
-1.97 3.98 -2.05
-0.61 5.86 -5.11
-1.04 0.91 -10.33
-1.18 -5.49 -10.49
-1.61 -15.62 -7.91
-2.41 -28.47 -4.81
-3.82 -29.56 -14.28
-3.82 -29.56 -14.28
-4.12 -24.62 -18.71
-4.54 -11.04 -17.04
-5.57 -2.4 -13.16
-5.65 5.29 -9.72
-5.55 11.1 -6.86
-4.04 18.36 -4.75
-3.43 20.62 -3.97
-2.59 22.05 -2.54
-3.36 21.66 -2.29
-3.36 21.66 -2.29
-2.33 19.71 -3.88
-2.08 16.4 -2.91
-1.96 7.94 -0.63
-2.53 5.43 -4.58
-2.53 5.43 -4.58
-3.42 -0.78 -4.69
-4.08 -2.78 -3.57
-4.18 -3.68 -1.39
-5.33 -1.81 4.03
-5.33 -1.81 4.03
-4.58 -0.41 5.13
-5.58 0.21 5.23
-4.59 2.41 7.82
-4.98 4.84 9.14
-4.98 4.84 9.14
-3.85 5.18 9.69
-3.87 4.16 7.67
-3.67 3.44 6.94
-3.39 0.56 7.07
-3.48 -1.32 6.79
-2.83 -1.68 6.68
-2.91 -3.49 5.84
-2.88 -7.26 7.46
-2.79 -7.44 7.69
-2.58 -7 7.8
-2.52 -5.83 6.63
-2.29 -4.92 6.4
-1.96 -3.7 5.77
-2 -1.93 4.39
-1.67 0.56 1.8
-1.64 0.56 0.83
-2.04 0.05 0.32
-1.08 0.93 -2.22
-1.12 0.94 -3.65
-1.12 0.94 -3.65
-1.3 0.44 -3.95
-1.52 0.1 -3.43
-1.71 0.44 -1.08
-2 0.78 -0.37
-2 0.78 -0.37
-1.88 1.35 0.72
-2.02 1.8 0.86
-2.03 2.25 0.91
-2.21 1.83 2.98
-2.21 1.83 2.98
-3.07 2.12 2.82
-2.8 2.83 3.15
-2.89 3.44 4.28
-2.82 3.09 5.7
-2.82 3.09 5.7
-2.79 3.17 5.54
-2.77 2.12 4.94
-2.93 1.18 4.66
-3 -0.2 4.52
-3 -0.2 4.52
-2.78 -0.06 4.29
-3.34 0.32 4.08
-3.04 0.76 4.33
-2.41 2.4 3.67
-2.41 2.4 3.67
-2.2 2.67 3.36
-1.86 2.27 2.06
-1.89 2.36 1.54
-1.36 5 -0.12
-1.36 5 -0.12
-3.42 6.25 -2.03
-2.4 2.29 -1.17
0.01 2.45 -1.41
-1.93 1.79 -1.25
-1.93 1.79 -1.25
-1.34 0.89 -0.74
-1.59 -0.69 -0.05
-1.8 -3.68 0.73
-2.65 -3.75 0.43
-2.65 -3.75 0.43
-2.67 -2.16 -0.3
-2.38 -1.19 -0.62
-2.77 -0.38 -0.62
-2.46 -2.04 6.69
-2.46 -2.04 6.69
-2.89 -2.37 9.08
-2.93 -2.34 10.49
-3.12 -4.42 11.08
-2.38 -2.64 3.76
-2.38 -2.64 3.76
-2.54 -1.84 1.1
-1.78 1.09 -1.97
-1.5 2.41 -3.1
-1.93 3.22 -2.83
-3 2.09 0.84
-0.62 2.48 2.2
-1.35 3.15 2.54
-1.57 3.03 3.08
-1.79 1.84 6.24
-1.79 1.84 6.24
-2.25 2.24 5.96
-2.61 1.7 6.17
-2.61 0.24 6.64
-2.46 -0.39 6.17
-2.7 -1.37 5.45
-2.42 0.03 3.08
-2.18 1.23 1.58
-2.21 1.76 0.9
-1.73 2.24 0.4
-1.73 2.24 0.4
-2.39 1.64 -0.94
-1.84 -0.44 -1.8
-2.33 -6.2 -3.2
-2.45 -11.19 -2.21
-2.45 -11.19 -2.21
-2.43 -8.48 -1.57
-2.35 -5.79 -1.85
-1.69 -3.98 -2.23
-1.31 0.19 -2.7
-1.31 0.19 -2.7
-1.29 1.28 -2.45
-1.28 2.24 -1.98
-1.42 2.59 -1.59
-2.16 2.87 -1.41
-2.63 1.69 -1.16
-2.31 -1.04 -0.53
-1.74 -5.69 2.13
-1.55 -6.87 2.57
-1.58 -3.54 1.03
-1.58 -3.54 1.03
-1.66 -1.61 0.45
-1.87 -0.5 -0.29
-1.56 -0.67 -1.28
-2.31 -3.18 -0.06
-2.31 -3.18 -0.06
-2.48 -2.9 1.6
-2.4 -1.01 3.33
-2.27 2.89 5.46
-1.4 2.63 3.6
-1.4 2.63 3.6
-2.56 -3.49 0.82
-2.3 -6.53 0
-2.63 -8.05 -1.08
-1.6 -7.43 -1.44
-1.6 -7.43 -1.44
-2.23 -5.28 -0.82
-1.32 -5.4 0.3
-2.02 -5.42 -0.44
-1.55 -3.35 -0.84
-1.55 -3.35 -0.84
-1.62 -2.07 -1.32
-2.02 -2.37 -1.47
-1.86 -3.77 -0.64
-2.32 -6.06 3.16
-2.32 -6.06 3.16
-2.65 -4.49 3.23
-2.12 -2.71 2.96
-2.24 -0.61 0.77
-2.11 -1.99 -1.7
-2.11 -1.99 -1.7
-2.32 -2.91 -2.82
-1.26 -3.77 -3.86
-1.68 -4.43 -2.64
-2.52 -4.1 -2.39
-2.17 -3.36 -1.65
-1.29 -1.58 0.08
-3.89 -0.37 1.72
-0.66 1.26 3.21
-2.62 0.67 2.53
-2.62 0.67 2.53
-0.86 -1.11 1.82
-1.85 -3.41 2.3
-3.41 -4.92 2.69
-0.91 -3.51 2.21
-0.98 -2.75 2.17
-0.98 -2.75 2.17
-2.29 -1.91 1.89
-1.36 -0.9 1.94
-1.44 0.11 3.58
-1.44 0.11 3.58
-2.14 0.64 3.29
-0.14 1.9 2.24
-0.82 1.32 0.58
-2.47 -2.71 1.87
-2.47 -2.71 1.87
-3.54 -1.02 0.07
-2.13 -4.37 -0.37
-1.47 -3.85 -0.81
-1.26 1 -3.42
-1.26 1 -3.42
-1.77 2.06 -3.65
-2.75 4.38 -4.38
-1.32 6 -3.88
-2.32 9.82 -0.88
-2.32 9.82 -0.88
-3.29 9.05 0.31
-5.09 1.68 0.94
-4.7 -9.85 4.77
-3.82 -21.83 15.09
-3.82 -21.83 15.09
-3.25 -18.05 7.76
-2.5 -16.67 4.9
-2.46 -15.08 2.09
0.9 -8.05 -3.39
-3.35 -5.69 -1.85
-3.35 -5.69 -1.85
-7.03 -6.24 -3.46
-4.32 -5.05 -5.01
-4.67 0.13 -1.93
-4.67 0.13 -1.93
-6 0.75 2.06
-6.8 -0.06 4.15
-7.99 0.64 7.39
-5.66 2.74 8.57
-5.66 2.74 8.57
-5.35 3.7 8.43
-4.38 4.79 7.54
-3.85 6.19 4.72
-3.69 6.46 3.32
-4.09 7.24 3.08
-3.23 7.99 3.37
-3.24 6.85 3.62
-3.22 3.67 4.85
-4.43 1.58 4.62
-4.43 1.58 4.62
-4.53 2.57 2.06
-4.58 3.81 -0.56
-3.8 4.18 -2.54
-3.35 -0.28 0.86
-3.35 -0.28 0.86
-3.52 -1.23 1.42
-3.5 -2.77 3.46
-3.5 -2.93 3.58
-3.42 -2.8 3.38
-3.45 -3.11 3.34
-3.2 -3.53 2.12
-3.59 -4.99 1.97
-3.5 -6.1 1.78
-3.51 -5.21 3.15
-3.13 -3.74 4.4
-2.76 -2.47 4.42
-3.12 -2.08 3.97
-3.39 -1.49 0.47
-3.67 0.9 -2.7
-3.67 0.9 -2.7
-4.15 2.07 -3.03
-3.83 2 -2.1
-3.97 1.45 -1.09
-4.49 -3.07 15.07
-4.04 -2.27 8.33
-3.87 -1.99 6.19
-4.21 -1.44 6.78
-3.93 -0.31 4.18
-3.19 0.1 2.58
-2.53 0 2.82
-3.4 -0.09 2.45
-5.14 0.36 0.62
-3.05 0.64 -0.05
-2.26 -0.59 0.72
-3.82 -2.85 1.52
-3.82 -2.85 1.52
-3.27 -2.68 1.99
-3 -3.02 2.1
-3.22 -3.06 1.78
-3.57 -0.99 2.07
-2.99 -0.87 2.06
-2.99 -0.87 2.06
-3.11 -0.48 2.88
-3.05 -0.27 2.59
-3.19 0.12 3.33
-3.21 0.2 3.13
-3.43 1 4
-3.53 0.23 4.54
-3.31 0.28 4
-2.92 0.07 3.27
-2.98 0.53 0.98
-3.03 0.25 1.03
-3.03 0.25 1.03
-3.12 0.36 0.99
-3.24 -0.09 1.73
-3.34 -0.78 2.53
-3.21 -1.17 2.74
-3.26 -0.66 2.85
-3.12 -0.34 2.78
-3.28 -0.3 2.93
-3.52 -0.07 3.07
-3.63 0.18 3.19
-3.65 -0.45 3.15
-3.67 -0.73 3.41
-3.67 -0.73 3.41
-3.5 -0.04 2.67
-3.23 -1.13 2.65
-3.4 -1.31 2.57
-3.24 -1.52 2.37
-3.59 -1.72 2.01
-3.45 -3.11 0.35
-4 -4.39 1.16
-3.25 -5.01 2.68
-3.37 -2.11 2.91
-3.16 -0.92 2.66
-3.19 -0.54 2.23
-3.32 -0.74 2.14
-3.68 -1.21 2.4
-3.68 -1.21 2.4
-3.57 -1.65 3.17
-3.33 -1.56 3.47
-3.51 -1.35 3.71
-3.79 -1.37 4.03
-3.65 -1.25 4.52
-3.33 -0.66 4.81
-3.33 -0.66 4.81
-2.99 -0.51 5.56
-3.07 -0.6 4.84
-3.14 -0.82 4.13
-3 0.12 2.33
-3.79 0.24 2.3
-2.59 -0.48 2.93
-1.92 -1.8 2.48
-3.71 -4.05 1.03
-3.23 -4.3 1.54
-3.55 -4.05 -0.12
-3.55 -4.05 -0.12
-3.17 -3.13 -0.92
-2.84 -3.2 -0.66
-2.51 -2.26 -0.31
-2.56 -1.14 -0.57
-3.11 -0.84 0.69
-3.1 -1.07 1.87
-3.02 -1.18 2.65
-2.89 -1.77 3.05
-2.83 -2.38 2.01
-3.06 -3.29 0.7
-3.06 -3.29 0.7
-3.28 -4.47 -0.29
-3.18 -6.92 -0.29
-3.61 -7.23 -0.01
-3.61 -7.23 -0.01
-3.43 -6.23 -0.41
-3.75 -5.5 -1.14
-3.73 -4.56 -1.6
-3.69 -3.54 -1.5
-3.86 -3.15 -0.26
-3.86 -2.55 1.15
-3.94 -1.61 2.4
-3.94 -1.61 2.4
-3.38 0.15 3.51
-2.93 0.43 4.27
-2.96 0.98 4.46
-2.55 1.37 4.26
-2.49 2.25 2.58
-2.62 2.56 2.1
-2.32 2.96 1.73
-2.33 3.02 1.25
-1.98 2.99 1.03
-2.05 2.75 1.2
-2.05 2.75 1.2
-2.32 2.41 1.57
-1.85 2.09 0.81
-2.72 2.03 0.21
-3.21 1.61 -0.35
-3.68 -0.69 0.55
-3.37 -2.26 2.17
-3.1 -3.52 3.83
-3.3 -4.85 5.07
-3.15 -6.79 5.93
-3.72 -6.73 4.48
-3.72 -6.73 4.48
-4.24 -6.03 3.21
-4.12 -4.75 1.83
-3.66 -4.56 0.82
-3.66 -4.56 0.82
-3.48 -4.67 0.36
-3.87 -3.85 -0.52
-3.64 -3.79 -0.93
-3.95 -3.78 -0.61
-4.07 -1.64 -2.67
-3.51 -1.48 -2.35
-3.88 -1.62 -1.05
-4.2 -2.07 -0.65
-5.82 -2.25 0.18
-6.4 -1.65 0.87
-5.81 -2.22 4.58
-5.47 -2.53 6.61
-5.39 -2.37 5.87
-5.05 -2.79 6.72
-4.78 -2.49 5.28
-4.78 -2.49 5.28
-4.67 -2.29 3.63
-4.92 -2.26 2.19
-4.83 -2.04 1.2
-4.56 -1.34 -0.12
-4.09 -2.81 1.33
-4.32 -3.55 1.73
-4.37 -3.76 2.06
-4.58 -3.2 2.84
-4.54 -2.11 2.92
-4.84 2.3 0.76
-4.84 2.3 0.76
-4.35 1.5 0.06
-3.99 0.97 -0.23
-4.27 -0.17 -0.1
-4.7 -1.09 0.1
-4.56 -3.45 3.06
-4.75 -4.02 3.76
-4.75 -4.63 4.12
-4.71 -4.95 4.09
-4.68 -4.53 2.9
-4.4 -4.04 1.75
-4.48 -3.54 0.53
-4.13 -2.29 -0.87
-4.19 -1.76 -1.81
-4.24 -1.7 -2.06
-4.27 -1.82 -1.66
-4.23 -1.46 -0.91
-4.39 -1.42 -0.74
-4.51 -1.42 -0.57
-5 -1.33 0.12
-5.25 -1.48 0.87
-5.25 -1.48 0.87
-5.25 -2.49 1.48
-5.21 -4.25 1.62
-5.25 -6.68 1.54
-5.07 -5.39 0.65
-5.07 -5.39 0.65
-4.91 -2.89 -0.03
-4.79 -2.15 0.04
-4.67 -1.39 0.08
-4.52 -0.77 0.16
-4.18 -0.08 0.35
-3.99 0.15 0.26
-4.03 0.49 -0.02
-4.1 0.97 0.2
-4.19 0.73 0.99
-4.12 0.41 1.66
-4.1 -0.19 2.07
-4.14 -1.51 1.96
-4.17 -1.86 1.71
-4.19 -2.11 1.28
-4.09 -2.11 0.3
-4.05 -2.1 -0.2
-4.25 -2.47 -0.56
-4.44 -3.07 0.08
-4.02 -3.27 0.29
-4.02 -3.27 0.29
-4 -3.31 -0.2
-4.17 -2.5 -1.48
-4.3 -2.09 -1.42
-4.38 -1.54 -1.05
-4.48 -1.35 -0.48
-4.8 -2.65 1.57
-4.87 -2.91 2.71
-4.86 -2.74 3.44
-4.69 -2.11 3.04
-4.55 -2.61 2.68
-4.95 -3.17 2.37
-4.53 -4.18 2.35
-4.84 -4.63 2.26
-4.2 -4.36 2.03
-4.47 -3.7 1.44
-4.37 -2.59 0.09
-4.01 -2.18 -0.33
-4.6 -1.89 -0.93
-4.7 -1.19 -1.37
-4.44 -0.65 -0.93
-4.36 -0.63 0.12
-3.5 -1.82 0.12
-4.39 -2.94 1.44
-4.4 -2.93 2.25
-4.63 -2.93 2.98
-4.6 -3.25 3.81
-4.41 -5.11 5.39
-4.51 -4.4 5.03
-4.49 -3.28 4.57
-4.47 -0.85 2.85
-4.27 -0.67 2.37
-4.16 -0.54 1.73
-3.85 -0.39 0.93
-3.05 -1.43 -0.26
-3.29 -2.42 -0.37
-3.49 -2.77 -0.52
-3.32 -3.82 1.25
-3.11 -3.22 2.48
-3.62 -1.65 3.42
-3.67 -0.51 3.73
-3.65 0 3.03
-6.9 -0.26 5.03
-1.64 -1.25 5.63
-5.32 -4.62 2.91
-4.04 -4.53 3.17
-3.53 -4.47 2.72
-4.08 -4.24 1.73
-3.89 -4.53 -0.2
-3.67 -4.73 -0.93
-3.51 -4.69 -1.75
-3.2 -4.6 -1.49
-3.33 -4.67 -0.87
-3.27 -4.24 -0.09
-3.04 -3.78 0.82
-3 -3.56 1.54
-2.9 -3.92 1.59
-2.87 -3.71 1.63
-1.82 -4.53 1.22
-2.36 -4.91 0.63
-2.25 -4.06 0.58
-2.4 -3.67 -0.32
-2.22 -3.29 -1.41
-2.48 -3.12 -0.98
-2.78 -2.9 -0.51
-1.82 -3.43 0.64
-2.23 -4.07 0.55
-1.85 -4.09 1.05
-1.4 -4.57 1.33
-0.96 -5.02 1.58
-0.8 -5.21 1.76
-0.79 -5.5 2
-1.24 -5.23 1.96
-2.19 -5.22 1.57
-3.63 -4.87 0.38
-3.25 -4.37 -0.33
-1.14 -3.79 -0.73
-0.61 -3.58 -0.69
-0.89 -3.22 -0.68
-0.24 -1.64 -0.7
0.04 -1.41 -1.06
-0.03 -1.88 -1.3
0.21 -2.29 -1.13
0.64 -3.13 0.16
-0.99 -1.56 0.83
1.78 -2.25 0.62
-0.25 -2.89 0.19
0.41 -2.53 -0.83
0.07 -1.85 -2.02
0.47 -2.44 -1.63
0.54 -2.63 0.11
0.59 -2.48 0.89
0.69 -2.34 1.76
0.55 -1.53 2.61
0.35 -1.71 2.77
0.37 -2.38 2.94
0.68 -3.3 3.11
-0.09 -8.58 3.5
-0.2 -9.4 3.74
0.56 -4.78 3.34
0.56 -4.78 3.34
0.64 -3.34 2.94
0.98 -2.98 2.36
0.91 -2.67 1.7
0.89 -2.08 0.85
0.79 -2.21 1.5
0.88 -2.63 2.1
0.23 -3.99 3.65
-0.08 -4.73 4.28
1.23 -4.97 4.56
1.23 -4.97 4.56
1.42 -4.4 3.11
1.35 -4.16 2.46
1.06 -3.85 2.11
1.52 -4.08 1.15
1.52 -4.08 1.15
1.49 -3.95 0.89
1.64 -3.51 0.42
2.09 -1.45 -0.67
1.48 -0.53 -1.04
1.94 -0.31 -1.33
2.23 0.57 -1.3
2.1 0.47 -0.86
1.73 0.29 -0.35
1.72 0.38 0.24
0.84 -1.09 2.1
0.42 -1.89 2.93
0.35 -2.67 3.11
0.25 -4.76 3.42
0.43 -6.53 3.71
0.43 -6.53 3.71
0.4 -7.1 3.3
0.75 -7.34 2.47
0.9 -7.22 1.99
0.76 -6.69 1.48
0.17 -6.42 0.97
0 -6.13 0.97
0.08 -5.92 0.8
-0.49 -5.67 0.7
0.43 -4.26 0.17
0.25 -3.53 -0.93
0.14 -2.87 -1.27
-0.03 -3.1 -0.01
-0.41 -3.64 1.46
-1.03 -4.2 1.4
-1.9 -4.68 2.03
-1.71 -3.67 1.9
-1.41 -2.89 0.59
-2.31 -2.76 0.2
-2.23 -2.73 0.33
-1.67 -3.14 1.99
-3.26 -3.47 3.75
-4.28 -3.32 4.46
-2.93 -1.65 6.13
-3.27 -0.57 6.85
-3.79 0.12 6.87
-2.84 1.78 6.58
-3.37 2.35 5.64
-3.24 2.45 5.51
-3.26 2.19 5.24
-2.89 1.55 6.07
-2.52 1.39 5.96
-2.88 1.22 5.3
-3.19 2.43 3.86
-2.76 3.19 4.12
-2.38 2.97 4.15
-3.13 2.47 5
-3.17 0 8.55
-2.88 -1.24 9.72
-3.11 -2.19 10.09
-3.11 -3.64 11.24
-2.82 -3.56 11.05
-2.52 -3.1 10.09
-2.57 -2.91 7.85
-3.23 -3.35 3.14
-3.46 -3.76 1.65
-3.33 -4.11 0.74
-3.41 -3.98 0.13
-3.12 -3.05 0.52
-3.14 -2.76 0.89
-3.17 -2.54 1.12
-3.54 -2 1.27
-3.85 -1.48 0.9
-3.97 -1.16 0.69
-4.95 -1.15 1.92
-4.77 -1 2.66
-4.73 -0.51 2.84
-4.95 -0.33 4.24
-4.77 -1.42 6.61
-4.92 -1.37 6.66
-4.82 -1.1 5.74
-4.83 -0.45 3.81
-4.52 -0.85 5.4
-4.62 -1.71 6.54
-4.74 -2.4 7.33
-4.54 -3.49 8.48
-4.67 -3.26 7.79
-4.57 -2.19 6.1
-4.76 -1.52 4.2
-5.1 -2.47 2.63
-5.05 -2.69 2.29
-4.89 -2.67 2.25
-4.64 -2.6 2.59
-4.63 -2.42 2.78
-4.59 -2.24 3.07
-4.59 -2.04 3.17
-4.71 -1.61 3.37
-4.82 -1.47 3.21
-4.93 -1.34 3.27
-4.83 -1.16 3.97
-4.72 -1.16 4.43
-4.75 -1.16 4.64
-4.76 -1.24 4.76
-4.7 -0.95 4.52
-4.69 -0.74 4.33
-4.74 -1.16 4.23
-4.79 -1.42 4.17
-4.85 -1.1 4.05
-4.88 -1.04 4.34
-4.83 -1.65 5.29
-4.52 -3.88 6.84
-4.47 -5.01 7.6
-4.54 -5.31 8.25
-4.63 -4.5 7.46
-5.79 -3.58 7.14
-5.17 -3.22 6.91
-5.17 -3.22 6.91
-5.86 -2.06 6.1
-6.14 0.82 4.72
-5.41 1.52 4.04
-5.35 1.42 4.01
-5.4 1.45 3.12
-4.9 1.4 2.66
-4.72 1.11 2.66
-4.49 0.68 2.57
-4.06 0.3 2.49
-4.18 0.21 2.26
-4.12 -0.2 2.3
-4.22 -1.47 2.56
-4.22 -2.02 2.82
-4.19 -2.86 3.36
-4.12 -3.37 3.85
-4.94 -3.46 3.75
-4.42 -3.17 4.08
-4.23 -3.46 4.18
-4.26 -4.42 4.31
-5.03 -3.83 4.82
-5.03 -3.83 4.82
-3.99 -3.24 5.52
-4.24 -2.99 6.13
-3.93 -2.62 4.75
-4.28 -3.41 4.39
-4.65 -4.55 4.11
-4.68 -6.15 2.91
-3.99 -6.18 2.25
-3.77 -6.37 1.52
-3.7 -6.18 0.98
-3.71 -5.77 -0.35
-3.79 -5.4 -0.47
-3.51 -4.88 0.04
-2.96 -4.79 1.77
-2.72 -4.81 2.06
-2.68 -5.13 1.61
-2.47 -5.65 1.62
-1.76 -4.69 1.05
-1.93 -4.04 0.57
-2.03 -3.34 0.23
-2.28 -2.39 0.95
-2.14 -2.32 1.94
-1.94 -2.19 2.83
-1.77 -1.97 3.31
-1.02 -1.28 3.47
-0.64 -1.16 2.53
-0.64 -1.16 2.53
-1.5 -0.66 1.35
-1.76 -1.05 -0.07
-1.28 -1.32 0.17
-1.4 -1.88 0.79
-1.2 -2.01 1.56
-1.32 -3.82 4.13
-0.66 -4.7 5.18
-1.2 -5.18 6.04
-0.74 -6.12 5.41
-0.87 -6.56 4.5
-1.07 -6.68 3.79
-0.95 -6.19 3.3
-0.68 -5.11 2.62
-0.33 -4.6 2.35
-0.31 -4.35 2.22
-0.84 -4.76 3.26
-0.84 -5.54 4.72
-0.64 -5.59 5.79
-0.74 -5.16 6.52
-0.59 -3.84 6.42
-0.71 -2.5 5.04
-0.93 -2.39 4.51
-0.34 -1.58 2.93
-0.62 -1.28 2.06
-0.83 -1.36 1.49
-0.24 -1.81 1.59
-1.01 -3.68 2.65
-1.32 -4.09 2.83
-1.21 -4.78 3.21
-1.03 -4.48 3.41
-0.64 -4 3.72
-0.6 -3.38 4.24
-0.81 -2.47 4.45
-0.29 -1.97 5.81
-0.29 -1.97 5.81
-0.36 -3.54 7.09
-0.5 -4.48 8.82
-0.78 -4.05 9.65
-0.89 -3.09 9.15
-0.72 -1.82 8.61
-0.13 0.66 7.7
0.47 -0.03 8.62
-0.78 -0.62 9
-0.79 -2.37 9.44
-1.75 -3.16 9.07
-1.07 -2.9 8.37
-1.89 -3.28 7.91
-3.58 -4.25 4.18
3.23 -5.5 4.23
1.13 -4.94 5.19
1.13 -4.94 5.19
1.45 -4.04 4.72
0.57 -5.26 6.89
1.49 -5.97 12.47
1.07 -6.38 13.34
-1.13 -3.09 6.7
0.38 -2.92 4.97
-0.27 -2.79 4.65
-0.43 -0.84 4.11
0.43 0 3.46
1.21 1.05 2.56
1.75 1.47 1.53
2 0.09 0.94
2.01 -0.84 1.04
1.67 -1.57 1.06
1.91 -2.56 2.05
1.91 -2.56 2.05
2.08 -2.7 2.25
1.92 -2.8 3.09
2.17 -2.76 4.32
1.87 -2.5 4.43
1.87 -3.11 3.93
2.14 -3.96 3.28
1.96 -6.26 3.35
1.95 -6.57 3.91
1.69 -7.08 4.86
1.31 -7.46 6.08
1.31 -7.46 6.08
1.14 -6.44 6.9
1.76 -5.32 6.95
1.72 -4.07 6.76
1.85 -2.18 6.24
1.78 -1.96 5.99
1.98 -2.14 5.91
2.16 -2.27 5.83
2.13 -2.19 5.77
2.21 -2.12 5.8
1.99 -2.07 5.86
1.99 -2.07 5.86
2.3 -1.87 6.66
2.12 -1.65 7.15
1.99 -1.46 7.66
1.69 -1.31 8.19
2.17 -0.58 8.1
2.1 -0.67 7.94
2.3 -0.73 7.8
2.15 -1.22 7.5
2.5 -1.69 7.35
2.48 -2.03 7
2.48 -2.03 7
2.56 -2.35 6.51
2.68 -2.58 5.43
2.69 -2.65 5.19
2.44 -2.85 5.38
2.65 -3.29 7.21
2.36 -2.79 7.47
2.42 -2.17 7.69
2.41 -1.27 7.47
2.63 -0.7 6.44
2.63 -0.7 6.44
2.38 -1.3 6.01
2.51 -1.71 5.62
2.58 -2.49 5.15
2.66 -3.01 5.02
2.66 -3.82 5.48
3.02 -4.3 6.14
4.1 -3.13 6.07
4.1 -3.13 6.07
5.58 -2.56 6.42
2.5 -2.01 6.52
2.87 -2.32 7.42
3.35 -2.31 7.84
2.94 -2.13 7.6
2.57 -2.17 6.85
4.22 -1.54 4.58
3.86 -1.23 3.23
3.52 -1.12 1.84
3.69 -1.64 0.82
3.59 -1.99 0.84
3.65 -2.37 1.34
3.6 -2.76 2.33
2.35 -2.44 3.95
3.93 -2.27 4.58
4.57 -2.21 5.38
4.37 -2.78 6.99
4.37 -2.78 6.99
3.92 -3.12 7.53
3.56 -3.48 7.52
3.53 -3.91 7.15
3.3 -4.1 5.69
3.33 -3.98 5
3.42 -3.91 4.69
3.71 -3.28 4.41
3.71 -3.28 4.41
3.84 -3.1 4.38
3.92 -3.31 4.7
3.8 -3.37 6.02
3.79 -3.25 6.45
3.79 -3.25 6.45
3.71 -3.02 6.62
3.54 -2.34 6.37
3.68 -1.95 6.42
3.66 -1.73 6.64
3.84 -1.8 6.96
3.86 -2.05 6.57
3.92 -2.63 6.25
3.93 -3.52 6.68
3.98 -3.77 6.6
4.11 -3.92 6.36
4.11 -3.92 6.36
4.14 -3.95 5.83
4.12 -3.25 4.25
4.4 -2.63 2.92
4.4 -2.63 2.92
4.76 -2.85 1.94
4.61 -3.19 1.72
4.52 -3.85 2.06
4.12 -4.89 3.41
4.12 -4.89 3.41
4.34 -5.61 4.54
4.34 -5.5 5.1
4.47 -5.15 5.35
4.07 -4.58 5.24
4.07 -4.58 5.24
4.39 -5.06 5.32
4.59 -4.66 4.89
4.67 -4.49 4.73
4.72 -4.35 4.45
4.86 -4.39 3.45
4.98 -4.52 2.65
4.95 -4.85 2.04
4.96 -5 1.66
4.96 -4.57 1.06
5.14 -4.11 1.01
5.24 -3.6 0.83
5.22 -3.12 0.55
5.1 -3.28 1.25
4.87 -4.41 2.42
4.71 -5.52 3.8
4.67 -6.81 5.83
4.67 -6.73 5.95
4.75 -6.28 5.51
4.77 -5.53 4.53
5.2 -3.77 1.9
5.31 -3.01 0.6
5.48 -2.6 -0.37
5.38 -2.68 -0.72
5.15 -2.91 -0.15
5.08 -3.44 0.8
4.89 -4.3 2.82
4.78 -4.55 3.55
4.7 -4.6 3.85
4.63 -4.52 3.87
4.81 -4.26 3.5
4.85 -4.23 2.95
4.64 -5.14 2.19
4.55 -5.92 2.35
4.57 -6.33 2.44
4.57 -6.33 2.44
4.59 -6.64 2.38
4.6 -6.82 2.01
4.6 -7.36 1.97
4.42 -9.19 2.27
4.42 -9.19 2.27
4.28 -9.58 3.63
4.37 -8.78 4.12
4.43 -6.64 3.42
4.31 -6.48 2.91
4.31 -6.48 2.91
4.42 -6.76 2.74
4.34 -7.27 2.67
3.96 -7.02 2.85
4.18 -4.64 3.87
4.18 -4.64 3.87
4.52 -3.34 3.88
2.98 3.7 5.48
4.75 2.7 3.56
4.18 0.59 5.14
4.47 -1.04 4.85
4.47 -1.04 4.85
3.9 -2.23 4.97
3.91 -4.2 5.51
3.85 -5.3 6.72
3.85 -5.3 6.72
4.09 -5.73 6.86
4.28 -5.88 6.42
4.13 -4.95 5.24
4.17 -3.98 3.69
4.95 -4.3 2.21
3.14 -4.51 2.4
3.21 -5.34 2.55
4.87 -6.02 3.26
3.53 -5.9 3.46
3.53 -5.9 3.46
2.8 -6.14 3.24
3.45 -5.99 2.76
3.85 -5.71 2.39
3.42 -5.72 2.4
3.89 -6.28 2.85
2.44 -7.45 4.12
3.17 -7.35 5.12
2.55 -6.25 5.26
2.62 -4.83 5.25
2.44 -4.26 5.43
2.55 -3.36 5.42
2.74 -2.6 5.12
2.79 -1.46 4.25
2.4 -1.38 4.37
2.4 -1.38 4.37
1.8 -2.99 4.77
1.17 -3.31 4.76
1.85 -4.28 6.34
-0.07 -3.2 7.09
-0.07 -3.2 7.09
1.44 -2.78 7.75
0.89 -4.66 9.4
0.33 -4.83 9.43
0.25 -4 8.55
0.25 -4 8.55
0.21 -3.31 8.3
0.56 -3.23 9.61
0.21 -3.13 9.93
0.45 -3.92 11.44
0.45 -3.92 11.44
-0.01 -5.03 12.23
0.03 -5.22 11.89
-0.05 -4.93 11.14
-0.15 -4.38 9.88
-0.18 -3.96 9.38
0.06 -3.25 9.06
0.34 -1.4 7.4
0.26 -1.2 6.92
0.42 -0.42 6.57
0.42 -0.42 6.57
0.37 -0.31 6.74
0.27 -0.14 6.63
0.19 -0.62 7.17
-0.2 -2.89 9.45
-0.2 -2.89 9.45
-0.23 -2.57 9.52
-0.08 -1.38 9.1
0.36 0.31 8.07
0.3 0.27 7.33
0.3 0.27 7.33
0.01 -0.35 7.12
-0.1 -0.63 7.13
-0.41 -0.73 6.97
-0.65 -0.16 8.16
-0.65 -0.16 8.16
-0.81 -0.06 9.03
-0.99 0.01 10
-0.85 -0.02 11.03
-0.97 -0.71 10.28
-0.97 -0.71 10.28
-1.22 -0.94 9.69
-1.36 0.44 9.84
-1.2 1.39 10.11
-0.89 3.37 9.6
-0.89 3.37 9.6
-0.95 2.94 9.53
-1.03 2.01 9.48
-0.9 0.88 9.39
-0.86 -1.9 8.04
-0.86 -1.9 8.04
-1.23 -1.88 7.67
-1.34 -0.62 8.99
-1.41 0.43 9.43
-0.97 2.78 8.91
-0.97 2.78 8.91
-0.71 3.61 6.97
-0.64 3.59 6.61
-0.63 3.35 6.54
-0.97 2.84 6.68
-0.97 2.84 6.68
-2.68 2.46 7.02
-4.85 1.02 5.97
-3.24 0.79 9.41
-2.02 1.25 11.77
-2.02 1.25 11.77
-1.83 2.42 11.1
-1.97 2.78 9.74
-2.02 3.15 7.06
-2.38 2.63 5.93
-2.76 2.54 5.97
-2.87 2.89 6.55
-2.8 4.2 8.22
-3.12 4.4 8.72
-2.77 4.59 9
-3.02 4.51 8.52
-3.5 4.12 9.34
-3.42 3.78 9.73
-3.74 3.47 9.9
-3.74 3.47 9.9
-3.4 3.28 10.79
-3.67 3.38 10.86
-3.63 3.42 10.73
-3.05 3.45 11.42
-3.05 3.45 11.42
-2.66 3.51 11.4
-2.85 2.96 10.21
-2.89 2.24 9.47
-2.86 2.13 8.11
-2.86 2.13 8.11
-2.81 3.17 7.77
-2.75 4.03 7.69
-2.67 4.64 7.63
-2.52 4.48 7.29
-2.37 4.21 7.17
-2.46 4.12 6.83
-2.33 4.21 6.43
-2.26 3.65 5.5
-2.65 1.96 6.12
-2.65 1.96 6.12
-3 3.02 8.2
-3.15 3.56 8.82
-3.22 3.96 9.07
-3.14 3.9 8.36
-3.14 3.9 8.36
-3.17 3.71 8.09
-3.22 3.48 8.45
-3.12 3.52 8.73
-3.13 4.16 7.8
-3.13 4.16 7.8
-3.41 4.15 7.67
-3.7 3.83 7.98
-3.82 4.19 7.98
-3.08 5.06 8.47
-3.08 5.06 8.47
-3.16 5.08 8.77
-3.07 5.05 8.9
-3.17 5.02 8.78
-3.31 4.63 7.82
-3.31 4.63 7.82
-3.26 4.04 9.93
-3.27 4.03 9.65
-3.17 4.16 9.15
-3.32 4.28 8.68
-2.98 4.67 7.31
-2.98 4.67 7.31
-3.61 4.9 6.7
-3.54 5.27 6.63
-3.98 3.93 8.38
-3.98 3.93 8.38
-3.99 3.4 8.95
-3.67 2.89 9.94
-3.85 1.72 11.05
-3.94 1.44 10.91
-3.94 1.44 10.91
-3.96 1.76 9.72
-3.94 2.19 9.13
-3.94 2.56 8.51
-3.84 2.75 8.17
-3.63 3.1 7.99
-3.72 3.37 7.86
-3.5 3.53 7.91
-3.29 3.44 7.67
-3.2 3.45 7.31
-3.29 3.38 6.98
-3.29 3.38 6.98
-3.34 3.49 6.75
-3.49 3.78 6.38
-3.26 3.55 6.33
-3.46 3.25 6.65
-4.21 4.03 5.52
-3.49 4 5.68
-4.11 3.81 5.06
-3.05 4.29 4.79
-3.35 4.13 4.47
-4.11 4.05 3.97
-3.52 3.69 4.03
-3.52 3.69 4.03
-3.86 3.56 3.91
-5.2 3.83 3.68
-4.61 4.26 3.14
-4.98 4.91 2.08
-5.11 6.35 2.7
-5.43 6.56 4.08
-6.98 -4.9 18.83
-6.98 -4.9 18.83
-6.53 4.39 15.24
-6.93 3.38 18.75
-7.56 6.94 26.26
-5.84 10.11 10.29
-5.34 8.23 8.95
-5.56 6.24 8.28
-5.6 3.69 5.18
-5.79 2.79 4.33
-5.79 3.01 4.11
-5.89 3.52 5.55
-5.94 4.46 8.17
-6.01 4.86 7.57
-5.96 4.77 7.1
-6.1 4.6 7.15
-5.57 4.42 6.92
-5.47 4.41 6.57
-5.47 4.41 6.57
-5.47 4.71 6.23
-6.02 4.95 7.3
-6.05 5.24 7.71
-6.19 5.16 8.17
-6.19 5.16 8.17
-6.09 4.95 7.59
-6.01 4.56 8.18
-5.78 4.51 9
-5.76 4.1 9.4
-5.48 3.59 9.03
-5.49 2.77 8.28
-5.67 2.54 7.73
-5.61 3.04 6.64
-5.7 2.9 6.93
-5.8 2.84 7.83
-5.66 2.59 11.69
-5.66 2.88 13.43
-5.87 3.35 14.38
-6.05 3.63 14.91
-6.06 3.82 14.68
-6.95 2.64 14.58
-7.26 1.46 14.62
-6.55 2.91 15.33
-6.8 3.16 13.82
-6.47 3.07 12.9
-6.39 2.81 10.24
-5.17 3.72 8.17
-5.31 2.83 7.34
-5 1.76 6.67
-4.76 -1.2 5.49
-4.76 -1.2 5.49
-4.47 -2.77 5.63
-4.15 -3.18 5.93
-3.44 -5.75 8.98
-3.54 -7.1 9.5
-3.54 -7.1 9.5
-3.59 -8.13 9.92
-3.23 -6.96 8.8
-2.73 -4.95 7.35
-2.33 -4.5 7.06
-1.93 -4.61 7.55
-1.93 -4.61 7.55
-1.48 -4.93 7.58
-1.01 -4.65 6.39
0.63 -5.26 1.84
0.63 -5.26 1.84
1.27 -7.34 0.7
0.89 -10.73 0.62
-0.44 -19.09 3.66
-1.14 -19.28 4.56
-1.14 -19.28 4.56
-0.63 -14.44 5.44
0.19 -11.9 4.52
0.1 -9.98 2.92
1.99 -1.18 0.75
1.99 -1.18 0.75
1.87 -1.06 0.33
2.92 -2.04 1.71
2.36 -4.62 4.92
5.3 -8.18 6.07
5.3 -8.18 6.07
1.78 -9.98 5.67
3.22 -11.01 3.33
3.43 -12.03 3.34
4.73 -12.45 3.16
7.16 -11.41 0.65
3.62 -10.25 -0.28
2.88 -10.38 -1.12
4 -10.65 -1.59
1.02 -10.42 -2.69
1.02 -10.42 -2.69
2.02 -9.72 -3.95
3.38 -7.76 -5.68
2.29 -6.86 -6.36
2.59 -5.08 -6.69
4.7 -3.19 -6.32
6.43 -2.57 -5.85
6.27 -3.92 -5.85
5.21 -5.91 -5.96
5.37 -7.8 -5.82
5.96 -8.14 -5.42
5.96 -8.14 -5.42
6.03 -8.2 -5.32
5.59 -7.67 -5.61
4.42 -6.91 -6.22
4.87 -6.74 -6.21
4.61 -6.39 -6.41
4.61 -6.39 -6.41
5.87 -6.04 -6.06
6.6 -5.44 -5.88
7.33 -4.02 -6.06
7.66 -3.1 -6.14
7.38 -2.17 -5.37
6.64 -2.26 -4.85
6.45 -2.45 -4.14
7.78 -3.69 -3.47
7.13 -1.84 -4.45
7.47 2.4 -6.24
7.47 2.4 -6.24
9.62 8.15 -8.34
10.86 22.56 -15.41
12.02 24.44 -15.33
11.39 23.29 -14.47
10.49 15.37 -11.3
9.68 9.72 -9.34
9.26 3.5 -6.41
9.61 -1.26 -4.66
9.29 -5.85 -2.82
8.85 -6.9 -2.22
8.85 -6.9 -2.22
9.11 -7.28 -2.27
9.74 -8.63 -2.74
8.95 -9.47 -3.51
9.21 -10.15 -4.89
9.67 -11.18 -6.2
10.64 -12.1 -5.64
10.64 -12.1 -5.64
9.91 -11.61 -4.47
8.64 -10.74 -3.47
6.87 -8.91 -2.73
6.8 -7.83 -3.07
7.09 -6.14 -3.75
6.7 -4.15 -4.56
6.2 -0.1 -4.74
5.96 1.01 -3.76
6.84 1.51 -2.76
6.84 1.51 -2.76
7.02 2.6 -0.39
7.09 4.97 -0.38
6.9 4.11 1.52
5.49 3.53 1.88
7.22 1.91 3.11
7.87 1.59 4.03
7.87 1.59 4.03
6.87 3.5 4.69
7.87 3.3 5.81
7.87 3.3 5.81
7.76 4.93 5.9
8.19 5.52 6.75
7.52 8.71 7.54
7.03 9.43 9.09
6.53 10.04 11.07
6.9 13.04 10.89
6.9 13.04 10.89
7.7 12.13 12.83
7.75 11.16 13.75
7.54 8.74 13.17
6.9 2.31 11.35
7.17 0.62 10.77
7.24 0.32 9.85
7.92 -1 9.55
7.67 -1.5 9.65
8.09 -0.42 8.73
8.31 1.18 7.57
8.31 1.18 7.57
8.23 3.69 6.78
8.16 4 6.68
8.19 4.12 6.45
8.68 4.25 6.06
8.88 4.19 6.14
8.62 3.79 6.39
8.2 3.57 6.23
7.48 2.57 6.35
7.48 2.29 6.43
7.55 2.16 6.46
7.55 2.16 6.46
7.53 2.08 6.79
7.61 2.48 6.99
7.83 2.96 6.99
8.38 3.39 6.5
8.5 3.38 6.32
8.5 3.67 5.88
8.1 3.82 5.73
8 3.9 5.22
8.16 3.81 5.03
8.29 3.32 5.07
8.29 3.32 5.07
8.2 2.9 5.2
8.14 2.79 5.43
8.11 3.24 5.51
8.51 3.8 5.57
8.69 4.65 5.5
8.5 5.02 5.45
8.34 4.94 5.33
8.17 5.24 4.89
7.89 4.22 4.48
7.66 3.03 4.65
7.66 3.03 4.65
7.45 2.14 5
7.4 1.01 6.14
7.57 0.83 6.91
7.87 1.19 7.16
8.33 2.01 6.82
8.8 3.87 6.82
8.54 4.73 6.52
8.06 4.95 6.75
7.77 5.38 6.72
7.76 5.01 6.98
7.76 5.01 6.98
7.58 4.06 7.26
7.39 3.22 7.28
7.32 1.56 7.21
7.52 0.84 7.1
7.72 0.69 6.69
8.39 0.76 6.07
8.47 1.03 5.98
7.97 1.54 5.89
7.53 2.38 5.86
7.66 3.92 6.02
7.66 3.92 6.02
7.8 4.05 6.29
7.6 3.57 6.44
7.82 3.81 6.03
8.04 3.9 6.2
8.52 3.67 6.21
8.75 3.6 6.07
8.01 3.56 5.62
7.6 3.81 5.5
7.46 3.87 5.66
7.15 2.97 6.23
7.12 3.01 6.01
7.14 2.98 5.95
7.35 2.97 5.89
8.38 3.35 5.69
8.68 3.49 5.72
8.15 3.25 6.02
7.45 3.69 5.84
7.23 3.87 5.82
7.19 3.75 5.9
7.19 3.75 5.9
7.23 3.51 5.98
7.61 3.1 6.12
7.7 3.01 6.1
7.86 2.99 6.13
7.74 3.73 5.95
7.58 4.09 5.86
7.43 3.83 6.03
7.31 3.47 6.31
7.78 3.7 6.62
8.07 4.49 6.7
7.95 4.92 6.85
7.95 4.92 6.85
7.4 3.04 7.45
7.39 2.6 7.27
8.21 3.18 6.48
9.02 4.56 5.79
8.86 5.84 5.86
8.38 6.18 5.8
8.38 6.18 5.8
7.68 6.9 5.31
7.23 7.05 4.3
7.59 6.04 2.51
7.3 6.51 2.23
7.34 7.26 2.24
8.33 7.55 2.8
7.85 7.71 3.16
7.97 7.9 2.81
7.24 6.97 1.92
7.24 6.97 1.92
6.89 6.12 2.13
6.76 5.45 2.27
7.41 4.59 2
8.27 4.35 1.93
8.3 4.61 1.02
8.67 4.9 0.33
8.7 5.08 -0.17
8.01 5.24 -1.31
7.54 5.48 -1.7
7.66 5.65 -2.24
7.66 5.65 -2.24
7.79 6.1 -2.55
8.23 6.61 -2.44
8.14 6.73 -2.42
7.89 6.71 -2.8
7.91 6.61 -4
7.87 6.25 -4.5
7.74 5.92 -4.9
8.02 5.58 -4.96
8.15 5.34 -4.42
8.57 5.15 -4.29
8.57 5.15 -4.29
8.98 4.93 -3.99
8.38 4.34 -2.99
8.13 3.87 -2.87
7.89 3.27 -2.69
7.77 2.8 -2.8
8.15 3.01 -2.87
8.22 3.35 -2.81
8.15 3.86 -2.95
8.38 5.05 -4.04
8.39 5.04 -4.31
8.39 5.04 -4.31
8.21 5.09 -4.37
8.43 5.6 -3.58
8.43 6.08 -2.59
8.19 6.34 -1.59
7.98 6.84 -0.81
8 7.44 0.25
7.91 7.42 0.47
7.85 7.21 0.54
7.85 7.21 0.54
7.82 7.05 -0.24
8.21 6.72 -0.28
8.32 6.52 -0.31
8.11 6.34 -0.26
7.97 6.06 -0.16
7.7 5.97 0.22
7.51 6.33 0.49
7.51 6.33 0.49
7.52 7.23 1.13
8.09 7.63 1.15
8.38 7.59 1.08
8.31 7.43 0.75
7.66 6.34 -0.29
7.23 5.63 -0.57
6.99 5.35 -0.6
7.11 5.97 -0.52
7.4 6.37 -0.08
7.43 6.06 0.17
7.43 6.06 0.17
7.59 7.26 -0.34
7.78 7.83 0.35
7.78 7.96 0.49
7.57 7.69 0.94
7.52 7.33 1.83
7.47 7.08 2.34
7.48 7.01 2.82
7.56 7.37 2.88
7.61 7.58 2.23
7.35 7.17 1.64
7.35 7.17 1.64
7.16 7.09 0.68
6.11 6 -0.63
6.55 4.69 0.27
6.73 4.96 0.6
6.86 5.45 0.97
6.74 6.16 2.2
6.97 6.69 2.36
7.07 7.36 2.23
6.95 8.4 1.86
6.84 8.74 1.78
6.84 8.74 1.78
6.75 8.94 1.72
6.5 8.85 1.95
6.57 8.58 2.61
6.59 8.19 3.02
6.39 7.6 3.45
6.38 7.53 3.13
6.52 7.28 2.98
6.52 7.28 2.98
6.64 7 2.79
6.65 6.83 2.62
6.44 6.63 2.8
6.39 6.38 3.35
6.49 6.25 4.21
6.52 6.43 5.85
6.46 6.63 6.08
6.41 7.16 5.8
6.41 7.16 5.8
6.47 7.3 5.78
6.62 7.84 5.27
6.83 8.52 3.68
6.78 8.26 2
6.34 6.33 -0.42
6.28 5.48 -0.97
6.32 4.94 -0.8
6.5 4.39 -0.1
6.4 4.24 1.37
6.24 4.23 2.18
6.24 4.23 2.18
6.05 4.04 2.74
5.82 4.02 3.31
5.66 4.19 3.61
5.61 3.66 4
7.21 5.17 2.71
5.6 2.48 4.81
5.79 3.77 4.47
5.54 4.59 4.2
5.3 5.3 4.66
5.44 6.07 4.7
5.44 6.07 4.7
5.26 6.85 4.65
5.34 7.32 4.59
5.02 8.33 4.44
5.04 8.47 4.29
4.85 9.01 5.75
5.34 9.85 5.1
4.86 10.68 4.57
4.97 11.05 4.11
4.84 11.13 4.43
5.27 11.88 4.51
5.27 11.88 4.51
5.24 10.99 4.64
5.04 9.63 4.85
4.49 8.83 4.92
4.62 8.53 5.06
4.71 8.5 5.1
4.81 8.04 5.16
4.99 7.62 4.75
5.25 7.29 3.86
5.1 6.71 3.71
4.75 5.58 4.09
4.75 5.58 4.09
4.69 5.14 4.28
4.7 4.92 4.49
4.64 5.01 4.63
4.8 5.19 4.86
4.7 5.17 4.65
4.44 5.78 4.27
4.79 6.59 4.24
4.98 7.27 4.16
4.85 7.77 4.24
4.85 7.68 4.24
4.85 7.68 4.24
4.68 7.15 4.11
4.69 6.8 4.19
4.81 6.09 4.74
4.53 6.57 5.05
4.61 6.75 5.15
4.69 7.04 5.32
4.72 7.3 5.57
4.83 7.74 6.2
4.68 7.97 6.11
4.71 8.24 5.71
5.02 8.28 5.48
5.21 8.32 5.31
4.94 8.36 5.2
5.15 8.17 5.03
5.08 7.72 6.14
5.08 7.72 6.14
5.19 7.7 6.44
5.26 7.77 6.69
5.64 7.91 6.43
5.89 7.71 6.16
5.92 7.44 6.12
5.73 7.03 6.3
6.03 6.87 6.73
6.01 6.91 6.84
6.04 6.88 6.93
5.54 6.97 6.91
5.54 6.97 6.91
4.6 7.62 6.04
7.14 7.1 6.31
5.41 7.12 5.1
5.93 8.72 2.3
6.24 8.96 2.19
7.2 9.41 2.67
6.87 8.84 4.79
7.29 8.83 5.29
7.5 8.64 5.52
6.53 8.38 5.71
6.53 8.38 5.71
7.14 7.96 5.87
5.18 8.19 5.92
5.59 8.32 5.84
5.2 9.35 4.56
4.09 9.42 3.93
4.33 9.33 3.03
4 9.54 1.83
4.07 9.23 0.59
2.74 9.03 0.04
3.89 8.74 0.14
3.89 8.74 0.14
3.02 7.48 -0.42
2.38 7.01 -1.34
2.85 6.9 -2.31
2.83 6.98 -3.22
1.87 5.27 -3.21
0.75 3.72 -2.9
0.31 1.02 -2.05
0.53 -4.02 0.22
1.53 -5.8 1.51
6.02 -7.49 3.88
3.94 -8.81 5.17
-0.85 -10.44 1.66
0.43 -12.27 1.77
1.33 -13.2 1.98
-0.86 -13.43 3.94
-0.86 -13.43 3.94
1.1 -10.58 5.27
0.73 -6.55 5.9
0.1 -3.97 6.54
0.32 -1.75 7.59
0.25 -2.05 7.76
1.34 -2.6 8.49
2.35 -3.86 12
2.2 -3.52 13.77
2.27 -2.27 14.6
2.32 -0.79 14.76
2.32 -0.79 14.76
2.97 -0.6 15.08
1.52 -1.71 15.58
2.23 -3.59 16.47
3.05 -5.88 15.39
2.87 -4.6 13.09
3.64 -3.44 11.06
3.64 -3.44 11.06
4.24 -2.9 9.71
5.32 -2.43 9.28
5.6 -2.33 9.33
5.15 -2.66 9.29
7.6 0.32 -2.37
6.48 -1.48 -3.51
7.37 -1.16 -5.14
7.82 -2.45 -5.15
6.75 -0.8 -2.14
6.75 -0.8 -2.14
6.08 0.87 -0.75
6.19 3.05 -0.36
5.55 7.51 -2.23
6.67 8.37 -3.45
2.08 8.2 -4.16
4.6 8.79 -4.05
5.22 7.6 -2.47
6.31 6.99 -1.92
5.61 6.36 -2.64
4.64 7.55 -4.39
4.64 7.55 -4.39
2.58 8.26 -3.52
1.73 8.08 -0.52
3.59 7.78 3.21
1.31 4.25 10.64
1.14 2.18 15
1.21 0.52 17.95
1.87 -0.37 16.59
2.33 -0.04 14.8
2.43 0.29 13.11
2.33 0.02 12.1
2.33 0.02 12.1
2.43 -0.12 9.79
2.37 0.51 8.44
2.41 0.9 6.86
3.03 1.1 4.65
3.19 1 4.04
3.15 1.13 3.21
2.76 1.66 1.77
1.95 2.41 0.35
1.52 2.59 -0.03
0.76 2.54 0.02
0.76 2.54 0.02
0.31 3.16 0.94
-0.67 4.28 2.02
-1.37 5.5 2.97
-1.27 7.08 4.51
-1.12 9.91 8.19
-1.98 11.15 11.64
-2.29 10.75 16.08
-2.18 9.13 19.25
-0.8 7.42 18.66
-0.69 5.1 18.1
-0.69 5.1 18.1
-1.21 2.47 17.48
-0.79 -0.88 14.33
0.35 -1.41 12.07
0.43 -1.09 8.64
-1.09 -1.54 5.12
-1.32 -0.57 4.1
-2.51 -0.23 3.41
-3.02 -0.77 3.92
-2.02 1.72 4.54
-1 2.25 5.64
-1 2.25 5.64
-1.57 2.26 6.41
-1.83 2.48 6.45
-2.85 1.74 6.96
-3.73 1.97 7.97
-4.03 2.18 8.65
-3.87 2.66 8.15
-3.63 2.34 7.34
-4.06 2.3 7.05
-3.3 2.99 4.58
-3.34 4.69 0.8
-2.54 5.09 0.46
-2.54 5.09 0.46
-2.34 1.36 7.62
-4.72 3.19 17.01
-4.06 4.1 16.3
-4.21 1.98 19.78
-4.59 -0.7 20.81
-3.58 -3.44 14.51
-3.09 -4.1 10.94
-2.02 -4.07 7.7
-5.91 -7.27 6.95
-5.91 -7.27 6.95
-5.76 -6.93 6.24
-6.33 -5.21 5.45
-7.07 -2.97 5.48
-8.19 0.95 4.02
-9.11 2.41 4.2
-8.62 4.17 4.23
-6.81 6.8 3.98
-5.6 4.63 6.95
-7.1 3.64 9.92
-7.31 2.43 9.87
-7.31 2.43 9.87
-6.83 0.79 10.1
-5.04 0.53 8.65
-5.72 1.55 6.23
-5.62 -0.02 4.59
-5.73 -0.91 4.78
-5.5 -1.57 5.41
-6.8 -2.44 7.45
-6.7 -2.29 9.23
-6.26 -3.55 12.33
-5.52 -3.62 13.9
-5.52 -3.62 13.9
-5.5 -5.31 14.83
-5.96 -4.91 13.17
-6.13 -3.98 10.55
-5.95 -3.64 8.44
-5.76 -3.48 5.06
-5.42 -3.14 4.01
-5.09 -3.38 3.83
-5.09 -3.38 3.83
-4.77 -3.73 3.53
-4.88 -3.33 3.4
-5.17 -2.46 3.53
-5.02 -2.02 3.87
-6.06 -2.23 5.36
-6.25 -4 6.84
-6.05 -7.17 9.96
-5.94 -10.27 14.26
-5.94 -10.27 14.26
-5.91 -11 14.83
-5.39 -11.39 15.75
-4.97 -11.81 16.33
-4.43 -10.18 11.48
-4.51 -7.23 7.76
-4.08 -6.01 5.09
-4.93 -2.78 3.91
-5.65 -3.3 6.22
-6.23 -3.29 6.57
-5.65 -4.14 6.7
-5.65 -4.14 6.7
-4.88 -5.3 5.53
-5.08 -5.94 4.06
-5.09 -7.09 3.42
-5.27 -9.21 2.1
-5.35 -9.87 3.55
-5.07 -9.07 3.42
-5.07 -9.07 3.42
-5.89 -7.16 3.35
-5.45 -3.1 2.43
-5.49 -2.6 2.16
-4.86 -2.87 3.05
-4.02 -1.19 1.97
-3.38 0.57 0.09
-4.01 1.09 -3.33
-4.02 -0.33 -5.47
-3.23 -5.53 -9.95
-3.23 -5.53 -9.95
-3.24 -7.58 -10.43
-3.33 -9.72 -9.49
-3.3 -15.75 -3.72
-3.1 -17.76 -0.39
-4.69 -20.06 3.47
-4 -22.85 7.06
-5.74 -28.86 20.63
-6.07 -23.42 20.38
-5.7 -19.9 20.48
-5.13 -11.25 14.83
-5.13 -11.25 14.83
-4.76 -5.17 8.64
-3.86 0.37 3.01
-1.78 3.71 -0.49
-0.53 6.04 -3.94
-0.38 6.68 -6.61
-0.2 7.18 -8
1.27 2.42 -6.52
1.35 0 -6.5
0.48 -2.5 -6.58
-0.48 -5.11 -5.83
-0.48 -5.11 -5.83
-1.37 -9.03 -2.82
-1.72 -9.68 -2.05
-2.53 -10.69 -1.69
-4.23 -18.59 2.8
-5.37 -23.03 7.42
-6.19 -23.86 12.28
-6.42 -22.81 16.58
-6.58 -19.62 19.96
-6.39 -16.44 18.33
-6.43 -13.28 15.91
-6.43 -13.28 15.91
-5.56 -7.56 11.37
-4.56 -4.32 9.02
-3.65 -1.81 6.56
-2.99 -0.32 3.95
0.39 3.16 -3.59
0.15 3.62 -6.83
-0.21 4.84 -11.01
0.92 2.33 -15.34
0.56 -0.52 -15.32
0.24 -3.23 -14.56
0.24 -3.23 -14.56
-0.18 -6.86 -13.47
-1.63 -17.07 -9.44
-2.92 -21.51 -7.65
-4.57 -25.69 -4.24
-7.74 -33.68 9.37
-9.02 -33.73 17.33
-9.39 -31.59 23.43
-9.32 -28.83 26.19
-9.04 -18.18 22.54
-8.59 -11.47 17.51
-8.59 -11.47 17.51
-7.22 -4.74 12.24
-2.79 8.31 1.84
-0.4 13.06 -2.57
2.79 14.39 -5.04
2.47 20.97 -10.83
4.61 19.01 -15.65
2.21 15.09 -18.37
0.81 9.7 -18.65
-2 0 -15.19
-2.82 -3.99 -12.5
-2.82 -3.99 -12.5
-5.22 -10.16 -10.84
-8.39 -19.14 -7.68
-12.65 -36.4 10.14
-13.74 -39.45 21.53
-14.14 -39.48 31.12
-14.14 -39.48 31.12
-13.22 -39.54 43.66
-12.84 -36.62 43.39
-13.06 -28.14 35.75
-13.42 -17.33 23.21
-10.08 -1.76 2.81
-6.83 3.16 -4.67
-3.5 8.71 -12.3
1.85 16.65 -27.44
3.6 16.6 -30.16
5.03 15.99 -29.52
5.03 15.99 -29.52
3.75 12.52 -26.37
-0.75 0.58 -14.96
-2.72 -5.64 -9.76
-4.85 -11.09 -6.44
-7.77 -21.15 1.68
-8.73 -23.26 7.48
-9.86 -24.13 12.95
-11.32 -26.48 18.43
-11.98 -36.89 36.16
-11.66 -38.64 39.3
-11.66 -38.64 39.3
-11.93 -36.93 36.63
-13.51 -25.07 21.56
-12.86 -17.29 13.37
-11.25 -9.97 5.65
-8.89 -2.35 -2.3
-2.4 12.56 -16.09
-2.4 12.56 -16.09
2.5 14.27 -18.62
1.2 18.3 -18.68
5.1 23.41 -16.52
5.19 21.21 -18.43
2.45 18.29 -20.73
0.85 10.54 -17.74
-1.22 -1.92 -14.7
-4.12 -8.74 -15.05
-7.36 -17.41 -11.41
-11.37 -36.6 8.83
-12.14 -41.25 18.96
-11.84 -41.71 27.77
-11.41 -41.44 33.97
-11.87 -39.7 32.21
-11.87 -39.7 32.21
-12.72 -30.01 24.04
-12.12 -18.7 16.13
-7.96 1.04 3.6
-5.11 9.4 -2.44
-3.09 17.68 -8.4
-0.55 22.49 -10.91
3.04 30.14 -10.7
4.81 27.96 -11.91
3.79 24.55 -15.28
-0.62 6.49 -21.15
-0.62 6.49 -21.15
-2.16 -5.39 -20.44
-3.93 -15.18 -19.78
-5.76 -24.96 -17.44
-8.94 -39.59 -3.92
-10.51 -41.28 6.03
-11.39 -41.01 15.67
-11.22 -40.84 30.97
-11.26 -39.66 33.46
-11.9 -32.71 30.06
-12.29 -23.31 22.83
-12.29 -23.31 22.83
-9.67 -4.34 12.64
-7.56 5.63 7.76
-5.04 14.73 4.44
-0.1 25.84 4.33
0.39 28.5 4.84
2.55 29.97 3.37
2.55 29.97 3.37
3.54 27.22 -0.09
1.69 19.48 -16.38
-0.09 10.77 -21.8
-2.22 -1.61 -22.21
-7.19 -29.06 -20.7
-8.91 -42.42 -12.6
-9.77 -42.04 -1.42
-9.76 -41.67 8.73
-9.54 -41.52 21.77
-9.54 -41.52 21.77
-9.57 -40.84 22.99
-9.93 -31.95 19.29
-7.52 -7.84 6.18
-5.84 1.71 2.42
-3.91 10.93 0.62
-1.84 19.21 1.42
1.64 31.56 6.09
2.11 31.9 8.37
1.17 28.66 9.39
-3.03 14.32 7.25
-3.03 14.32 7.25
-4.53 5.94 3.93
-5.09 -0.46 -0.72
-6.53 -9.69 -6.53
-8.12 -35.75 -7.48
-7.8 -41.93 -2.58
-7.15 -41.16 2.07
-5.68 -38.86 4.42
-5.73 -32.07 3.75
-5.11 -24.86 3.23
-4.35 -19.03 2.43
-4.35 -19.03 2.43
-4.38 -10.32 -0.19
-3.99 -7.77 -0.39
-3.13 -5.47 -0.98
-2.96 -2.17 -1.87
-3.28 -0.87 -1.64
-3.8 -0.34 -0.29
-3.93 -0.45 1.42
-4.01 -2.46 5.55
-4.52 -4.87 6.99
-4.63 -7.18 8.54
-4.63 -7.18 8.54
-4.05 -9.61 12.4
-4.53 -9.47 12.7
-3.87 -9.22 11.3
-4.03 -9.95 11.22
-4.13 -11.86 11.23
-4.69 -12.17 9.49
-5.06 -12.86 8.18
-4 -11.92 6.31
-3.62 -11.16 5.2
-3.75 -10.67 4.16
-3.75 -10.67 4.16
-3.55 -10.05 3.93
-3.62 -9.42 3.47
-3.48 -8.66 2.89
-3.3 -8.5 2.87
-3.45 -5.07 1.31
-3.94 -2.76 0.59
-3.18 -0.54 -0.63
-3.39 -0.25 0.01
-3.91 2.1 0.49
-3.45 2.83 0.92
-3.45 2.83 0.92
-3.92 2.19 1.39
-4.93 -0.02 3.13
-5.57 -1.63 3.95
-5.61 -4.45 5.22
-5.47 -8.43 7.5
-5.41 -16.08 11.56
-4.23 -21.17 13.79
-4.72 -25.26 15.6
-5.32 -14.52 5.65
-5.36 -14.63 4.26
-5.36 -14.63 4.26
-5.48 -14.33 3.36
-5.03 -13.12 1.73
-5.07 -10.06 -1.81
-5.42 -8.58 -2.86
-5.25 -7.41 -3.35
-5.25 -7.41 -3.35
-5.96 -6.38 -4.08
-5.21 -5.75 -3.45
-5.77 -6.24 -2.86
-6.03 -7.9 -1.59
-7.64 -10.07 1.81
-8.2 -7.75 1.45
-9.15 -5.57 0.41
-7.19 -4.53 0.78
-7.77 -5.93 1.77
-8.64 -6.75 1.92
-8.64 -6.75 1.92
-8.32 -8.42 2.82
-7.65 -8.28 3.16
-8.01 -8.45 3.09
-8.66 -8.82 3.81
-8.35 -10.6 6.49
-8.22 -10.94 7.42
-8.11 -9.97 7.44
-7.76 -8.48 7.06
-7.68 -8.81 6.87
-6.9 -9.34 6.85
-6.9 -9.34 6.85
-6.7 -9.57 6.47
-6.57 -9.17 5.62
-7.22 -9.54 4.59
-7.35 -10.34 4.31
-7.63 -9.71 3.98
-7.39 -9.03 3.6
-7.19 -9.56 3.64
-6.96 -9.65 3.36
-6.37 -6.51 1.6
-6.6 -5.01 0.62
-6.6 -5.01 0.62
-6.48 -4.44 0.34
-6.3 -4.71 0.1
-6.75 -5.82 0.13
-7.16 -6.56 0.75
-7.35 -7.81 1.57
-7.55 -9.67 3.43
-7.73 -10.05 3.87
-7.98 -9.97 3.74
-7.9 -10.21 4.06
-7.82 -12.02 5.14
-7.82 -12.02 5.14
-7.79 -11.91 5.65
-7.93 -11.54 5.94
-7.9 -11.35 5.54
-7.91 -8.84 3.65
-7.35 -8.39 2.55
-7.45 -8.05 1.51
-8.26 -7.3 0.24
-7.17 -8.93 0.4
-6.01 -10.32 0.94
-6.45 -11.17 1.39
-6.45 -11.17 1.39
-7.76 -10.79 2.69
-7.77 -12.86 4.9
-7.64 -12.84 6.35
-6.83 -10.96 7.78
-6.64 -10.37 8.85
-7.2 -9.07 8.52
-8.22 -9.69 8.22
-8.22 -9.69 8.22
-7.92 -8.36 4.98
-6.94 -6.93 2.5
-6.94 -6.93 2.5
-5.9 -4.87 1.29
-5.78 -2.75 -0.38
-5 -0.62 -3.22
-5.3 -0.31 -5.48
-4.63 -1.65 -4.79
-4.63 -1.65 -4.79
-4.23 -2.69 -4.36
-5.39 -3.82 -3.21
-5.02 -9.09 -2.49
-4.9 -10.69 -2.03
-4.93 -11.13 -1.5
-5.45 -11.69 -1.25
-4.23 -11.24 -0.35
-4.18 -11.11 -0.41
-4.09 -11.13 -0.5
-4.22 -10.88 -2.3
-4.22 -10.88 -2.3
-4.43 -10.89 -2.9
-4.77 -9.96 -3.05
-4.94 -8.78 -3.09
-4.67 -8.11 -1.51
-4.65 -8.05 -1.03
-4.6 -8.35 -0.93
-4.9 -7.25 -2.67
-4.78 -6.91 -2.76
-4.81 -6.51 -3.28
-4.81 -6.61 -3.67
-4.81 -6.61 -3.67
-4.1 -12.3 -0.24
-4.61 -16.29 3.16
-6.23 -14.32 1.93
-5.84 -11.49 0.44
-5.84 -11.49 0.44
-5.12 -9.73 -0.11
-4.51 -8.61 -1.09
-5.15 -7.29 -2.64
-4.99 -7.4 -3.03
-4.46 -7.71 -3.61
-4.98 -7.51 -4.69
-4.98 -7.51 -4.69
-4.72 -8.48 -4.95
-4.58 -9.45 -5.05
-5.04 -9.93 -5.29
-5.43 -10.41 -4.62
-5.41 -11.17 -4.4
-5.07 -12.13 -4.77
-6.14 -11.37 -6.05
-4.84 -10.75 -6.02
-5.61 -9.42 -7.21
-5.61 -9.42 -7.21
-5.8 -8.6 -7.86
-5.1 -7.52 -8.94
-5.03 -7.12 -9.38
-4.5 -6.86 -9.64
-4.5 -5.84 -10.43
-4.17 -5.28 -10.81
-3.94 -5.04 -10.78
-3.89 -4.38 -11.19
-3.91 -4.71 -10.32
-4.49 -3.87 -11.04
-4.49 -3.87 -11.04
-4.42 -2.79 -11.98
-4.32 -0.82 -11.35
-4.09 0.03 -11.07
-3.66 0.07 -10.73
-3.7 -0.29 -10.09
-3.57 -1.12 -9.49
-3.58 -0.97 -9.5
-3.85 0.62 -10.48
-3.82 3.58 -9.6
-3.9 5.06 -8.53
-3.9 5.06 -8.53
-3.82 6.54 -7.08
-3.53 7.63 -5.47
-3.38 8.65 -3.05
-3.23 10 -2.19
-3.24 10.78 -1.41
-3.32 11.78 -0.64
-3.22 12.17 -0.47
-3.28 12.45 -1.01
-3.19 12.63 -1.56
-3.08 12.25 -2.76
-3.08 12.25 -2.76
-3.07 12.14 -2.95
-3.22 11.81 -2.83
-3.33 11.97 -2.87
-3.25 11.77 -3.03
-3.22 11.56 -2.69
-3.21 11.44 -2.28
-3.4 10.59 -1.54
-3.23 10.63 -1.87
-3.32 10.59 -2.06
-3.3 10.46 -2.63
-3.3 10.46 -2.63
-3.16 10.69 -3.2
-3.2 10.91 -3.5
-3.28 10.88 -3.46
-3.49 11.23 -2.62
-3.5 11.2 -1.86
-3.47 11.48 -1.1
-3.4 12.63 -0.42
-3.51 12.62 0
-3.67 12.55 0.18
-3.7 13.08 -0.4
-3.7 13.08 -0.4
-3.59 12.75 -1.41
-3.6 12.16 -1.67
-3.75 11.9 -2.01
-3.75 11.68 -2.54
-3.66 11.71 -2.55
-3.64 11.58 -2.35
-3.62 11.35 -2.09
-3.62 11.06 -1.73
-3.57 11.14 -1.5
-3.56 11.51 -1.4
-3.56 11.51 -1.4
-3.52 12.17 -1.38
-3.5 12.16 -1.54
-3.44 12.14 -1.74
-3.47 12.19 -1.75
-3.63 12.48 -1.4
-3.62 12.94 -1.14
-3.51 13.22 -0.67
-3.33 13.64 -0.39
-3.32 13.44 -0.52
-3.24 12.8 -1.02
-3.24 12.8 -1.02
-3.24 11.83 -1.79
-3.25 9.99 -4.02
-3.27 9.2 -5.09
-3.3 8.54 -5.99
-3.4 9.25 -6.4
-3.29 9.26 -6.28
-3.11 9.07 -6.24
-2.8 8.44 -6.42
-2.78 7.52 -7.06
-2.83 7.28 -8
-2.83 7.28 -8
-2.99 6.37 -8.76
-3.63 4.62 -9.45
-3.13 3.47 -10.15
-3.31 1.93 -10.11
-3.47 0.69 -9.65
-3.45 -0.21 -10.15
-3.65 -0.79 -9.61
-3.6 -1.12 -9.35
-4.15 -0.49 -9.51
-4.09 -0.73 -9.26
-4.09 -0.73 -9.26
-4.29 -1.71 -9.01
-4.62 -2.82 -8.7
-4.76 -5.24 -8.95
-4.83 -6.68 -8.53
-4.78 -8.44 -7.96
-5.18 -10.16 -8.06
-5.59 -10.24 -7.94
-5.61 -10.3 -7.74
-5.83 -11.02 -7.19
-5.69 -11.58 -6.27
-5.69 -11.58 -6.27
-5.98 -11.38 -5.84
-6.02 -11.18 -5.53
-5.88 -10.97 -4.99
-6.06 -10.75 -4.9
-6 -10.67 -4.7
-5.93 -10.42 -4.57
-6.25 -10.08 -4.52
-6.14 -10.56 -4.16
-6.34 -11.2 -3.42
-6.49 -11.71 -2.89
-6.49 -11.71 -2.89
-6.4 -11.74 -2.92
-6.47 -11.75 -3.4
-6.28 -11.57 -3.85
-6.23 -10.23 -4.45
-6.22 -9.49 -4.88
-6 -8.91 -5.14
-6 -8.91 -5.14
-6.14 -8.94 -4.7
-6.27 -9.68 -4.24
-6.18 -10.26 -4.26
-6.15 -10.39 -5.03
-6.16 -10.15 -6.41
-6.06 -9.82 -7.23
-5.95 -9.64 -7.77
-5.41 -9.36 -7.77
-5.22 -9.4 -7.84
-5.22 -9.4 -7.84
-5.05 -9.23 -8.44
-5.03 -8.54 -9.04
-4.86 -7.02 -9.43
-4.67 -6.11 -10.12
-4.49 -5.09 -10.73
-4.32 -2.96 -11.33
-4.43 -1.81 -11.8
-4.49 -0.82 -12
-4.89 -0.3 -11.91
-4.61 -0.31 -11.66
-4.61 -0.31 -11.66
-4.35 -0.82 -11.43
-4.21 0.33 -11.61
-3.88 1.19 -9.51
-3.89 3.28 -8.53
-3.9 4.51 -6.73
-3.78 6.47 -6.33
-3.68 8.08 -4.93
-3.58 8.68 -5
-3.42 9.58 -5.15
-3.23 9.81 -6.18
-3.23 9.81 -6.18
-3.1 10.28 -6.72
-3.19 10.55 -6.58
-3.44 10.66 -6.45
-3.42 9.92 -5.51
-2.85 9.04 -4.78
-4.16 9.17 -5.24
-3.9 9.88 -4.47
-4.12 11.15 -3.56
-4.04 11.76 -2.02
-4.02 12.78 -0.68
-4.02 12.78 -0.68
-4.11 12.31 1.2
-4.46 12.19 1.94
-4.28 12.61 2.92
-4.58 12.37 3.75
-4.34 11.81 5.31
-4.71 11.16 5.94
-4.59 11.86 7.01
-4.78 12.81 7.33
-4.7 13.38 7.7
-4.76 13.34 7.56
-4.76 13.34 7.56
-4.72 12.21 6.32
-4.65 11.33 5.53
-4.6 10.45 4.87
-4.58 9.56 4.42
-4.43 9.69 3.37
-4.43 9.69 3.37
-4.44 10.09 3.63
-4.24 10.77 4.08
-4.13 11.44 4.88
-4.11 11.4 5.22
-4.22 11.03 5.54
-4.22 10.57 6.08
-4.48 9.91 7.19
-4.53 10.24 7.33
-4.44 10.42 6.97
-4.41 9.44 5.9
-4.41 9.44 5.9
-4.43 9.66 4.93
-4.35 10.05 4.43
-4.31 10.37 4.26
-4.48 10.08 4.75
-4.58 10.32 5.02
-4.67 10.39 5.52
-4.68 10.05 6.83
-4.67 9.97 7.32
-4.62 9.52 7.74
-4.66 9.1 7.56
-4.66 9.1 7.56
-4.69 9.26 7
-4.72 9.66 7.27
-4.76 9.79 7.8
-5.04 9.88 8.5
-5.08 9.77 9.07
-5.01 9.58 9.22
-5.05 9.45 8.82
-4.91 8.75 8.47
-4.78 8.88 8.06
-4.69 8.82 7.91
-4.82 8.49 7.53
-4.91 8.47 7.68
-4.9 8.67 7.81
-4.75 9.02 7.87
-4.63 8.18 7.79
-4.63 8.18 7.79
-4.7 7.45 8.21
-4.76 7.69 8.67
-4.69 9.95 9.4
-4.77 10.99 9.47
-4.71 11.97 9.07
-4.66 11.89 8.94
-4.93 10.18 9.05
-4.58 10.13 8.02
-4.55 9.89 7.62
-4.02 10.49 6.03
-4.02 10.49 6.03
-4.09 10.18 5.44
-3.97 9.76 4.69
-4.02 8.59 3.95
-5.44 8.13 5.61
-3.18 12.03 3.77
-3.71 13.75 4.1
-3.71 13.75 4.1
-4.3 12.13 6.68
-4.44 11.14 8.28
-4.42 10.54 9.26
-4.45 10.02 9.4
-4.64 8.59 9.23
-4.22 8.2 9.64
-4.05 7.87 9.19
-4.62 6.99 8.3
-4.66 6.93 7.81
-4.49 7.44 7.46
-4.51 8.11 7.4
-4.22 8.56 7.47
-3.92 8.51 7.5
-4.11 8.92 7.93
-4.11 8.92 7.93
-4.34 9.07 8.26
-4.79 9.18 8.6
-4.79 9.18 8.6
-4.14 11.27 9.39
-4.14 11.27 9.39
-4.21 11.16 10.02
-4.36 11.2 10.42
-4.48 10.41 10.87
-4.71 8.78 11.23
-4.66 7.96 11.01
-4.99 6.96 10.79
-4.87 5.32 8.57
-4.04 5.17 6.69
-3.8 4.71 6.07
-4.07 6.39 5.57
-4.07 6.39 5.57
-4.32 7.24 6.7
-4.55 7.45 8.22
-4.91 7.19 9.79
-4.83 5.87 11.63
-5.1 4.25 12.81
-5.32 2.79 13.51
-5.25 2.07 13.69
-5.15 0.87 12.91
-5.12 1.11 11.9
-5.14 0.98 11.33
-5.14 0.98 11.33
-5.2 0.73 10.82
-5.12 0.7 11.11
-5.21 0.6 11.27
-5.44 -0.19 12.3
-5.78 -0.91 13.22
-5.82 -1.87 13.56
-5.71 -2.95 13.7
-5.81 -2.92 12.52
-5.48 -3.47 12.61
-5.87 -3.12 11.93
-5.57 -2.63 12
-5.57 -2.63 12
-5.85 -2.77 11.76
-5.8 -3.17 11.46
-5.72 -3.1 10.74
-5.65 -3.75 9.74
-5.78 -3.82 9.73
-5.8 -3.9 10.26
-5.93 -4.43 11
-5.77 -5.52 10.78
-5.77 -6.03 10.43
-5.86 -6.3 10.09
-5.71 -5.35 9.58
-5.67 -5.18 9.89
-5.66 -5.26 10.36
-5.69 -6.41 10.78
-5.69 -6.41 10.78
-6.1 -7.28 10.17
-6.18 -8.88 10.03
-6.11 -9.47 9.52
-6.1 -9.35 8.04
-5.84 -8.44 6.69
-5.6 -7.81 6.16
-5.46 -6.97 5.84
-5.61 -9.39 7.19
-6.16 -10.61 7.57
-6.19 -10.84 7.82
-6.19 -10.84 7.82
-5.99 -10.45 8.32
-6.38 -9.29 7.2
-5.91 -9.11 6.75
-5.48 -9.42 6.41
-5.57 -10.18 4.74
-5.6 -10.31 4.14
-5.63 -10.65 3.82
-5.52 -11.11 3.66
-5.63 -11.55 3.97
-5.81 -11.72 4.4
-5.81 -11.72 4.4
-5.85 -11.45 4.73
-5.92 -10.63 5.29
-5.91 -10.51 5.44
-5.99 -11.02 5.38
-5.86 -10.52 4.48
-5.73 -10.6 4.41
-5.74 -10.87 4.38
-5.77 -10.77 4.11
-5.7 -11.04 4.26
-5.63 -11.13 4.22
-5.63 -11.13 4.22
-5.74 -11.02 4.16
-5.75 -11.23 4.68
-5.87 -11.58 4.77
-5.95 -11.73 4.73
-5.9 -11.66 4.72
-5.78 -11.71 4.24
-5.82 -11.91 3.93
-5.64 -11.67 3.78
-5.62 -10.56 3.48
-5.65 -10.28 3.78
-5.66 -10.21 4.13
-5.67 -10.47 4.19
-5.86 -11.53 4.43
-6.01 -11.68 4.48
-6.08 -11.84 4.67
-6.08 -11.84 4.67
-6.01 -12.08 4.69
-5.89 -11.51 4.31
-5.81 -11.22 4
-5.85 -11.3 3.72
-5.78 -11.12 3.64
-5.81 -11.18 3.67
-5.81 -11.4 3.76
-5.78 -11.57 3.99
-5.71 -11.93 4.3
-5.89 -11.31 3.98
-5.89 -11.31 3.98
-6 -11 3.55
-5.96 -11.61 3.73
-5.9 -11.83 3.5
-5.85 -11.77 3.25
-5.73 -11.65 2.88
-5.64 -11.78 2.67
-5.64 -11.97 2.39
-5.66 -12.08 2.09
-5.63 -12.9 1.63
-5.66 -13.28 1.56
-5.66 -13.28 1.56
-5.82 -12.85 1.44
-5.51 -12.1 1.48
-5.49 -10.69 0.18
-5.23 -11.5 0.21
-5.23 -11.5 0.21
-5.54 -13.36 0.07
-5.49 -13.97 0.17
-5.54 -13.24 -0.25
-5.56 -10.8 -1.01
-5.56 -10.8 -1.01
-5.1 -10.86 -0.89
-5.16 -11.41 -0.87
-5.34 -12.36 -1.26
-5.43 -12.47 -1.7
-5.39 -12.7 -2.02
-5.49 -12.79 -1.76
-5.43 -12.69 -1.33
-5.33 -12.45 -0.94
-5.34 -11.94 -0.82
-5.45 -11.64 -0.87
-5.45 -11.64 -0.87
-5.37 -11.86 -0.6
-5.29 -11.84 -0.34
-5.54 -12.82 0.16
-5.48 -12.81 1.06
-5.28 -12.72 2.37
-5.28 -12.72 2.37
-5.28 -12.12 3.05
-5.96 -10.15 3.35
-6.04 -9.5 4.07
-6.15 -9.85 5.5
-6.17 -10.17 7.21
-6.12 -10.01 7.88
-6.2 -10.51 8.36
-6.16 -10.76 8.69
-6.32 -10.87 9.2
-6.35 -11.11 9.91
-6.35 -11.11 9.91
-6.26 -10.77 10.67
-6.23 -9.16 11.37
-6.26 -8.16 11.6
-6.26 -7.02 11.56
-6.26 -6.17 11.51
-6.47 -5.47 11.72
-6.4 -4.33 11.6
-6.17 -3.19 11.37
-5.85 -1.98 10.79
-5.74 -1.66 10.62
-5.74 -1.66 10.62
-5.46 -1.57 10.57
-5.5 -1.88 10.55
-6.03 -2.77 11.05
-5.89 -2.49 11.6
-5.87 -1.94 11.92
-6.17 -0.65 12.56
-6.24 0.49 12.82
-6.17 1.76 13.18
-6.13 3.12 13.36
-5.99 5.06 13.53
-5.99 5.06 13.53
-5.91 5.49 13.16
-6.08 5.33 12.96
-6.13 4.24 13.14
-6.24 4.03 13.1
-6.2 4.17 12.87
-6.2 4.17 12.87
-6.26 4.4 12.68
-6.08 4.32 12.73
-6.01 4.11 12.44
-6.14 3.98 12.03
-6.2 4.5 11.6
-6.5 5.64 11.25
-6.68 6.96 11.57
-6.44 8.03 12.15
-6.22 9.8 12.27
-6.04 9.78 12.34
-6.04 9.78 12.34
-5.6 9.19 12.12
-6.13 8.81 12.2
-6.85 8.8 10.82
-5.8 7.67 10.02
-5.49 6.57 9.89
-5.36 5.78 9.85
-5.31 6.27 9.59
-5.21 6.98 9.38
-5.22 8.58 9.56
-5.32 8.93 10.14
-5.32 8.93 10.14
-5.29 9.57 10.44
-5.05 9.83 10.61
-4.87 8.66 9.16
-5.4 7.96 9.53
-5.09 7.9 9.43
-5.16 8.49 9.04
-5.42 9.31 8.66
-5.32 10.23 8.17
-5.09 10.96 7.86
-4.86 10.85 7.43
-4.86 10.85 7.43
-4.92 10.51 7.24
-4.87 10.09 7.2
-4.9 9.78 7.58
-5.09 9.92 7.87
-5.12 10.29 8.17
-5.15 10.8 8.14
-5.08 12.31 8.1
-5.03 12.67 8.07
-5.1 12.67 8.2
-5.4 12.39 7.84
-5.19 12.46 7.32
-5.31 12.17 6.98
-5.25 12.34 6.45
-5.36 13.68 5.58
-5.39 13.8 4.77
-5.12 14.2 4.01
-5.09 14.1 2.91
-4.82 14.05 2.67
-4.75 13.86 2.34
-4.76 13.65 2.05
-4.76 13.65 2.05
-4.86 13.44 1.99
-4.88 13.68 1.72
-4.78 13.82 1.42
-5.02 14.62 0.99
-4.84 15.15 0.37
-4.8 15.23 -0.09
-4.7 15.02 -0.33
-4.64 14.49 -0.53
-4.64 14.48 -0.86
-4.65 14.5 -1.29
-4.65 14.5 -1.29
-4.6 13.92 -1.7
-4.65 13.63 -2.01
-4.62 13.52 -2.41
-4.68 13.44 -2.69
-4.64 13.46 -2.59
-4.61 13.55 -2.71
-4.66 13.41 -2.6
-4.62 13.35 -2.29
-4.46 13.38 -2.51
-4.46 13.38 -2.51
-4.56 13.46 -2.79
-4.76 13.91 -3.63
-4.66 13.8 -3.87
-4.8 13.76 -4.56
-4.8 13.76 -4.56
-4.92 13.7 -4.84
-5.09 13.75 -5.1
-4.92 13.89 -5.49
-4.75 13.58 -5.81
-4.7 13.38 -5.94
-4.74 13.29 -6.3
-4.8 12.7 -7.04
-4.88 12.29 -7.22
-4.85 12.14 -7.3
-4.75 12.11 -7.5
-4.75 12.11 -7.5
-4.99 12.66 -8.07
-4.99 12.74 -8.28
-4.72 12.82 -8.53
-4.66 12.5 -8.45
-4.66 12.5 -8.45
-4.66 12.22 -8.36
-4.69 11.89 -8.36
-4.71 11.35 -8.04
-4.82 11.36 -7.96
-4.79 11.39 -7.92
-4.79 11.95 -8.02
-4.84 12.17 -8.34
-4.83 12.09 -8.63
-4.88 11.87 -8.81
-4.85 11.81 -9.06
-4.85 11.81 -9.06
-4.75 11.65 -9.22
-4.99 11.42 -9.26
-5.31 11.63 -9.29
-5 12.2 -9.68
-4.9 11.8 -9.96
-4.84 11.38 -10.36
-4.87 11.37 -11.39
-4.47 11.68 -11.98
-4.34 11.78 -14.11
-4.34 11.78 -14.11
-4.72 10.61 -14.19
-5.17 9.27 -14.06
-4.99 8.46 -14.18
-4.33 6.57 -13.95
-4.16 5.6 -13.32
-3.93 5.39 -13.06
-4.04 5.82 -11.95
-4 6.47 -11.66
-4 6.99 -11.6
-3.91 7.15 -11.25
-3.91 7.15 -11.25
-3.69 7.52 -11.04
-3.42 7.55 -10.81
-3.27 7.55 -10.56
-4.22 7.71 -10.47
-2.93 7.64 -10.35
-3.98 6.94 -9.42
-3.68 7.11 -9.37
-3.44 7.94 -9.63
-3.27 7.42 -9.54
-2.81 6.7 -9.35
-3.58 8.58 -10.87
-3.77 8.92 -11.88
-3.21 8.68 -12.93
-3.47 8.49 -13.76
-4.52 11.64 -14.62
-2.87 9.28 -13.61
-2.86 9.31 -13.74
-3.58 10.05 -14.72
-4.12 10.33 -14.75
-4.34 10.49 -14.72
-4.34 10.49 -14.72
-4.38 10.33 -14.02
-4.67 9.72 -11.36
-4.72 9.68 -9.93
-4.69 9.74 -8.65
-4.98 9.47 -5.84
-5.06 11.08 -5.51
-5.29 12.86 -5.15
-5.29 13.87 -4.46
-5 13.16 -2.63
-4.91 13.31 -2.34
-4.91 13.31 -2.34
-4.91 13.63 -2.04
-5.17 14.1 -1.39
-5.22 14.24 -1.22
-5.19 14.08 -0.7
-5.25 14.18 -0.25
-5.3 15.74 1.41
-5.51 16.71 2.72
-5.75 17.24 4.02
-6.01 17.47 5.8
-6 17.38 6.52
-6.03 16.62 6.93
-5.94 15.58 6.89
-6.16 14.42 5.91
-5.94 14.13 5.83
-5.87 13.41 5.69
-5.87 13.41 5.69
-5.65 12.33 5.08
-5.82 12.11 5.25
-5.97 11.72 5.67
-6.03 10.89 6.42
-6.35 9.67 8.25
-6.24 9.56 8.91
-5.96 9.35 9.73
-6.08 7.79 11.48
-6.11 7.93 12.3
-5.82 8.59 12.45
-5.82 8.59 12.45
-5.75 8.45 12.69
-6.01 7.75 12.59
-5.98 7.93 12.32
-6.13 8.19 11.87
-6.13 8.26 11.05
-6.3 8.18 10.87
-6.49 8.02 11.06
-6.14 7.73 11.87
-6.33 8.23 11.86
-6.17 7.33 12.09
-6.17 7.33 12.09
-6.59 6.39 12.58
-5.67 6.73 8.43
-5.41 5.34 9.26
-6.09 4.78 8.8
-6.18 4.77 9.24
-6.36 5.07 10.88
-6.51 4.28 12.24
-6.75 2.99 13.55
-6.86 0.71 14.75
-7.06 -0.15 14.52
-7.38 -0.57 13.99
-7.38 -0.57 13.99
-7.6 -0.88 14.01
-7.89 -1.78 15.46
-8.02 -2.44 16.44
-7.99 -2.78 16.86
-8.06 -3.44 15.58
-8.08 -3.59 14.56
-7.71 -3.61 14
-7.6 -3.55 13.37
-7.46 -4.24 12.28
-7.39 -4.9 12
-7.43 -5.69 11.8
-7.55 -6.51 11.72
-7.61 -7.29 11.78
-7.62 -7.05 11.61
-7.62 -7.05 11.61
-7.56 -6.81 11.46
-7.67 -6.19 11.05
-7.2 -6.46 11.52
-7.5 -6.37 11.71
-7.31 -6.55 11.65
-7.48 -6.95 11.67
-7.39 -7.24 11.36
-7.34 -7.64 10.98
-7.41 -9.39 10.02
-7.31 -10.57 9.7
-7.3 -10.89 9.07
-7.24 -10.41 8.68
-7.21 -9.31 8.68
-7.16 -9.34 8.93
-7.34 -9.37 9
-7.34 -9.37 9
-7.34 -8.92 9.38
-7.49 -8.42 9.52
-7.47 -8.36 9.89
-7.64 -9.19 10.88
-7.55 -9.33 11.05
-7.53 -9.26 11
-7.4 -9.25 11.15
-7.49 -8.87 11.43
-7.52 -7.86 11.47
-7.27 -6.44 11.81
-7.27 -6.44 11.81
-7.08 -4.79 12.19
-6.98 -2.35 12.44
-7.03 -1.26 12.3
-7.24 -0.69 12.24
-7.4 -1.7 13.81
-7.43 -1.55 14.23
-7.4 -1.03 14.63
-7.38 -0.19 14.78
-7.16 1.01 15.36
-7.02 1.94 15.01
-6.91 3.06 14.46
-6.91 3.06 14.46
-6.87 4.89 13.55
-6.95 6.27 12.9
-6.93 7.26 12.77
-6.77 8.26 12.54
-6.6 9.87 11.97
-6.49 10.43 11.47
-6.45 10.65 10.97
-6.27 11.14 10.63
-6.3 11.68 10.2
-6.21 12.34 9.53
-6.12 12.93 8.61
-5.92 13.64 7.19
-5.75 13.87 5.99
-5.75 13.87 4.67
-5.75 13.87 4.67
-5.61 14.01 3.1
-5.61 14.14 1.96
-5.43 14.29 1.26
-5.35 14.26 0.59
-5.16 13.96 0.47
-4.87 13.84 -0.22
-4.89 13.59 -1.16
-4.59 13.74 -3.44
-4.65 13.16 -5.12
-4.56 12.1 -6.63
-4.49 8.41 -7.35
-4.2 10.87 -12.92
-4.7 11 -13.77
-4.85 10.25 -13.25
-4.53 9.86 -13.53
-4.53 9.86 -13.53
-4.58 10.36 -14.08
-4.71 10.57 -14.14
-4.85 10.79 -13.92
-5.2 11.39 -11.64
-5.21 11.76 -10.42
-5.12 11.87 -9.47
-5.12 11.87 -9.47
-5.06 11.94 -9.01
-5.06 11.89 -9.35
-5.14 11.96 -9.81
-5.34 11.94 -10.47
-5.15 11.6 -11.34
-5.24 11.46 -11.27
-5.23 11.13 -10.76
-5.14 10.79 -10.63
-5.12 10.89 -10.91
-5.12 10.89 -10.91
-5.05 10.86 -11.32
-4.98 10.69 -11.8
-4.92 9.99 -12.51
-5.04 9.62 -12.62
-5.09 9.44 -12.6
-5.04 9.58 -12.16
-5 9.88 -11.78
-5.02 10.39 -11.38
-5.08 10.91 -11.14
-5.1 10.85 -11.16
-5.1 10.85 -11.16
-5.25 10.95 -11.28
-5.22 11.28 -11.42
-5.25 11.79 -11.47
-5.27 11.96 -11.52
-5.21 11.79 -11.6
-5.35 11.48 -11.99
-5.23 10.75 -12.21
-5.19 10.81 -12.41
-5.18 10.64 -12.41
-5.29 11.09 -12.45
-5.29 11.09 -12.45
-5.34 11.23 -11.42
-5.37 11.42 -10.44
-5.07 11.7 -9.4
-5.03 12.39 -8.01
-5.06 13.57 -7.19
-5.41 14.31 -6.29
-5.26 14.54 -4.46
-5.16 14.48 -3.68
-5.22 14.2 -3.11
-5.38 14.21 -2.34
-5.38 14.21 -2.34
-5.49 13.93 -0.77
-5.58 13.98 0.28
-5.6 14.16 1.43
-5.83 14.49 2.72
-6.01 15.17 3.1
-6.13 15.65 3.81
-5.95 15.79 4.43
-6.07 15.13 5.21
-6.01 15 5.61
-6.01 15.08 5.72
-6.01 15.08 5.72
-6.01 14.9 5.7
-5.96 14.6 5.61
-5.93 14.24 5.42
-5.93 14.03 5.16
-6.08 14.3 4.64
-6.04 14.52 4.63
-6.01 14.86 4.64
-6.01 15.22 5
-5.99 15.33 5.22
-5.97 15.28 5.46
-5.97 15.28 5.46
-5.96 15.08 5.62
-5.93 14.91 5.54
-5.93 14.93 5.46
-5.91 15.16 5.12
-5.74 15.45 4.51
-5.6 15.35 4.06
-5.67 15.13 3.57
-5.68 14.79 3.16
-5.68 14.16 3.26
-5.71 14.04 3.52
-5.71 14.04 3.52
-5.81 13.9 3.85
-6.5 13.98 3.98
-6.23 15.35 4.81
-4.79 15.69 3.74
-6.15 14.61 4.35
-5.83 14.33 5.11
-5.75 14.12 5.8
-5.91 13.98 6.44
-6.05 14.94 7.33
-5.81 15.62 6.96
-5.81 15.62 6.96
-5.65 15.31 6.57
-5.77 14.34 6.47
-5.86 14.2 6.18
-5.85 14.57 5.97
-5.81 14.63 5.66
-5.78 14.51 4.76
-5.76 14.38 4.46
-5.71 14.29 4.14
-5.66 14.27 3.83
-5.63 14.27 4.23
-5.63 14.27 4.23
-5.6 14.3 4.69
-5.6 14.22 5.19
-5.8 14.39 6.49
-6.01 14.73 6.78
-5.87 14.93 7.06
-5.7 14.66 7.65
-5.79 14.87 8.62
-5.49 15.44 8.67
-5.69 15.41 8.79
-5.7 15.84 8.08
-5.7 15.84 8.08
-5.79 16.05 7.48
-5.84 16.33 7.01
-5.87 16.72 6.89
-5.95 16.85 6.85
-5.84 16.33 6.37
-5.57 15.86 6.03
-5.62 15.86 5.9
-5.49 15.82 5.71
-5.23 15.99 4.93
-5.94 15.83 4.08
-5.94 15.83 4.08
-3.83 16.06 3.1
-3.8 15.81 2.31
-3.16 15.28 2.11
-2.91 15.34 2.42
-2.93 15.74 2.18
-3.01 16.14 2.23
-3.11 16.8 2.39
-2.75 18.1 2.05
-2.93 18.35 2.46
-3.16 18.31 2.78
-2.54 17.7 3.52
-2.24 16.61 3.88
-1.96 15.74 4.86
-1.78 15.61 5.2
-1.72 15.22 5.33
-1.76 15.07 5.5
-1.72 14.62 5.72
-1.72 14.62 5.72
-1.15 12.93 6.59
-1.3 12.19 7.12
-1.21 12.47 8.44
-0.88 13.22 9.52
-0.83 15.06 10.46
-0.68 15.9 10.24
-0.63 16.52 9.69
-0.2 15.78 9.46
-0.2 15.78 9.46
-0.2 15.48 9.58
0.35 15.37 9.12
0.23 15.19 8.14
0.43 14.74 7.75
0.6 14.28 7.09
0.83 13.45 6.76
1.38 12.94 7.41
1.29 13.11 6.57
2.01 13.2 6.6
2.08 12.84 6.99
2.08 12.84 6.99
2.03 13.21 8.14
2.43 14.43 8.9
2.24 14.74 9.11
2.15 15.58 10.14
2.33 15.62 10.26
2.41 15.96 9.6
2.28 15.3 9.56
2.79 13.4 9.29
3 13.11 9.25
3.01 12.97 8.98
3.01 12.97 8.98
3.84 13.18 8.45
4.05 13.31 8.34
3.97 13.37 8.23
4.15 13.02 8.35
4.34 13.02 7.87
4.73 13.56 7.19
4.65 12.94 6.74
4.74 12.47 5.68
4.69 12.29 4.73
5.42 12.36 4.17
5.42 12.36 4.17
5.24 12.05 4.09
5.21 12.24 4.42
5.08 12.58 4.74
5.01 12.42 5.31
4.82 12.79 6.22
4.82 12.57 6.63
4.72 12.5 6.85
4.68 12.34 7.09
4.29 12.87 7.56
4.05 13.08 7.56
4.05 13.08 7.56
3.83 12.96 7.79
3.17 13 8.01
3.01 12.81 8.6
2.81 12.1 9.41
2.6 11.67 10.07
1.79 11.86 11.46
1.79 11.86 11.46
1.07 12.69 12.58
0.79 12.48 12.91
0.79 12.48 12.91
0.91 11.65 12.65
1.06 10.5 12.57
0.69 9.67 12.59
-0.21 8.8 12.33
-0.72 8.07 12.05
-1.18 7.59 11.82
-1.18 7.59 11.82
-1.95 7.97 10.93
-2.52 8.83 10.51
-2.82 9.96 9.53
-3.29 10.88 8.48
-3.63 13.31 6.77
-3.57 14.81 5.75
-3.83 16.04 5.23
-4.45 18.32 4.2
-4.82 19.11 3.97
-4.56 21.39 2.92
-2.82 23.61 2.16
-4.39 25.8 0.54
-4.87 24.53 1.32
-5 22.89 2.46
-5.34 19.05 4.07
-5.34 19.05 4.07
-5.67 17.38 4.96
-5.77 15.94 6.1
-5.73 14.69 7.12
-5.82 12.59 7.28
-6.03 13.2 6.65
-6.04 12.36 6.42
-6.07 13.94 4.65
-5.81 12.54 4.44
-6.78 11.63 3.55
-6.85 13.42 2.91
-6.85 13.42 2.91
-7.74 15.97 2.6
-7.77 16.79 2.2
-7.91 17.31 1.51
-7.2 19.65 0.58
-7.2 20 0.59
-7.26 19.43 0.67
-7.54 18.83 1.1
-7.4 15.54 3.56
-8.39 14.8 4.05
-8.81 16.71 4.58
-8.81 16.71 4.58
-8.56 17.12 5.4
-8.22 16.36 4.99
-7.93 15.8 4.38
-7.88 15.26 4.3
-8.28 14.6 4.84
-8.75 14.91 4.89
-8.78 15.68 4.52
-8.48 16.94 3.69
-8.16 17.05 3.78
-8.13 16.72 4.3
-8.02 16.57 4.9
-8.4 15.86 6.77
-8.45 16.26 7.35
-8.46 16.18 7.66
-8.53 16.48 8.81
-8.53 16.48 8.81
-8.56 17.15 9.53
-8.5 18.06 9.98
-8.27 18.66 9.34
-8.04 18.03 7.27
-7.79 17.66 6.34
-7.39 17.27 5.74
-7.18 15.88 5
-7 14.53 4.85
-6.89 14.04 4.39
-6.5 14.34 3.82
-6.26 15.97 4.74
-5.98 17.45 3.83
-5.65 17.8 3.4
-4.4 17.24 2.55
-4.02 17.13 2.36
-4.02 17.13 2.36
-4.4 16.95 2.16
-4.08 17.1 1.1
-3.29 17.16 0.39
-2.94 16.94 -0.05
-2.61 17.12 0.29
-2.15 17.51 0.17
-2.11 17.58 0.25
-2 17.36 0.22
-1.66 16.71 0.16
-1.01 14.72 0.81
-1.01 14.72 0.81
-0.57 14.25 1.13
-0.1 14.26 1.86
-0.4 14.28 2.29
0.13 13.92 2.81
0.68 13.22 3.65
0.94 12.44 4.39
0.94 12.28 4.82
0.98 12.25 4.97
1.1 12.39 5.44
1.29 14.61 6.45
1.24 15.9 6.78
1.19 16.82 6.87
1.25 17.59 6.7
1.57 18.13 5.74
1.59 17.93 5.41
1.59 17.93 5.41
1.5 17.82 5.28
1.5 17.82 5.61
1.8 17.44 6.13
1.53 16.75 6.3
1.45 16.64 5.97
1.62 15.95 5.73
1.67 15.87 5.71
1.51 16.06 5.82
1.76 16.18 6.41
1.78 16.37 6.67
1.97 16.59 7.01
2.13 16.74 7.19
1.95 17.46 7.07
1.87 17.48 6.7
1.85 17.41 6.28
1.89 17.24 6.05
2.25 17.3 5.51
2.48 17.42 5.49
2.57 17.45 5.79
2.5 17.14 6.76
2.52 17.08 7.32
2.61 16.9 7.72
2.58 16.32 8.05
2.32 15.56 7.93
2.44 14.86 7.56
2.64 13.89 7.26
3.06 12.06 6.22
3.31 11.3 5.87
3.47 11.33 5.75
3.39 14.21 6.48
3.39 14.21 6.48
3.44 15.88 6.89
3.38 17.22 7.37
3.37 18.1 7.74
3.43 18.39 7.71
3.3 17.74 7.39
3.29 16.53 6.94
3.34 15.14 6.49
3.2 13.16 5.77
3.12 12.81 5.43
3.05 12.19 5.06
3.13 11.5 4.38
3.13 11.5 4.38
3.06 11.19 4.13
2.89 11.09 4.02
2.02 12.24 5.45
2.02 12.24 5.45
1.59 12.59 6.1
0.87 12.98 6.41
0.43 12.35 6.55
-0.16 12.15 6.64
-0.88 13.42 6.57
-1.14 15.59 6.09
-1.51 17.39 5.17
-1.57 17.25 4.63
-1.73 17.02 4.15
-2.38 17.38 3.93
-2.9 18.67 3.86
-2.9 18.67 3.86
-3.49 20.74 4.02
-3.65 22.89 4.06
-3.03 25.62 3.73
-3.03 25.78 2.8
-3.04 24.97 2.6
-2.86 21.39 3.28
-3.07 19.4 3.91
-3.49 18.07 4.54
-3.79 16.92 4.83
-3.9 14.88 5.19
-3.91 14.33 5.35
-4.28 14.23 5.38
-4.41 16.04 4.89
-4.36 16.56 4.57
-4.28 16.28 4.35
-4.28 16.28 4.35
-4.39 15.92 4.35
-4.88 16.37 4.06
-4.96 16.59 4
-5.1 16.85 4.08
-4.8 17.13 4.07
-4.91 17.31 4.36
-5.16 17.36 4.8
-5.41 16.37 5.39
-5.41 16.37 5.39
-5.53 15.93 5.65
-5.74 15.67 5.83
-6.16 16.13 6.09
-6.11 16.38 6.24
-6.06 16.92 6.25
-5.95 17.41 6.24
-6.1 17.26 6.32
-6.35 16.95 6.22
-6.59 16.55 6.01
-6.62 15.6 5.55
-6.52 15.11 5.47
-6.42 14.73 5.34
-6.67 15.17 5.31
-6.68 15.61 5.48
-6.76 16.05 5.74
-6.71 16.67 6.02
-6.68 16.32 6.41
-6.75 15.62 6.56
-6.72 15.12 6.79
-6.8 15.01 6.95
-6.87 15.01 7.24
-7.05 15.36 7.12
-7.13 15.66 7.03
-6.68 16.55 7.4
-6.62 16.63 7.62
-6.53 16.5 7.68
-6.6 15.82 7.8
-6.72 14.56 7.49
-6.75 14.21 7.06
-6.52 13.81 6.63
-6.52 13.81 6.63
-6.36 13.95 6.21
-6.36 14.29 6.25
-6.49 14.52 6.28
-6.59 14.78 6.34
-6.74 15.08 6.37
-6.74 15.08 6.37
-6.76 14.71 6.12
-6.66 14.89 5.67
-6.63 14.82 5.53
-6.52 14.79 5.46
-6.64 14.69 5.62
-7.15 14.77 6.15
-7.18 14.91 6.26
-7.21 15.31 6.3
-7.11 15.75 6.46
-7.11 15.75 6.46
-7.07 15.66 6.46
-7 15.42 6.62
-7.08 15.33 6.83
-7.26 14.91 7.13
-7.32 14.81 7.27
-7.44 14.94 7.37
-7.45 14.99 7.03
-7.57 14.92 6.74
-7.45 14.85 6.45
-7.49 14.8 6.3
-7.34 14.86 6.18
-7.44 14.96 6.27
-7.5 14.95 6.41
-7.54 14.67 6.99
-7.65 14.67 7.08
-7.65 14.67 7.08
-7.68 14.72 7.16
-7.63 14.82 7.13
-7.65 14.92 7.08
-7.48 15.02 7.13
-7.54 15.02 7.34
-7.55 14.67 7.37
-7.68 14.02 7.47
-7.78 13.73 7.55
-7.74 13.59 7.48
-7.97 14.17 6.83
-7.97 14.17 6.83
-7.98 14.28 6.47
-7.93 14.15 6.26
-7.85 14.72 6.2
-7.85 14.86 6.22
-7.89 14.34 6.48
-8.11 13.64 6.7
-8.19 13.45 6.89
-8.25 13.57 7.16
-8.53 14.14 8.02
-8.53 14.14 8.02
-8.61 14.53 8.19
-8.71 14.76 8.31
-8.79 14.62 8.44
-9.04 14.62 8.13
-8.98 14.72 7.94
-8.98 15.01 7.72
-8.76 15.3 7.43
-8.78 15.36 7.35
-8.76 14.87 7.29
-8.63 14.08 7.53
-8.63 14.08 7.53
-8.75 13.68 7.92
-8.78 13.47 8.1
-8.74 13.15 8.23
-8.9 13.26 7.88
-8.83 13.4 7.36
-8.65 13.48 6.89
-8.63 13.64 6.65
-8.6 13.7 6.76
-8.62 13.83 7.67
-8.62 13.83 7.67
-8.97 13.99 7.89
-8.97 13.82 7.58
-8.81 13.53 7.52
-8.67 13.79 7.45
-8.73 13.96 7.64
-9.14 13.42 7.13
-9.3 13.29 7.37
-9.29 13.54 7.68
-9.42 13.92 7.84
-9.39 14.44 7.61
-9.39 14.44 7.61
-9.29 14.46 7.44
-9.27 14.09 7.23
-9.27 13.85 7.06
-9.6 14.02 7.23
-9.92 16.4 7.74
-9.8 16.86 7.76
-9.76 17.45 7.71
-9.55 17.59 7.42
-8.92 16.52 6.13
-8.92 16.52 6.13
-8.93 16.24 5.91
-8.83 16.35 6.36
-8.9 15.99 6.72
-8.68 15.5 6.81
-8.2 14.82 6.93
-7.66 12.98 7.49
-7.86 13.13 7.47
-7.4 15.16 6.89
-7.06 20.67 5.48
-6.69 21.44 4.87
-6.69 21.44 4.87
-6.49 21.65 4.57
-6.47 21.89 4.16
-7.68 18.94 4.59
-7.72 16.84 4.94
-8.77 10.39 6.81
-7.15 6.95 9.64
-6.38 7.84 10.03
-5.68 6.7 11.35
-5.48 4.65 12.16
-4.77 4.14 12.56
-4.58 5.79 12.05
-4.58 5.79 12.05
-4.66 6.58 12.27
-3.7 10.99 10.43
-3.92 12.11 10.09
-3.76 12.72 10.03
-3.5 12.71 10.46
-3.38 13.25 11.37
-3.94 13.47 12.14
-3.53 13.92 13.21
-3.85 14.1 13.48
-3.78 14 13.65
-3.89 14.03 13.49
-3.62 13.6 13.53
-3.58 11.97 12.48
-3.34 11.23 12.06
-3.34 11.23 12.06
-3.07 10.63 11.92
-3.34 10.09 12.54
-3.22 10.33 12.54
-3.15 9.83 12.82
-2.8 10.56 13.13
-3.05 9.9 13.85
-2.94 10.49 13.72
-2.83 10.88 13.2
-2.8 10.56 12.82
-2.83 10.37 12.88
-2.83 10.37 12.88
-2.77 10.15 13.14
-2.66 9.9 13.42
-2.59 9.11 13.99
-2.51 8.81 13.89
-2.49 8.09 13.88
-2.81 7.64 14.35
-2.89 8.59 14.48
-2.88 9.79 14.42
-3.02 10.63 14.65
-3.03 12.38 15.12
-2.99 12.42 15.31
-2.99 12.42 15.31
-3.05 11.69 15.52
-3.2 9.69 15.62
-3.12 9.22 15.17
-3.12 9.22 15.17
-3.22 8.97 15.2
-3.13 10.07 15.95
-3.01 10.23 15.86
-3.03 9.33 15.96
-3.06 6.46 15.78
-3.09 5.36 15.96
-2.92 5.29 16.01
-2.77 5.52 16.05
-2.95 5.46 16.64
-3.09 5.22 17.24
-3.09 5.22 17.24
-3.02 5.22 17.85
-3 4.65 18.38
-2.83 3.78 18.83
-2.96 2.91 18.99
-3.01 2.58 18.92
-2.64 3.54 18.27
-2.75 3.45 18.42
-2.76 3.04 18.65
-2.41 2.25 17.24
-2.36 1.4 16.3
-2.46 0.42 15.84
-2.71 0.25 15.46
-3 2.23 15.82
-3.13 4.3 15.52
-2.98 6.35 15.56
-2.98 6.35 15.56
-2.29 6.75 15.25
-2.29 5.25 15.03
-2.41 3.99 14.91
-2.03 3.79 15.16
-2.08 3.69 15.99
-2.6 3.95 16.07
-2.98 4.23 15.18
-2.86 5.3 13.66
-2.63 5.95 12.93
-3.29 8.1 12.33
-4.13 12.75 11.52
-3.2 21.79 8.09
-2.72 22.32 6.6
-2.41 21.14 5.54
-1.57 17.58 5.07
-1.57 17.58 5.07
-1.6 17.22 4.62
-2.64 18.4 3.48
-2.98 21.53 1.6
-2.37 22.34 0.43
-2.02 21.14 0.75
-1.77 20.26 0.94
-1.68 19.21 1.34
-1.6 18.66 1.75
-1.85 17.71 2.61
-2.13 17.57 3.37
-1.98 18.17 4.09
-1.8 18.54 4.2
-1.79 19.17 3.92
-1.02 19.75 3.55
-0.88 20.44 2.91
-0.88 20.44 2.91
-1.19 19.78 2.69
-1.44 19.07 2.79
-1.89 18.72 3.31
-2.18 18.25 3.76
-2.4 17.65 4.57
-2.63 14.85 6.86
-2.71 13.04 8.36
-2.82 11.56 10.31
-2.69 11.22 11.83
-2.32 10.73 14
-2.3 9.87 14.89
-1.99 9.98 15.4
-1.64 10.84 16.22
-1.26 11.53 16.45
-1.19 11.42 16.65
-1.14 11.24 17.32
-1.1 11.45 17.66
-0.95 10.85 17.77
-1.26 9.86 16.76
-1.26 9.86 16.76
-1.08 10.04 17.38
-0.89 9.97 17.04
-0.92 9.14 16.51
-0.85 6.18 14.6
-0.5 5.41 14.04
-0.07 6.36 14.51
-0.07 6.36 14.51
-0.22 6.43 15.12
0.02 7.8 15.41
-0.04 6.3 16.17
-0.1 4.98 16.02
0.11 3.42 15.79
0.41 2.05 15.82
0.44 1.23 16.86
0.94 -0.66 18.65
0.85 -0.94 20.42
0.85 -0.94 20.42
0.71 -0.95 21.21
0.82 -0.88 20.74
0.67 -1.66 19.77
0.73 -2.41 19.32
0.85 -3.2 20.35
1.1 -4.12 20.09
1.46 -3.85 19.8
1.67 -4.03 18.59
1.71 -4.33 18.16
2.25 -4.18 15.24
2.25 -4.18 15.24
2.5 -5.29 14.84
2.55 -6.4 14.27
2.92 -7.12 14.01
3.03 -6.77 13.96
3.26 -6.76 13.8
3.57 -7.13 14.37
3.81 -6.92 13.99
3.87 -7.75 14.04
4.18 -8.26 14.16
4.19 -8.82 13.91
5.34 -9.43 12.51
5.39 -11.13 12.1
5.2 -13.57 12.44
4.74 -13.64 12.84
4.94 -11.73 12.26
4.94 -11.73 12.26
4.78 -10.24 12.48
4.99 -8.86 12.56
6.1 -7.37 13.29
5.85 -6.37 14.3
5.25 -4.48 14.73
6.04 -0.74 15.51
6.72 -1 15.87
6.47 -2.48 15.9
6.22 -4.21 15.5
7.05 -4.6 13.26
7.05 -4.6 13.26
7.04 -5.81 12.28
7.49 -6.91 11.73
7.17 -9.99 11.99
6.89 -10.37 12.56
7 -10.14 12.97
7.38 -10.07 13.96
7.4 -9.97 16.1
7.09 -9.13 15.81
7.14 -8.05 14.93
7.46 -8.65 14.97
7.46 -8.65 14.97
7.24 -10.49 16.04
7.65 -10.75 16.27
7.71 -10.82 15.34
7.7 -11.96 15.12
7.52 -12.96 15.92
7.28 -12.83 16.47
7.11 -10.39 14.85
7.27 -9.74 14.06
6.73 -9.24 12.74
7.44 -8.29 10.89
7.26 -8.82 7.05
7.3 -9.69 5.84
6.99 -8.16 6.66
7.98 -11.11 6.2
8.5 -11.1 7.74
8.5 -11.1 7.74
7.68 -11.36 8.28
6.86 -11.37 6.77
6.66 -10.31 5.6
6.94 -11.83 5.07
7.07 -12.66 4.86
7.03 -15.84 4.91
6.89 -16.58 4.87
6.82 -16.92 4.54
7.1 -17.48 4.14
7.22 -26.39 1.3
7.22 -26.39 1.3
7.68 -27.35 1.29
7.6 -26.15 2.4
8.22 -27.24 6.8
7.33 -27.89 9.6
6.55 -28.23 12.05
5.91 -27.46 13.07
6.27 -21.94 10.86
6.69 -17.99 9.01
6.59 -14.64 7.43
7.28 -11.35 4.49
8.09 -10.34 2.91
8.88 -9.91 2.22
8.88 -9.91 2.22
9.39 -10.07 2.44
10.08 -8.58 2.84
10.08 -8.58 2.84
10.02 -7.26 3.05
10.96 -5.08 3.44
11.05 -3.31 4
10.54 -0.87 4.09
11.11 0.67 4.14
11.51 2.91 3.93
11.49 3.55 3.97
13.25 3.26 4.68
11.47 2.24 8.14
10.44 3.23 9.11
10.44 3.23 9.11
9.86 3.92 9.93
8.5 3.51 10.78
8.7 5.02 12.29
8.91 6.63 13.66
9.26 8.14 15.2
9.95 7.6 20.49
9.39 5.42 23.46
8.99 2.95 25.2
9.17 1.62 25.24
9.32 4.08 24.72
9.32 4.08 24.72
9.45 8.12 21.93
9.74 13.21 18.23
10.24 20.47 11.85
10.43 20.93 9.96
10.63 19.81 8.73
10.65 17.81 7.92
10.43 14.32 8.7
10.41 13.34 9.49
9.69 12.58 9.73
9 7.81 7.67
9.04 4.61 6.84
8.87 1.52 7
8.76 -0.76 8.06
8.13 -3.64 11.7
8.01 -4.89 13.38
8.01 -4.89 13.38
8.72 -6.59 15.8
8.11 -2.44 22.84
8.28 2.03 26.16
8.28 5.72 29.27
8.56 8.34 31.17
8.96 9.69 31.72
8.8 9.93 30.17
9.18 9.92 27.47
7.95 8.94 21.49
7.75 8.93 18.2
7.13 7.75 15.09
7.13 7.75 15.09
7.05 6.41 11.29
6.45 1 5.77
6.94 -0.73 1.91
7.45 -3.08 -1.37
6.62 -4.12 -5.95
6.07 -2.74 -9.42
5.78 -1.6 -13.92
5.69 -0.55 -17.85
6.44 10.65 -25.77
6.88 17.24 -28.15
7.54 22.96 -27.85
8.79 33.24 -22.38
8.88 35.27 -17.71
9.22 34.14 -11.74
9.22 34.14 -11.74
9.22 31.75 -5.56
8.02 25.17 1.96
7.87 20.98 4.4
7.81 15.87 6.7
7.62 7.82 9.22
7.67 4.69 10.02
8.45 1.28 11.44
8.98 -1.64 13.98
7.82 -4.26 18.45
7.38 -4.62 18.21
7.99 -4.9 16.81
7.99 -4.9 16.81
7.99 -3.52 14.09
7.55 -0.36 11.34
7.13 3.78 7.62
6.79 7.97 3.92
7.41 23.21 -10.43
8.16 27.21 -15.03
9.5 34.17 -18.92
9.22 36.6 -15.5
9.22 36.6 -15.5
8.5 37.71 -9.01
7.69 35.48 -1.22
5.36 20.08 9.73
4.77 10.51 12.67
4.6 2.08 14.46
5.35 -8.84 17.97
5.63 -13.15 21.14
6.05 -14.34 23.88
6.22 -15.11 27.14
6.12 -14.77 29.88
6.12 -14.77 29.88
5.94 -13.88 29.96
5.67 -12.29 28.26
5.42 -8.27 22.39
5.03 -2.29 19.87
4.44 6.1 16.71
4.33 12.65 12.14
6.37 21.16 -0.17
7.32 28.12 -8.13
8.21 33.69 -15.55
10.36 38.41 -25.84
9.49 38.63 -24.12
9.49 38.63 -24.12
7.63 38.49 -18.54
5.44 34.28 -10.91
1.59 15.28 3.28
0.49 5.02 7.86
0.4 -3.93 10.64
2.13 -15.75 14.19
3.33 -20.96 17.13
3.76 -24.01 20.3
3.63 -24.33 23.08
3.63 -24.33 23.08
4.33 -29.67 28.35
4.26 -32.78 30.77
3.74 -32.9 31.63
2.95 -22.51 24.95
2.65 -16.62 20.96
2.8 -11.24 18.35
3.67 -4.96 18.65
3.38 13.57 24.02
2.99 21.35 23
3.58 27.25 17.25
3.58 27.25 17.25
6.26 33.38 -1.94
7.8 35.57 -12.56
9.15 37.1 -21.25
9.11 39.31 -28.28
6.89 35.66 -30.02
4.53 27.48 -22.85
2.08 18.97 -14.98
-1.11 0.81 -0.86
-1.35 -7.11 4.94
-0.91 -14.57 10.46
-0.91 -14.57 10.46
-0.14 -21.44 16
2.23 -33.27 29.3
2.63 -37.24 36.13
2.47 -37.56 40.55
2.69 -36.42 37.34
2.59 -28.85 30.21
2.59 -18.55 23.28
2.77 -9.43 18.87
3.52 5.99 20.33
3.73 13.7 22.2
3.73 13.7 22.2
3.82 20.38 22.5
8.33 40.03 8.36
9.61 44.34 -1.09
10.11 44.79 -9.45
9.34 45 -16.21
2.66 44.19 -21.34
-2.07 32.83 -18.65
-6 16.84 -14.86
-7.51 -18.46 0.69
-4.78 -34.33 13.9
-2.36 -37.18 27.95
0.18 -37.74 38.67
-1.02 -38.05 38.87
2.22 -37.93 32.13
1.8 -37.09 26.29
1.8 -37.09 26.29
0.82 -21.27 13.67
0.78 -15.24 8.49
1.13 -8.94 7.41
1.5 -0.83 11.33
2.5 13.34 23.87
3.73 21.71 28.7
4.84 31.81 32.06
9 43.09 24.23
8.61 43.29 16.22
7.46 43.59 8.77
5.18 43.74 2.89
-1.08 27.7 -5.03
-2.85 13.58 -5.85
-3.4 -0.73 -5.33
-0.29 -27.13 3.62
0.84 -34.62 9.91
1.11 -36.45 15.64
1.58 -36.81 20.06
2.27 -37.06 23.18
1.07 -37.09 22.94
1.07 -37.09 22.94
-0.55 -36.76 21.04
-2.54 -19.19 15.01
-2.8 -8.34 16.23
-2.88 3.17 20.28
-2.13 12.71 24.4
1.46 20.3 30.23
3.7 26.71 30.8
5.71 33.91 31.22
7.9 42.54 25.95
8.06 43.01 17.64
7.07 43.47 10.23
6.44 43.42 2.84
3.18 29.02 -5.36
1.21 21.22 -5.18
-0.86 11.85 -2.82
-0.86 11.85 -2.82
-1.02 -14.18 6.24
-0.23 -28.24 12.09
0.71 -34.98 17.61
1.45 -35.19 21.95
-2.28 -35.28 27.69
-5.24 -35.09 24.73
-8.25 -31.77 18.06
-10.46 -15.76 11.01
-10.68 12.76 4.62
-8.37 24.25 7.27
-5.54 37.07 14.6
2.65 44.82 26.53
6.04 44.78 27.85
8.06 44.94 23.95
4.88 45.27 16.05
1.56 45.5 14.16
-1.43 36.78 15.35
-3.97 22.42 18.92
-5.53 3.44 19.98
-4.24 -4.14 18.11
-4.24 -4.14 18.11
-2.61 -11.12 16.36
-1.06 -17.51 14.63
2.34 -32.13 13.73
3.07 -33.09 13.7
2.05 -32.97 12.15
0.62 -24.6 3.05
-0.7 -16.24 -1.4
-1.16 -6.78 -3.23
-1.54 4.88 -0.17
0.59 32.16 12.44
2.74 44.41 18.67
2.74 44.41 18.67
4.88 46.7 22.85
7.76 46.75 19.63
7.25 46.89 14.88
5.9 47.06 11.85
3.94 42.69 8.24
0.81 22.74 9.83
-0.13 14.22 12.35
-0.12 6.49 14
1.36 -4.85 15.89
1.36 -4.85 15.89
2.28 -8.11 16.37
2.96 -9.65 15.2
4.19 -11.66 13.32
5.6 -15.94 7.69
5.52 -16.8 5.37
5.4 -16.61 3.57
4.32 -11.9 3.18
3.66 -8.14 5.25
3.37 -3.79 9.16
3.63 1.69 14.9
3.63 1.69 14.9
4.75 22.26 26.8
5.84 32.66 29.1
7.31 39.51 29.11
8.28 44.99 21.45
7.6 42.72 17.73
6.52 35.1 15.25
5.47 26.09 14.07
3.76 11.11 15
3.73 5.38 15.65
3.9 1 16.14
3.9 1 16.14
4.89 -3.51 15.66
5.24 -4.17 14.82
5.4 -4.56 14.23
5.73 -4.84 13.71
6.72 -3.68 13.01
6.73 -2.31 12.37
6.99 -1.32 11.73
7.83 1.19 12.96
7.8 2.95 14.66
8.37 4.07 16.04
8.37 4.07 16.04
8.01 0.28 17.91
8.56 -0.22 23.29
8.34 0.8 25.95
7.13 1.78 28.3
6.57 -0.59 28.37
6.33 -1.57 26.58
6.33 -1.57 26.58
6.22 -1.86 24.02
6.24 -1.85 21.45
6.71 -1.77 17.14
7.37 -1.4 15.23
7.94 -1.04 13.78
8.42 -1.21 13.78
8.28 -0.98 13.84
8.18 -1.16 13.98
8.08 -0.66 12.97
8.08 -0.66 12.97
8.71 1.17 11.01
9.09 0.74 11.43
9.28 3.41 9.92
9.64 7.84 7.85
9.76 9.34 6.76
9.72 11 5.26
10.26 10.71 5.27
10.7 13.7 3.44
11.2 15.7 2.06
11.36 17.14 0.94
11.36 17.14 0.94
13.51 13.4 -3.87
13.77 11.63 -4.9
13.29 11.53 -6.34
13.55 13.04 -7.87
13.25 15.48 -7.72
13.23 16.17 -7.53
13.24 16.53 -6.96
13.21 16.97 -5.82
13.23 16.07 -4.99
13.32 15.04 -4.07
13.32 15.04 -4.07
13.4 14.69 -3.43
13.34 15.05 -3.22
13.25 14.9 -3.6
13.54 13.92 -4.68
13.38 11.19 -6.22
12.74 11.18 -7.34
12.61 10.74 -7.19
12.66 10.17 -6.56
12.21 11.44 -6
12.08 12.06 -5.36
12.08 12.06 -5.36
11.87 13.09 -5.09
11.46 15.1 -5.43
11.38 14.95 -5.34
11.25 14.49 -5.1
11.1 14.23 -4.53
10.51 15.4 -3.26
9.78 14.07 -1.57
9.56 13.52 -0.55
9.43 13.13 0.96
8.88 13.18 2.51
8.49 13.51 3.87
8.59 13.61 5.31
8.55 14.9 6.4
8.26 15.44 7.57
7.9 15.73 8.99
7.9 15.73 8.99
7.48 16.37 11.79
7.73 16.5 13.01
7.93 16.98 13.49
7.63 16.82 14.53
7.48 14.62 15.41
7.67 12.76 15.99
7.26 11.95 15.69
7.88 11.33 14.97
7.19 9.81 15.09
8.83 10.12 14.62
8.74 9.96 14.55
8.82 11.64 15.12
8.34 12.28 15.63
8.42 12.69 15.94
8.24 13.61 14.56
8.24 13.61 14.56
8.55 13.59 14.13
8.45 13.61 13.71
8.46 13.71 12.8
8.51 13.72 10.61
8.43 13.77 9.34
8.08 14.02 8.17
8.48 13.89 7.3
8.34 14.53 7.08
8.21 15.24 6.94
8.26 15.43 7.08
8.26 15.43 7.08
8.31 14.97 8.38
8.15 14.46 9.21
7.92 13.92 9.83
7.59 12.46 11.74
8.17 12.12 11.92
7.77 12.46 11.58
7.49 12.04 12.54
7.21 11.6 12.94
7.11 11.11 12.61
7.49 10.27 12.22
7.53 11.36 8.9
7.53 11.36 8.9
7.08 11.27 8.45
7.21 10.67 8.15
7.2 10.67 7.11
7.35 12.29 7.45
7.39 13.56 7.94
7.17 14.93 8.46
6.83 17.55 7.93
7.37 17.36 7.48
6.16 17.12 7.66
5.73 16.41 8.18
5.95 15.74 8.15
5.09 15.58 7.96
5.09 15.14 8.78
4.8 14.02 10.24
4.8 14.02 10.24
4.2 13.03 11
3.73 11.92 11.87
3.51 10.43 12.83
2.95 8.12 14.35
2.5 7.07 15.03
2.14 5.71 15.8
1.62 3.37 17.53
0.97 1.33 18.78
0.84 -0.31 19.49
0.57 -2.28 20.42
0.57 -2.28 20.42
0.2 -4.85 21.78
-0.01 -6.26 21.43
-0.32 -7.98 20.68
-1.26 -11.27 18.57
-0.92 -13.26 17.58
-0.73 -14.29 16.18
-0.82 -14.57 15.41
-0.75 -13.46 15.16
-0.78 -12.96 14.87
-0.76 -12.12 14.41
-1.15 -9.71 13.17
-1 -9.13 12.16
-1 -9.13 12.16
-1.25 -9.82 11.5
-1.54 -10.74 10.95
-1.69 -12.5 9.39
-1.55 -13.69 8.75
-1.83 -15.58 8.29
-2.04 -17.78 9.12
-5.28 -18.33 9.05
-2.67 -19.77 8.81
-1.51 -20.49 10.59
-1.14 -21.47 12.14
-1.14 -21.47 12.14
-2.34 -21.35 13.77
-3.03 -16.44 14.17
-3.03 -16.44 14.17
-3.07 -14.69 14.37
-3.4 -12.89 14.29
-3.22 -11.01 14.12
-2.82 -9.05 13.12
-2.64 -9.06 12.01
-2.67 -9.6 11.05
-2.75 -12.05 10.35
-2.91 -14.07 10.89
-3.03 -15.69 11.29
-2.86 -16.4 11.63
-2.86 -16.4 11.63
-2.56 -15.38 11.96
-2.74 -14.42 12.34
-2.66 -13.47 13.16
-2.89 -12.35 14.67
-3.27 -11.79 15.48
-3.17 -11.34 15.97
-3.2 -10.67 16.34
-3.06 -6.65 15.65
-3.61 -6.62 16.29
-3.26 -5.51 16.5
-3.23 -5.81 17.22
-3.27 -6.04 17.92
-3.36 -6.55 18.66
-3.17 -6.4 19.11
-2.96 -5.55 19.08
-2.96 -5.55 19.08
-2.86 -4.49 19.08
-2.96 -3.82 19.33
-2.79 -0.84 17.54
-2.96 -0.62 18.49
-2.75 0.08 18.69
-2.65 1.4 18.24
-2.43 3.89 16.93
-2.42 4.45 16.59
-2.4 4.9 16.34
-2.15 5.14 16.43
-2.15 5.14 16.43
-2.13 5.25 17.12
-2.36 4.97 17.64
-2.15 4.92 17.8
-2.59 5.43 19.18
-2.44 5.16 19.49
-2.53 5.03 19.53
-2.48 4.44 19.58
-2.66 3.87 19.55
-2.61 2.82 19.39
-2.52 1.99 19.15
-2.52 1.99 19.15
-2.45 0.74 18.38
-2.49 0.31 18.04
-2.55 -0.04 17.83
-2.52 -0.33 17.4
-2.7 -0.39 17.13
-2.67 -0.26 16.93
-2.74 -0.18 16.75
-2.73 -0.38 16.8
-2.73 -0.94 17.08
-2.82 -1.37 16.97
-2.85 -2.65 16.83
-2.89 -3.58 17.12
-2.94 -4.1 17.3
-3.02 -4.44 17.42
-2.86 -4.48 17.62
-2.86 -4.48 17.62
-2.98 -4.19 17.84
-3.29 -3.71 17.94
-3.5 -2.25 17.98
-3.54 -2.06 17.94
-3.65 -2.37 17.91
-3.77 -3.05 17.84
-3.77 -5.29 17.78
-3.77 -6.05 17.41
-3.77 -6.41 17.02
-3.65 -6.23 16.53
-3.65 -6.23 16.53
-3.7 -5.93 16.48
-3.79 -5.78 16.62
-3.85 -5.43 16.76
-4.04 -4.36 16.09
-4.04 -4.22 15.92
-4.1 -3.75 15.66
-4.31 -2.81 15.58
-4.43 -3.06 16.07
-4.31 -3.63 16.76
-4.52 -4.11 17.35
-4.9 -4.46 17.84
-4.93 -4.63 17.66
-5.04 -4.98 17.3
-5.08 -5.5 16.84
-5.16 -5.58 17.05
-5.16 -5.58 17.05
-5.27 -5.58 17.51
-5.31 -5.38 18.01
-5.48 -4.69 18.52
-5.71 -4.39 18.48
-5.71 -4.39 18.48
-5.69 -3.99 17.6
-5.81 -4.3 17.56
-5.94 -4.73 17.67
-6.13 -5.02 17.84
-6.02 -4.95 17.92
-5.98 -5.07 17.81
-6.01 -5.52 17.57
-6.14 -5.33 17.94
-6.18 -5.05 18.19
-6.26 -5.04 18.4
-6.26 -5.04 18.4
-6.28 -5.26 17.97
-6.58 -4.44 17.5
-6.49 -4.4 17.34
-6.59 -4.43 17.27
-6.5 -4.98 16.49
-6.45 -5.25 16.14
-6.58 -5.44 15.77
-6.56 -5.69 15.55
-6.84 -5.77 15.23
-6.78 -5.63 14.74
-6.78 -5.63 14.74
-6.87 -5.51 14.24
-6.99 -5.45 13.67
-7.25 -5.53 13.25
-7.24 -5.9 13.44
-7.46 -5.86 13.08
-7.91 -5.54 12.37
-8.24 -5.31 15.12
-8.99 -3.49 19.24
-9.19 -11.97 31.3
-10.19 -13.34 33.35
-10.19 -13.34 33.35
-7.89 -12.97 26.45
-7.72 -6.83 17.08
-8.08 -2.03 10.23
-8.13 -2.13 11.05
-7.54 -2.36 12
-8.05 -1.27 14.4
-7.69 -1.35 18.18
-7.69 -1.35 18.18
-8.53 -2.41 21.93
-8.82 -1.77 22.89
-8.87 1.32 19.88
-8.35 1.3 15.81
-7.47 0.85 14.8
-7.38 -0.08 15.49
-7.58 -0.15 17.07
-7.88 -0.48 17.24
-7.88 -0.48 17.24
-8.02 -0.75 17.86
-8.7 -0.76 16.99
-8.85 -0.63 16.01
-9.43 -0.26 15.81
-11.1 -0.59 16.72
-6.75 0 17.86
-7.48 0.12 18.08
-7.56 -0.72 18.61
-9.76 -4.98 22.73
-10.58 -11.84 28.7
-10.58 -11.84 28.7
-10.91 -13.76 32.24
-10.95 -12.36 30.58
-9.47 -12.07 25.21
-10.4 -16.8 28.09
-11.3 -22.48 31.93
-12.58 -21.39 25.83
-12.25 -16.83 19.97
-11.72 -12.1 15.12
-10.72 -8.36 12.24
-9.04 -4.22 9.33
-9.04 -4.22 9.33
-6.55 -3.43 8.96
-5.32 -4.22 9.52
-4.48 -7.74 10.88
-3.68 -8.89 11.66
-3.26 -8.91 12.1
-2.45 -7.31 10.73
-2.17 -6.71 10.36
-0.34 -6.24 10.82
0.44 -8.1 13.08
0.44 -8.1 13.08
0.8 -9.5 15.49
1.52 -9.85 17.42
0.84 -6.01 15.38
2 -4.23 15.03
1.77 -2.51 15.48
1.93 1.84 16.46
2.61 5.17 16.14
3.28 6.98 16.11
3.56 7.61 16.59
4.13 6.2 16.9
4.13 6.2 16.9
4.36 5.52 16.18
4.71 4.47 15.39
4.28 6.07 11.14
4.71 9.6 6.63
4.38 11.7 3.48
4.53 12.66 1.65
5.02 14.51 -2.46
4.57 16.01 -6.47
5.34 17.45 -10.58
5.34 17.45 -10.58
6.02 12.73 -12.02
6.78 9.4 -12.22
8.18 7.72 -13.84
8.77 7.42 -17.04
7.85 8.54 -21.85
7.27 7.87 -21.5
7.62 7.41 -21.45
7.29 6.15 -19.02
7.09 6.41 -18.76
6.98 6.52 -19.2
6.98 6.52 -19.2
6.72 6.59 -19.73
6.04 5.01 -18.68
6.04 3.33 -18.8
5.93 1.16 -18.48
5.21 -3.59 -18.14
5.63 -7.89 -16.74
5.63 -11.78 -13.78
6.87 -15.81 -11.54
7.41 -22.14 -7.89
7.1 -26.21 -5.83
7.1 -26.21 -5.83
6.48 -30.32 -3.12
3.98 -38.44 7.08
2.34 -41.77 8.25
3.41 -39.48 6.52
1.83 -32.65 3.66
0.51 -16.43 -1.9
1.74 -2.12 -4.69
2.3 9.25 -9.95
3.89 9.1 -8.96
5.09 5.54 -6.14
5.09 5.54 -6.14
5.98 5.65 -4.46
6.7 7.28 -3.5
7.24 8.97 -4.31
7.43 8.07 -5.27
7.76 7.38 -6.15
7.42 7.11 -8.08
7.42 7.11 -8.08
7.69 8.48 -7.43
6.58 10.05 -5.98
5.7 11.42 -5.48
5.71 13.74 -3.44
5.49 14.36 -4.19
5.31 13.06 -4.57
5.95 15.19 -3.52
5.14 19.35 -2.73
4.58 23.52 -2.1
4.5 26.93 -2.17
4.5 26.93 -2.17
3.33 32.27 -5.49
3.08 32.38 -6.74
4.32 32.14 -7.4
5 30.15 -8.68
4.74 28.8 -9.62
5.43 28.04 -10.78
4.89 27.22 -12.21
5.31 27.7 -14.7
5.57 29.33 -15.95
5.66 30.63 -16.67
5.66 30.63 -16.67
5.8 31.62 -20.02
4.5 29.7 -21.8
3.71 28.6 -21
3.71 28.6 -21
2.2 25.31 -16.26
1.68 20.31 -11.95
3.06 20.85 -8.82
1.71 19.88 -7.38
-0.83 18.47 -5.68
-0.83 18.47 -5.68
2.96 19.41 -5.22
2.57 14.93 -0.72
0.43 11.59 1.39
0.43 11.59 1.39
4.48 4.81 5.7
4.46 2.09 6.61
7.08 0.06 6.73
7.92 -11.88 3.54
7.92 -11.88 3.54
7.79 -17.61 0.75
8.85 -22.69 -1.9
10.4 -27.47 -7.36
10.23 -29.39 -12.61
10.23 -29.39 -12.61
10.3 -29.12 -14.72
9.81 -27.22 -20.04
8.73 -25.03 -22.56
3.95 -13.74 -22.29
3.95 -13.74 -22.29
2.47 -9.25 -19.06
0.39 -6.01 -15.66
-1.1 -4.56 -11.29
-4.46 4.58 -2.58
-4.46 4.58 -2.58
-6.9 8.95 -0.28
-5.89 18.84 4.84
-4.7 25.17 6.54
-4.24 32.14 9.03
-4.24 32.14 9.03
-1.22 34.22 11.11
-0.71 34.94 11.57
-0.6 34.85 11.6
1.28 36.85 10.63
1.28 36.85 10.63
1.69 38.47 9.63
1.99 40.26 8.5
2.45 41.13 6.18
2.09 43.04 4.64
2.09 43.04 4.64
1.57 39.97 4.49
0.9 38.65 4.89
-0.49 36.42 5.15
-1.4 35.74 6.49
-1.4 35.74 6.49
-1.99 34.82 7.56
-2.85 32.29 8.71
-5.91 24.08 9.62
-3.57 15.77 9.8
-3.57 15.77 9.8
-3.05 12.08 9.21
-3.53 4.78 7.22
-2.61 1.75 6.5
-0.42 -8.37 3.28
-0.42 -8.37 3.28
0.6 -14.64 -0.26
1.83 -23.2 -4.64
2.98 -31.11 -8.67
6.27 -33.53 -19.73
6.27 -33.53 -19.73
6.66 -33.75 -25.75
8.07 -29.64 -35.82
8 -21.85 -40.16
5.1 -8.53 -41.04
5.1 -8.53 -41.04
2.35 1.87 -23.51
1.46 9.92 -17.3
-1.21 15.36 -9.59
-1.1 15.89 12.66
-1.1 15.89 12.66
-0.05 20.6 22.63
1.47 30.58 32.37
6.14 48.99 42
7.13 48.64 42.99
7.13 48.64 42.99
3.11 33.05 40.13
1.8 24.88 28.32
0.88 18.7 18.9
1.86 8.15 -0.84
1.86 8.15 -0.84
2.23 3.88 -7.35
3.34 -5.7 -15.62
7.32 -30.27 -35.35
8.14 -30.72 -41.84
8.14 -30.72 -41.84
5.71 -30.67 -41.9
-0.83 -17.3 -32.07
-4.51 -4.27 -21.93
-7.25 5.19 -9.99
-6.88 23.07 14.32
-5.15 31.94 27.73
-2.01 41.1 40.47
0.99 48.01 42.99
4.79 47.91 43.65
4.24 41.81 44.07
2.87 33.45 44.18
-0.43 19.49 37.94
-1.38 14.66 23.52
-0.91 11.58 11.01
0.36 10.88 0.06
4.29 5.67 -22.07
6.93 -1.76 -33.42
9.34 -11.41 -38.69
10.97 -22.6 -39.2
9.15 -21.29 -39.46
6.79 -17.41 -38.06
3.92 -11.68 -28.5
-1.57 0.66 -6.8
-4.63 11.69 19.83
-4.63 11.69 19.83
-1.06 25.34 43.25
-0.34 28.21 44.25
0.13 23.65 45.06
0.09 18.46 45.7
-1.96 12.16 46.02
-3.74 8.3 44.69
-5.21 7.87 31.9
-5 2.51 5.07
-2.13 0.35 -7.33
0.69 -0.14 -20.67
3.17 -3.13 -33.2
7.6 -16.52 -39.44
9.02 -17.7 -40.74
9.43 -12.13 -41.48
5.29 4.28 -33.17
4.57 11.66 -23.43
6.13 18.27 -14.44
3.26 23.85 -5.78
2.59 26.95 5.72
3.48 24.78 12.23
2.6 24.45 16.04
4.09 20.48 17.34
4.02 18.08 16.3
3.69 16.64 13.51
4.06 16.67 8.17
4.14 20.28 -5.41
5.45 20.88 -11.76
3.55 18.6 -16.58
3.7 12.92 -25.35
4.27 8.47 -28.76
4.24 5.06 -30.98
4.2 4.47 -32.29
2.78 3.36 -31.25
3.6 3.19 -29.81
3.39 6.03 -27.26
2.65 6.05 -18.84
1.51 6.88 -16.48
1.09 8 -14.32
1.34 8.43 -12.67
0.81 10.76 -9.47
0.91 12.14 -8.56
0.97 13.86 -7.75
1.38 16.36 -6.73
1.31 17.23 -6.07
1.24 18.15 -5.54
1.42 18.65 -5.33
2.33 19.83 -5.88
2.26 21.19 -6.48
1.49 24.82 -9.65
1.49 24.82 -9.65
1.34 23.62 -10.44
1.45 21.3 -11.01
1.47 18.6 -11.48
1.52 14.57 -11.6
1.44 13.79 -11.91
1.33 13.55 -12.03
1.31 14.6 -12.27
1.49 15.71 -12.26
1.79 17.11 -12.32
1.9 18.73 -12.59
1.92 20.8 -13.98
2.07 20.78 -14.8
2.38 20.2 -15.43
2.43 19.07 -16.83
2.28 18.28 -17.72
2.48 17.12 -17.41
3.04 17.51 -17.83
3.4 20.15 -18.98
3.7 21.69 -20.92
3.98 22.32 -22.72
2.7 21.6 -25.11
1.97 18.75 -24.19
1.34 16.82 -23.41
1 15.38 -21.96
-0.13 12.06 -17.84
-0.59 9.33 -15.38
-1.48 5.67 -12.38
-0.85 2.18 -9.27
0.64 -0.98 -6.11
2.26 -3.51 -3.68
1.52 -6.97 -0.36
3.08 -11.17 6.15
4.42 -11.58 8.81
6.61 -8.88 13.58
6.61 -8.88 13.58
5.56 -3.9 12.1
4.53 2.47 7.02
4 6.25 0.6
2.57 10.18 -9.47
1.3 9.42 -12.14
-0.5 10.82 -14.89
-3.08 19.88 -20.81
-2.51 32.38 -27.55
1.17 39.48 -33.05
1.17 39.48 -33.05
2.63 19.65 -27.72
2.81 15.63 -24.14
2.36 12.94 -20.96
2.53 7.43 -16.74
2.31 6.23 -15.53
1.63 8.68 -16.52
1.38 11.13 -16.89
0.63 12.65 -15.51
0.55 12.87 -14.72
0.42 13.51 -14.14
0.39 14.5 -13.18
0.39 14.5 -13.18
0.4 15 -13.27
0.44 15.07 -13.8
0.25 12.73 -15.82
0.25 12.73 -15.82
0.39 12.06 -16.92
0.32 11.2 -17.7
-0.17 9.77 -17.89
-0.22 8.8 -17.58
-0.39 7.98 -17.44
-0.6 7.75 -17.71
-0.56 8.63 -17.16
-0.42 9.66 -16.39
-0.39 11.2 -15.92
-0.09 12.78 -14.45
-0.17 13.7 -14.13
-0.46 14.45 -13.55
-0.58 15.08 -13.4
-0.64 15.52 -12.74
-1.04 15.44 -12.19
-1.04 15.44 -12.19
-1.17 15.07 -11.97
-1.28 14.27 -12.06
-1.37 12.9 -12.19
-0.94 12.33 -11.54
-1.35 13.75 -11.87
-1.03 15 -11.98
-1.14 15.67 -11.8
-1.19 16.21 -11.55
-1.28 16.74 -11.03
-1.33 16.76 -10.68
-1.39 16.57 -10.61
-1.44 16.18 -10.4
-1.24 15.75 -10.3
-1.19 15.6 -10.13
-1.19 15.6 -10.02
-1.39 15.75 -9.77
-2.87 15.56 -8.95
-1.98 15.4 -8.38
-2.24 15.37 -7.65
-2.39 15.1 -6.25
-2.39 15.1 -6.25
-2.38 15.05 -5.3
-2.37 15.08 -4.23
-2.03 13.92 -2.58
-3.58 14.5 -0.99
-4.12 14.5 0.52
-3.42 19.42 4.07
-2.13 21.6 2.22
-4.22 9.1 2.4
-4.9 15.67 4.36
-2.93 13.13 5.41
-3.49 14.14 11.35
-3.55 20.01 10.81
-3.46 15.49 3.57
-3.25 15.29 4.25
-3.25 15.29 4.25
-3.39 14.68 5.25
-3.7 14.88 6.83
-2.36 23.64 3.79
-2.43 23.16 3.79
-3.77 17.75 3.45
-3.02 18.34 2.15
-3.07 17.57 1.61
-2.86 17.75 0.87
-2.9 17.19 0.45
-2.9 17.12 -0.4
-2.94 17.42 -0.85
-2.91 17.42 -1.13
-2.9 17.48 -1.44
-2.93 17.39 -1.36
-3 17.31 -1.39
-3.09 17.44 -1.31
-3.62 21.36 -1.55
-3.61 21.95 -0.79
-3.48 19.6 -0.27
-3.49 19.24 -0.3
-3.49 19.24 -0.3
-3.52 18.85 0.16
-3.48 18.84 0.21
-3.54 18.61 0.32
-3.48 18.51 0
-3.49 18.62 -0.24
-3.47 18.73 -0.28
-3.5 18.64 -0.46
-3.41 18.39 -0.58
-3.35 18.49 -0.86
-3.38 18.61 -1.27
-3.38 18.61 -1.27
-3.36 18.76 -1.48
-3.2 18.13 0.32
-3.3 18.16 1.38
-3.03 18.28 -1.18
-2.99 18.38 -1.65
-2.99 18.55 -1.94
-2.96 18.81 -2.43
-2.93 19.24 -2.99
-2.83 19.31 -3.27
-2.78 18.89 -2.53
-2.63 19.79 -0.24
-2.63 19.79 -0.24
-2.58 19.95 1.2
-2.55 21.14 1.71
-3.18 15.99 -3.48
-1.02 27.27 -6.76
-1.67 16.44 -5.34
-2.21 13.29 -2.87
-1.3 18.12 -3.4
-1.42 16.31 -2.89
-0.85 19.51 -2.92
-0.87 18.47 -2.35
-0.62 18.24 -1.79
-0.48 18.45 -1.23
-0.54 17.88 -0.65
-0.28 18.38 0.02
-0.28 18.38 0.02
-0.64 18.13 0.46
-0.49 17.45 0.3
-0.13 17.89 0.2
0.38 18.16 0.18
0.45 17.98 0.09
0.35 17.82 0.04
0.2 17.82 -0.14
0.2 17.82 -0.14
0.11 17.78 -0.25
0.34 18.29 -0.24
0.34 18.29 -0.24
0.1 18.27 -0.11
0.22 18.45 -0.33
0.5 18.68 -0.53
0.18 18.53 -0.46
0.2 18.62 -0.63
0.01 18.55 -0.55
-0.01 18.61 -0.59
-0.01 18.61 -0.59
-0.46 18.43 -0.14
-1 18.44 0.08
-0.9 18.38 -0.27
-1.17 18.03 0
-1.1 18.14 -0.05
-1.23 17.66 0.41
-1.34 17.12 1.07
-1.69 13.16 2.13
-1.97 10.39 2.58
-2.15 10.14 3.23
-2.54 10.68 4.69
-1.08 4.16 5.41
-2.4 14.98 9.94
-2.4 14.98 9.94
-2.7 13.87 11.98
-3.12 12.4 6.5
-4.57 18.4 5.61
-3.03 24.81 13.84
-1.62 26.29 15.35
-2.81 17.6 9.18
-2.85 10.17 8.1
-3.2 10.26 7.17
-3.45 9.94 6.73
-4.66 11.02 6.53
-4.66 11.02 6.53
-5.51 15.32 6.5
-8.9 20.27 13.39
-9.44 17.82 13.58
-7.25 15.88 10.36
-4.76 15.38 9.76
-4.7 14.17 10.85
-5.7 14.92 11.22
-6.09 15.35 11.58
-5.99 14.12 11.53
-5.58 13.69 11.25
-5.58 13.69 11.25
-5.28 13.3 10.93
-5.42 13.01 10.52
-5.32 13.76 10.85
-5.18 13.72 10.14
-5.02 13.39 9.89
-5.02 13.39 9.89
-4.65 13.22 9.38
-4.59 13.14 9.66
-4.59 13.1 9.71
-4.4 12.92 9.83
-4.2 12.43 10.47
-4.03 12.01 10.43
-4.46 12.06 10.9
-4.43 12.51 11.25
-4 12.45 11.03
-3.95 12.37 10.7
-3.95 12.37 10.7
-4.16 12.24 10.61
-4.24 12.65 10.47
-4.11 12.9 10.4
-4.11 13.06 10.36
-4.32 12.93 10.33
-4.35 12.98 10.34
-4.44 13.1 10.45
-4.41 13.24 10.3
-4.54 13.17 10.31
-4.73 13.25 10.12
-4.73 13.25 10.12
-4.51 13.17 10.16
-4.61 13.41 9.99
-4.81 13.25 10.09
-5.03 13.2 10.13
-5.21 12.31 10.29
-5.53 11.45 10.32
-5.97 10.42 10.19
-6.31 9.3 10
-6.27 8.24 9.7
-6.39 7.07 9.54
-6.51 7.78 10.05
-6.67 7.56 9.9
-6.62 7.47 10.13
-6.64 7.58 10.3
-6.79 7.53 10.32
-6.73 7.3 10.26
-6.73 7.3 10.26
-6.68 7.36 10.2
-6.74 7.34 10.12
-6.76 7.28 10.09
-6.69 6.94 9.54
-6.73 6.85 9.51
-6.63 6.39 9.45
-6.55 6.39 9.53
-6.52 6.44 9.55
-6.52 6.44 9.55
-6.54 6.33 9.57
-6.62 6.19 9.52
-6.58 6.32 9.49
-6.52 6.44 9.53
-6.41 5.84 9.06
-6.5 5.56 9
-6.62 5.46 8.89
-6.4 5.86 9.03
-6.5 5.95 9.21
-6.47 5.91 9.19
-6.47 5.91 9.19
-6.52 5.9 9.18
-6.59 5.88 9.21
-6.49 5.87 9.18
-6.24 4.75 8.67
-5.97 3.75 8.07
-5.67 2.74 7.3
-5.67 2.74 7.3
-5.64 2.71 7.31
-5.63 2.71 7.31
-5.59 2.61 7.31
-5.6 2.52 7.26
-5.62 2.61 7.26
-5.64 2.7 7.32
-5.22 2.04 6.67
-4.8 1.51 6.06
-4.47 1.08 5.43
-4.47 1.08 5.43
-4.04 0.91 4.9
-3.61 0.62 4.38
-3.21 0.36 3.86
-2.91 0.16 3.4
-2.59 0.12 3.01
-2.26 0 2.65
-2.26 0 2.65
-2.02 -0.14 2.29
-1.81 -0.2 1.97
-1.58 -0.19 1.71
-1.41 -0.23 1.53
-1.23 -0.26 1.31
-1.09 -0.21 1.13
-0.94 -0.15 0.98
-0.82 -0.13 0.87
-0.73 -0.11 0.75
-0.73 -0.11 0.75
-0.66 -0.05 0.67
-0.57 0.01 0.59
-0.53 0 0.49
-0.47 0.03 0.47
-0.42 0.06 0.43
-0.38 0.03 0.35
-0.34 -0.03 0.3
-0.34 -0.03 0.3
-0.33 0 0.29
-0.3 0.01 0.25
-0.29 -0.03 0.23
-0.28 -0.03 0.18
-0.27 -0.01 0.18
-0.26 0.03 0.18
-0.22 0 0.15
-0.25 0.01 0.13
-0.23 0.04 0.15
-0.23 0.04 0.15
-0.21 0.07 0.1
-0.24 0.04 0.09
-0.23 0.03 0.09
-0.2 0.1 0.09
-0.2 0.05 0.07
-0.18 0.04 0.03
-0.19 0.06 0
-0.2 0.05 0.02
-0.18 0.06 0.02
-0.18 0.06 0.01
-0.2 0.01 -0.04
-0.2 0.08 -0.02
-0.18 0.12 0
-0.18 0.06 -0.05
-0.19 0.03 -0.06
-0.2 0.13 -0.06
-0.19 0.16 -0.05
-0.14 0.14 -0.06
-0.2 0.07 -0.1
-0.18 0.11 -0.1
-0.19 0.16 -0.07
-0.15 0.1 -0.14
-0.17 0.05 -0.11
-0.18 0.09 -0.14
-0.18 0.13 -0.14
-0.16 0.09 -0.17
-0.16 0.09 -0.18
-0.17 0.11 -0.17
-0.16 0.14 -0.18
-0.14 0.13 -0.16
-0.18 0.12 -0.23
-0.17 0.11 -0.25
-0.16 0.19 -0.21
-0.17 0.14 -0.25
-0.17 0.14 -0.25
-0.14 0.12 -0.25
-0.15 0.14 -0.25
-0.15 0.16 -0.27
-0.14 0.15 -0.27
-0.13 0.12 -0.27
-0.14 0.15 -0.29
-0.14 0.15 -0.29
-0.15 0.16 -0.29
-0.14 0.18 -0.3
-0.13 0.16 -0.29
-0.12 0.12 -0.31
-0.14 0.18 -0.31
-0.14 0.18 -0.32
-0.12 0.15 -0.36
-0.12 0.16 -0.33
-0.14 0.19 -0.33
-0.14 0.19 -0.33
-0.14 0.19 -0.35
-0.11 0.15 -0.35
-0.13 0.16 -0.38
-0.12 0.19 -0.36
-0.1 0.2 -0.39
-0.1 0.2 -0.39
-0.11 0.19 -0.35
-0.12 0.18 -0.38
-0.14 0.16 -0.39
-0.11 0.18 -0.38
-0.1 0.15 -0.39
-0.13 0.15 -0.4
-0.1 0.19 -0.39
-0.11 0.2 -0.43
-0.1 0.2 -0.43
-0.09 0.19 -0.42
-0.12 0.18 -0.39
-0.11 0.2 -0.42
-0.1 0.2 -0.43
-0.09 0.18 -0.45
-0.1 0.19 -0.44
-0.09 0.19 -0.44
-0.08 0.2 -0.44
-0.06 0.17 -0.45
-0.08 0.19 -0.45
-0.1 0.19 -0.44
-0.1 0.19 -0.44
-0.08 0.17 -0.45
-0.07 0.18 -0.48
-0.08 0.18 -0.44
-0.08 0.2 -0.47
-0.08 0.21 -0.46
-0.08 0.21 -0.46
-0.07 0.21 -0.43
-0.08 0.18 -0.49
-0.07 0.19 -0.47
-0.08 0.2 -0.46
-0.07 0.18 -0.47
-0.07 0.2 -0.47
-0.06 0.21 -0.48
-0.06 0.22 -0.48
-0.04 0.2 -0.47
-0.05 0.18 -0.48
-0.05 0.18 -0.48
-0.05 0.21 -0.48
-0.06 0.21 -0.47
-0.06 0.22 -0.5
-0.05 0.22 -0.5
-0.05 0.2 -0.48
-0.06 0.21 -0.49
-0.05 0.21 -0.51
-0.04 0.23 -0.52
-0.07 0.21 -0.49
-0.07 0.2 -0.49
-0.07 0.2 -0.49
-0.05 0.21 -0.51
-0.05 0.22 -0.48
-0.06 0.24 -0.5
-0.05 0.21 -0.51
-0.05 0.2 -0.5
-0.04 0.22 -0.51
-0.05 0.2 -0.5
-0.05 0.22 -0.55
-0.03 0.22 -0.52
-0.03 0.22 -0.49
-0.02 0.21 -0.52
-0.05 0.22 -0.52
-0.06 0.22 -0.53
-0.04 0.22 -0.53
-0.03 0.25 -0.53
-0.03 0.23 -0.56
-0.01 0.21 -0.57
-0.02 0.24 -0.56
-0.01 0.21 -0.55
-0.03 0.24 -0.54
-0.05 0.22 -0.54
-0.03 0.24 -0.53
-0.01 0.23 -0.53
-0.03 0.22 -0.51
-0.05 0.22 -0.54
