0 0 0
0 0 0
0 0 0
0 0 0
0 0 0
0 0 0
359.625 0.5625 -0.8125
359.625 0.5625 -1.125
359.5625 0.625 -1.375
359.5 0.625 -1.625
359.4375 0.6875 -1.8125
359.375 0.75 -1.9375
359.3125 0.875 -2
359.25 0.9375 -2.0625
359.25 1 -2.125
359.1875 1.0625 -2.1875
359.125 1.125 -2.25
359.0625 1.1875 -2.25
359 1.25 -2.25
358.9375 1.25 -2.25
358.9375 1.3125 -2.25
358.875 1.3125 -2.3125
358.875 1.3125 -2.375
358.875 1.25 -2.5
358.9375 1.1875 -2.625
359 1.125 -2.875
359.0625 1.0625 -3.0625
359.125 1.125 -3.1875
359.125 1.3125 -3.4375
359.125 1.3125 -3.4375
359.0625 1.375 -3.625
359 1.5625 -3.75
358.8125 1.875 -4.125
358.8125 1.875 -4.125
358.5 2.375 -4.375
358.5 2.375 -4.375
358.25 2.6875 -4.375
357.9375 3.0625 -4.3125
357.375 3.875 -4.125
357.375 3.875 -4.125
357.0625 4.25 -4.125
356.8125 4.5625 -4.125
356.375 4.9375 -4.25
356.375 4.9375 -4.25
356.1875 5.0625 -4.375
356 5.125 -4.5
355.6875 5.25 -4.6875
355.6875 5.25 -4.6875
355.5625 5.25 -4.8125
355.5 5.1875 -4.9375
355.375 5.1875 -5.0625
355.3125 5.125 -5.25
355.25 5 -5.5
355.25 5 -5.5
355.25 4.9375 -5.6875
355.25 4.875 -5.8125
355.3125 4.8125 -6
355.3125 4.8125 -6
355.375 4.8125 -6.1875
355.375 4.8125 -6.375
355.4375 4.8125 -6.625
355.5 4.875 -6.9375
355.625 5.125 -7.375
355.625 5.125 -7.375
355.8125 5.5 -7.8125
355.8125 5.5 -7.8125
356.3125 6.125 -8.1875
356.3125 6.125 -8.1875
357.0625 6.875 -8.25
357.0625 6.875 -8.25
358 7.4375 -8.3125
358 7.4375 -8.3125
358.5 7.625 -8.4375
359.125 7.8125 -8.5625
359.6875 7.9375 -8.625
0.3125 8.0625 -8.6875
1 8.125 -8.625
1.6875 8.1875 -8.5625
2.5 8.25 -8.4375
3.375 8.25 -8.3125
4.375 8.1875 -8.1875
5.3125 8.0625 -8
6.25 7.9375 -7.8125
7.125 7.75 -7.5625
7.875 7.625 -7.25
8.625 7.5625 -6.875
9.3125 7.4375 -6.6875
10 7.25 -6.5625
10.75 7 -6.4375
11.5 6.6875 -6.4375
12.1875 6.3125 -6.375
12.9375 5.875 -6.25
13.625 5.375 -6.125
14.375 4.8125 -6
15.0625 4.25 -5.875
15.8125 3.6875 -5.8125
16.625 3.0625 -5.75
17.3125 2.375 -5.625
18.0625 1.625 -5.625
18.75 0.75 -5.625
19.4375 -0.0625 -5.625
20.125 -1 -5.5625
20.8125 -2 -5.5625
21.375 -3 -5.5625
21.875 -4 -5.375
22.1875 -5.0625 -5.0625
22.6875 -7.25 -4.4375
22.8125 -8.375 -4.25
22.8125 -8.375 -4.25
22.875 -9.4375 -3.9375
22.8125 -10.375 -3.5625
22.6875 -11.3125 -3.125
22.3125 -13.125 -2.125
22 -14.0625 -1.9375
21.5 -15 -1.5625
21.5 -15 -1.5625
20.875 -15.8125 -1.0625
20.1875 -16.625 -0.5
19.5 -17.375 0.0625
18.8125 -18.1875 0.625
18.0625 -19 0.9375
17.25 -19.75 1.3125
16.5 -20.4375 1.8125
15.6875 -21.125 2.4375
14.875 -21.75 2.8125
14 -22.4375 3.0625
13.125 -22.9375 3.375
12.125 -23.4375 3.8125
11.0625 -23.8125 4.25
10 -24.1875 4.8125
8.875 -24.5625 5.3125
7.8125 -24.875 5.6875
6.8125 -25.1875 6
5.6875 -25.4375 6.25
4.5 -25.625 6.625
3.25 -25.75 7.125
2 -25.875 7.5625
0.6875 -26.0625 7.875
359.4375 -26.1875 8.0625
358.125 -26.3125 8.25
356.875 -26.4375 8.375
355.625 -26.5 8.375
354.375 -26.5 8.25
353.1875 -26.375 8.0625
352 -26.1875 7.9375
350.875 -25.875 7.8125
348.5625 -25.0625 7.5625
347.375 -24.5625 7.4375
346.25 -24.0625 7.3125
345.0625 -23.5625 7.1875
343.875 -23 7.0625
342.625 -22.5 6.875
341.4375 -22 6.625
340.3125 -21.4375 6.4375
339.25 -20.875 6.1875
338.25 -20.3125 5.875
337.375 -19.6875 5.5
336.5 -19.0625 5.125
335.6875 -18.5 4.5625
334.875 -17.9375 4
334.125 -17.3125 3.4375
333.375 -16.625 2.75
332.75 -15.9375 2.125
332.1875 -15.25 1.5625
331.8125 -14.5625 1.0625
331.5 -13.875 0.5625
331.25 -13.125 0
331 -12.375 -0.5625
330.75 -11.6875 -1.125
330.5 -10.9375 -1.625
330.25 -10.1875 -2
330.0625 -9.4375 -2.3125
329.8125 -7.8125 -2.9375
329.8125 -7 -3.25
329.9375 -6.1875 -3.5625
330.0625 -5.4375 -3.875
330.25 -4.6875 -4.25
330.4375 -4 -4.625
330.6875 -3.25 -5.0625
330.9375 -2.625 -5.5
331.25 -1.9375 -5.9375
331.625 -1.25 -6.4375
332 -0.5625 -6.9375
332.4375 0.0625 -7.375
333.4375 1.5625 -7.9375
333.4375 1.5625 -7.9375
334.5 3 -8.375
335.0625 3.625 -8.625
335.6875 4.25 -8.9375
336.375 4.8125 -9.3125
337 5.375 -9.625
337.6875 5.875 -9.875
338.375 6.4375 -10
339.0625 7.0625 -10.0625
340.625 8.125 -10.0625
341.375 8.625 -10.0625
342.25 9.125 -9.9375
343.125 9.5 -9.5625
344.0625 9.875 -9.375
345.0625 10.125 -9.1875
346.125 10.25 -9
347.125 10.3125 -8.8125
348.1875 10.375 -8.625
349.3125 10.3125 -8.5
350.375 10.25 -8.375
351.4375 10.125 -8.1875
352.5625 10.0625 -8.125
353.5625 10 -8.125
354.5 10 -8.0625
355.25 10 -8
355.8125 9.9375 -8
356.3125 9.875 -8.0625
356.75 9.75 -8.1875
357.1875 9.625 -8.375
357.625 9.4375 -8.625
358.0625 9.25 -8.875
358.5 9.125 -9.0625
359.3125 9.0625 -9.1875
359.3125 9.0625 -9.1875
359.75 9.0625 -9.375
359.75 9.0625 -9.375
359.875 9.0625 -9.5
359.875 9.0625 -9.625
359.8125 8.9375 -10
359.8125 8.9375 -10
359.8125 8.875 -10.1875
359.875 8.8125 -10.25
359.9375 8.6875 -10.4375
359.875 8.625 -10.5625
359.875 8.5625 -10.75
359.8125 8.5 -10.875
359.75 8.4375 -11.0625
359.6875 8.375 -11.25
359.6875 8.375 -11.25
359.6875 8.25 -11.4375
359.6875 8.1875 -11.6875
359.6875 8.0625 -11.875
359.75 8 -12.0625
359.8125 7.9375 -12.25
359.875 7.875 -12.4375
359.9375 7.8125 -12.625
359.9375 7.75 -12.8125
359.9375 7.75 -12.9375
359.875 7.6875 -13.125
359.875 7.625 -13.25
359.875 7.625 -13.25
359.875 7.625 -13.375
359.875 7.5625 -13.5625
359.9375 7.5625 -13.625
359.9375 7.5625 -13.75
359.9375 7.5625 -13.75
359.9375 7.5625 -13.8125
0 7.625 -13.875
0.0625 7.625 -13.875
0.125 7.625 -13.875
0.1875 7.6875 -13.9375
0.25 7.6875 -13.9375
0.25 7.75 -13.9375
0.25 7.75 -13.9375
0.25 7.75 -13.9375
0.25 7.6875 -13.9375
0.3125 7.625 -14
0.375 7.5625 -14.0625
0.4375 7.5 -14.0625
