0 0 0 0
0 0 0 0
0 0 0 0
0 0 0 0
0 0 0 0
1 -0.0053710938 -0.005004883 0.0022583008
0.99993896 -0.007507324 -0.0052490234 0.002746582
0.9998779 -0.012390137 -0.0056762695 0.0036010742
0.9998779 -0.014343262 -0.0060424805 0.0040893555
0.9998169 -0.01586914 -0.0064697266 0.004699707
0.9998169 -0.016906738 -0.007080078 0.0052490234
0.9998169 -0.017456055 -0.007751465 0.0056762695
0.99975586 -0.018066406 -0.008483887 0.0060424805
0.99975586 -0.018615723 -0.009033203 0.0064086914
0.99975586 -0.019226074 -0.009521484 0.0068359375
0.99975586 -0.01965332 -0.010009766 0.007385254
0.9996948 -0.01977539 -0.010498047 0.00793457
0.9996948 -0.01977539 -0.011108398 0.008422852
0.9996948 -0.019836426 -0.01159668 0.008850098
0.9996948 -0.020019531 -0.011962891 0.009216309
0.9996948 -0.020324707 -0.0119018555 0.009460449
0.9996948 -0.020996094 -0.011657715 0.009521484
0.9996338 -0.021911621 -0.011230469 0.009338379
0.9996338 -0.02331543 -0.010681152 0.008972168
0.99957275 -0.025024414 -0.010192871 0.008544922
0.99957275 -0.026733398 -0.010009766 0.0079956055
0.9995117 -0.028015137 -0.010253906 0.0075683594
0.9995117 -0.0289917 -0.010925293 0.007385254
0.9994507 -0.030212402 -0.01184082 0.007446289
0.99938965 -0.031555176 -0.012817383 0.007873535
0.9993286 -0.032958984 -0.013916016 0.008422852
0.9992676 -0.034606934 -0.015258789 0.009094238
0.9991455 -0.036254883 -0.016784668 0.0099487305
0.99902344 -0.03765869 -0.018859863 0.011230469
0.9989624 -0.038391113 -0.021362305 0.012939453
0.99884033 -0.038330078 -0.024475098 0.015075684
0.9987793 -0.037597656 -0.027893066 0.017456055
0.9986572 -0.036621094 -0.03149414 0.020080566
0.9984741 -0.03564453 -0.034973145 0.022644043
0.99835205 -0.03503418 -0.038146973 0.02508545
0.99816895 -0.03503418 -0.04083252 0.027282715
0.9980469 -0.035339355 -0.043029785 0.02923584
0.99786377 -0.036071777 -0.044677734 0.031066895
0.9977417 -0.036987305 -0.045837402 0.032836914
0.9976196 -0.03778076 -0.04663086 0.034484863
0.99749756 -0.038635254 -0.04711914 0.036010742
0.9973755 -0.039489746 -0.047424316 0.037231445
0.99731445 -0.040405273 -0.04748535 0.038269043
0.9972534 -0.0413208 -0.047424316 0.03918457
0.9971924 -0.04260254 -0.04711914 0.039855957
0.99713135 -0.044067383 -0.04675293 0.040405273
0.9970703 -0.045410156 -0.04638672 0.040771484
0.9970093 -0.046447754 -0.045959473 0.04107666
0.9970093 -0.047668457 -0.04547119 0.04107666
0.99694824 -0.048828125 -0.045043945 0.04083252
0.99694824 -0.049743652 -0.044677734 0.04058838
0.9968872 -0.050720215 -0.044433594 0.04034424
0.9968262 -0.052246094 -0.044311523 0.040100098
0.99676514 -0.054138184 -0.044433594 0.039794922
0.99664307 -0.05633545 -0.04473877 0.03942871
0.99645996 -0.05871582 -0.045410156 0.03894043
0.9963379 -0.060791016 -0.046325684 0.038391113
0.9961548 -0.06274414 -0.047546387 0.037841797
0.9960327 -0.06451416 -0.0491333 0.037109375
0.9958496 -0.06628418 -0.05090332 0.035949707
0.9956665 -0.068237305 -0.05316162 0.034118652
0.9954834 -0.06970215 -0.05596924 0.03149414
0.9953613 -0.0703125 -0.059020996 0.028442383
0.9953003 -0.07019043 -0.061950684 0.025024414
0.99523926 -0.070251465 -0.06451416 0.02130127
0.9951172 -0.07104492 -0.066467285 0.017150879
0.9949951 -0.072387695 -0.067871094 0.012512207
0.99487305 -0.07385254 -0.06890869 0.007507324
0.994751 -0.07495117 -0.06976318 0.0022583008
0.9946289 -0.07543945 -0.070373535 -0.003112793
0.9945679 -0.07562256 -0.070739746 -0.0087890625
0.99450684 -0.07525635 -0.07092285 -0.014953613
0.9944458 -0.07476807 -0.07080078 -0.021728516
0.99432373 -0.07446289 -0.07019043 -0.02947998
0.9941406 -0.073791504 -0.06915283 -0.037963867
0.9939575 -0.07281494 -0.06762695 -0.04650879
0.9937744 -0.07141113 -0.06573486 -0.05456543
0.9935913 -0.06976318 -0.06384277 -0.06201172
0.9934082 -0.06726074 -0.06237793 -0.06878662
0.99316406 -0.06488037 -0.061462402 -0.07519531
0.99279785 -0.0635376 -0.060302734 -0.08135986
0.9924927 -0.062438965 -0.05859375 -0.08734131
0.99212646 -0.061828613 -0.05609131 -0.09350586
0.9916992 -0.061767578 -0.05291748 -0.09991455
0.99121094 -0.061401367 -0.0491333 -0.10620117
0.9908447 -0.060302734 -0.04498291 -0.11236572
0.99035645 -0.058776855 -0.040527344 -0.11859131
0.98986816 -0.05731201 -0.035705566 -0.12487793
0.98931885 -0.05596924 -0.030517578 -0.13122559
0.98864746 -0.0546875 -0.025268555 -0.13775635
0.987854 -0.053527832 -0.019592285 -0.14440918
0.9871216 -0.05206299 -0.013305664 -0.1506958
0.9863281 -0.050842285 -0.006286621 -0.15679932
0.9854126 -0.049804688 0.0012817383 -0.16290283
0.984375 -0.04840088 0.009277344 -0.16894531
0.9833374 -0.046569824 0.017578125 -0.17486572
0.98217773 -0.044799805 0.026184082 -0.18054199
0.9810791 -0.04272461 0.034973145 -0.18560791
0.98010254 -0.039489746 0.043701172 -0.18951416
0.9793091 -0.034973145 0.05230713 -0.19244385
0.9785156 -0.029968262 0.06097412 -0.19470215
0.97766113 -0.0256958 0.070007324 -0.19647217
0.9768677 -0.022033691 0.07922363 -0.19744873
0.9761963 -0.017211914 0.087524414 -0.19769287
0.975647 -0.012084961 0.095214844 -0.19714355
0.9752197 -0.0068969727 0.10241699 -0.19604492
0.9747925 -0.00091552734 0.109191895 -0.19445801
0.97442627 0.0040283203 0.11621094 -0.19244385
0.973999 0.0072021484 0.12371826 -0.18951416
0.97387695 0.011108398 0.13079834 -0.1852417
0.973938 0.01586914 0.13739014 -0.1798706
0.97406006 0.020935059 0.14349365 -0.17382812
0.9741211 0.026550293 0.14923096 -0.16772461
0.9741211 0.031066895 0.15533447 -0.16143799
0.973999 0.034057617 0.1618042 -0.15490723
0.9738159 0.036743164 0.16845703 -0.14807129
0.9737549 0.04071045 0.17376709 -0.14141846
0.9735718 0.045166016 0.17889404 -0.13446045
0.9733887 0.047546387 0.18457031 -0.1272583
0.97320557 0.048950195 0.19006348 -0.11993408
0.97302246 0.05078125 0.19488525 -0.11230469
0.9730835 0.052734375 0.19897461 -0.103881836
0.97314453 0.054992676 0.20245361 -0.09472656
0.97320557 0.057617188 0.20568848 -0.08526611
0.97314453 0.059814453 0.20892334 -0.075927734
0.97302246 0.061035156 0.2121582 -0.06689453
0.9729004 0.061523438 0.215271 -0.0579834
0.97283936 0.061401367 0.21795654 -0.048461914
0.9727783 0.062194824 0.22003174 -0.038330078
0.9725952 0.06378174 0.22180176 -0.027709961
0.9723511 0.06512451 0.22363281 -0.017028809
0.97198486 0.06518555 0.22570801 -0.006225586
0.97161865 0.06414795 0.22772217 0.0045776367
0.9711304 0.062805176 0.22961426 0.015380859
0.9706421 0.06109619 0.23120117 0.026184082
0.97021484 0.05859375 0.2322998 0.0368042
0.96984863 0.054992676 0.23272705 0.047302246
0.96954346 0.051330566 0.23236084 0.057495117
0.9694214 0.04815674 0.23101807 0.06744385
0.96936035 0.045043945 0.22888184 0.07727051
0.9692993 0.041992188 0.22613525 0.08703613
0.96917725 0.0368042 0.21899414 0.10668945
0.96917725 0.0368042 0.21899414 0.10668945
0.9690552 0.034606934 0.21484375 0.11651611
0.9683838 0.029663086 0.20629883 0.13690186
0.9678345 0.026672363 0.2020874 0.1473999
0.9672241 0.023376465 0.19769287 0.15783691
0.96655273 0.020507812 0.19299316 0.16772461
0.9659424 0.017822266 0.18804932 0.17681885
0.9654541 0.014892578 0.18273926 0.1852417
0.96502686 0.01171875 0.17718506 0.19293213
0.9645996 0.008239746 0.17150879 0.20019531
0.96417236 0.00390625 0.16571045 0.20727539
0.96362305 -0.0005493164 0.159729 0.21429443
0.96307373 -0.0051879883 0.15338135 0.22106934
0.9626465 -0.010253906 0.14660645 0.22735596
0.9622803 -0.014831543 0.1395874 0.23297119
0.96203613 -0.018554688 0.13256836 0.23779297
0.9619751 -0.021911621 0.12554932 0.24145508
0.96209717 -0.02508545 0.1184082 0.24432373
0.9623413 -0.028259277 0.111083984 0.24658203
0.9625244 -0.03186035 0.103637695 0.24865723
0.96258545 -0.035461426 0.09625244 0.25079346
0.96258545 -0.038330078 0.08892822 0.2531128
0.9625244 -0.039794922 0.081726074 0.25543213
0.96258545 -0.04058838 0.074401855 0.25732422
0.96276855 -0.041503906 0.06689453 0.25860596
0.9633789 -0.043518066 0.051940918 0.2593994
0.9638672 -0.044189453 0.0446167 0.2588501
0.96447754 -0.045043945 0.037353516 0.25769043
0.96502686 -0.046325684 0.030395508 0.25616455
0.9655762 -0.048339844 0.023498535 0.25439453
0.9661865 -0.050109863 0.016784668 0.2524414
0.96673584 -0.05218506 0.010192871 0.25030518
0.96728516 -0.05480957 0.0037231445 0.2477417
0.9678955 -0.057739258 -0.0028686523 0.24468994
0.9685669 -0.060302734 -0.009521484 0.2411499
0.9692993 -0.062316895 -0.016174316 0.23730469
0.97003174 -0.06378174 -0.022949219 0.23321533
0.9708252 -0.064453125 -0.02960205 0.22894287
0.9716797 -0.064819336 -0.035888672 0.2244873
0.9724121 -0.06567383 -0.041931152 0.2197876
0.97320557 -0.066833496 -0.047729492 0.21472168
0.973999 -0.068481445 -0.053222656 0.20928955
0.97473145 -0.070617676 -0.058288574 0.20379639
0.97540283 -0.07281494 -0.062927246 0.19818115
0.97698975 -0.07470703 -0.072143555 0.18634033
0.9777832 -0.07458496 -0.076660156 0.18023682
0.9786377 -0.074523926 -0.08099365 0.17382812
0.97943115 -0.074279785 -0.08508301 0.1671753
0.98028564 -0.07397461 -0.08880615 0.16027832
0.9812012 -0.072509766 -0.092163086 0.1531372
0.9822998 -0.06982422 -0.09484863 0.14556885
0.98339844 -0.06817627 -0.09686279 0.1373291
0.9845581 -0.06738281 -0.098083496 0.12860107
0.98565674 -0.06665039 -0.09857178 0.11975098
0.987854 -0.06500244 -0.09802246 0.101745605
0.9888916 -0.0647583 -0.09680176 0.09240723
0.98986816 -0.064819336 -0.095336914 0.08294678
0.9907837 -0.06427002 -0.09387207 0.0736084
0.9915161 -0.06439209 -0.0925293 0.064331055
0.99212646 -0.06518555 -0.091430664 0.055419922
0.9925537 -0.06542969 -0.09069824 0.047607422
0.9929199 -0.06549072 -0.09020996 0.04107666
0.99316406 -0.06585693 -0.089660645 0.035888672
0.99328613 -0.066711426 -0.08874512 0.031677246
0.9934082 -0.06829834 -0.08758545 0.027954102
0.9935303 -0.0703125 -0.08605957 0.024353027
0.9935303 -0.07293701 -0.084228516 0.020507812
0.9935913 -0.075683594 -0.082458496 0.016479492
0.9935913 -0.07751465 -0.08105469 0.012573242
0.99365234 -0.07849121 -0.080200195 0.008972168
0.99365234 -0.07910156 -0.079833984 0.00579834
0.9935913 -0.079833984 -0.07977295 0.0033569336
0.9935303 -0.08105469 -0.079833984 0.0017089844
0.9934082 -0.08215332 -0.07989502 0.0010375977
0.99334717 -0.08312988 -0.07977295 0.0010375977
0.9932251 -0.08496094 -0.07928467 0.0012207031
0.993103 -0.08679199 -0.07861328 0.0012817383
0.993042 -0.08807373 -0.07788086 0.0012817383
0.993042 -0.08886719 -0.07720947 0.0010375977
0.993042 -0.089660645 -0.076660156 0.0007324219
0.99298096 -0.09063721 -0.076171875 0.0005493164
0.9929199 -0.091674805 -0.07574463 0.00061035156
0.99279785 -0.09283447 -0.07537842 0.0009765625
0.9927368 -0.09411621 -0.07495117 0.0014038086
0.99261475 -0.095703125 -0.07446289 0.0018920898
0.9924927 -0.097351074 -0.073791504 0.002319336
0.9923706 -0.09906006 -0.07299805 0.0025634766
0.99224854 -0.10089111 -0.072143555 0.0025634766
0.99212646 -0.10272217 -0.0713501 0.002380371
0.9920654 -0.10424805 -0.07055664 0.0020141602
0.99194336 -0.105895996 -0.069885254 0.0014648438
0.99176025 -0.107666016 -0.0692749 0.00091552734
0.9916382 -0.109436035 -0.06878662 0.00048828125
0.9914551 -0.11077881 -0.06842041 0.00024414062
0.99139404 -0.11193848 -0.06817627 0.00024414062
0.991272 -0.11273193 -0.0680542 0.00036621094
0.99121094 -0.113708496 -0.06781006 0.0005493164
0.99108887 -0.11480713 -0.06744385 0.0007324219
0.9909668 -0.1161499 -0.06707764 0.00079345703
0.9908447 -0.11743164 -0.066711426 0.0006713867
0.9907837 -0.1182251 -0.066589355 0.00048828125
0.9906616 -0.11871338 -0.066589355 0.0004272461
0.9906616 -0.119018555 -0.066711426 0.0004272461
0.9906006 -0.119140625 -0.06689453 0.0004272461
0.9906006 -0.119506836 -0.06695557 0.00024414062
0.9904785 -0.12011719 -0.0670166 -0.00018310547
0.9904175 -0.12042236 -0.06713867 -0.0007324219
0.9904175 -0.12054443 -0.06732178 -0.0013427734
0.9904175 -0.120666504 -0.06756592 -0.0018310547
0.99035645 -0.120788574 -0.06774902 -0.0022583008
0.99035645 -0.12084961 -0.067871094 -0.0024414062
0.99035645 -0.120666504 -0.067871094 -0.0024414062
0.99035645 -0.12084961 -0.06756592 -0.0025024414
0.9902954 -0.121520996 -0.06713867 -0.002746582
0.9902954 -0.12200928 -0.06665039 -0.003112793
0.9902954 -0.12219238 -0.066223145 -0.0036621094
0.9902954 -0.12225342 -0.06585693 -0.004272461
