0 0 0
0 0 0
0 0 0
0 0 0
0 0 0
0 0 0
359.9375 0 -0.5
359.9375 0 -0.5
359.9375 0 -0.6875
359.9375 0 -0.75
0 0 -0.875
0 0 -0.9375
0 0.0625 -1.0625
0 0.0625 -1.125
0 0.0625 -1.25
0 0.125 -1.4375
0 0.125 -1.5
0 0.125 -1.5625
0.0625 0.125 -1.75
0.0625 0.125 -1.8125
0.0625 0.125 -1.9375
0.0625 0.125 -2.125
0.0625 0.125 -2.1875
0.0625 0.125 -2.25
0.125 0.125 -2.3125
0.125 0.125 -2.4375
0.125 0.125 -2.5
0.125 0.125 -2.625
0.0625 0.125 -2.6875
0.0625 0.125 -2.8125
0.125 0.125 -2.875
0.125 0.1875 -2.875
0.125 0.1875 -2.9375
0.125 0.25 -3
0.125 0.25 -3
0.1875 0.25 -3.0625
0.1875 0.25 -3.1875
0.25 0.25 -3.5
0.3125 0.25 -3.5625
0.3125 0.25 -3.5625
0.375 0.3125 -3.625
0.5625 0.4375 -3.875
0.5625 0.4375 -3.875
0.6875 0.4375 -4.0625
0.875 0.5 -4.25
1 0.5 -4.375
1.25 0.5625 -4.5625
1.4375 0.625 -4.6875
1.6875 0.6875 -4.8125
2 0.6875 -5
2.3125 0.75 -5.25
2.6875 0.8125 -5.5
3.0625 0.875 -5.625
3.5 0.9375 -5.75
4 1 -5.9375
4.4375 1 -6.125
4.9375 0.9375 -6.3125
5.4375 0.875 -6.5
5.9375 0.75 -6.75
6.5 0.5625 -7.0625
7 0.3125 -7.25
7.4375 0 -7.375
8 -0.3125 -7.5625
8.5625 -0.75 -7.9375
9.1875 -1.375 -8.25
9.8125 -2.0625 -8.625
10.375 -2.8125 -9.1875
11 -3.625 -9.875
11.625 -4.375 -10.5625
12.125 -5.1875 -11
12.5 -6 -11.4375
13.3125 -7.75 -12.3125
13.3125 -7.75 -12.3125
14 -9.5625 -12.625
14.3125 -10.5 -12.8125
14.4375 -11.4375 -13.125
14.4375 -11.4375 -13.125
14.6875 -13.125 -13.4375
14.6875 -13.125 -13.4375
14.8125 -14.5625 -13.3125
14.8125 -14.5625 -13.3125
14.6875 -16.25 -13.0625
14.6875 -16.25 -13.0625
14.3125 -18.3125 -12.6875
14.3125 -18.3125 -12.6875
14.0625 -19.4375 -12.75
13.5625 -21.6875 -13
13.25 -22.8125 -13.125
12.8125 -23.875 -13.1875
12.8125 -23.875 -13.1875
12.375 -24.9375 -13.1875
11.4375 -26.9375 -12.8125
11.4375 -26.9375 -12.8125
11 -27.875 -12.5
10.5 -28.75 -12.25
10 -29.625 -11.9375
9.4375 -30.5 -11.5
8.875 -31.4375 -11.0625
7.75 -33.3125 -10.1875
7.125 -34.3125 -9.8125
6.4375 -35.375 -9.625
5.6875 -36.4375 -9.4375
4.8125 -37.4375 -8.9375
4 -38.25 -8.125
3.125 -38.875 -7.3125
2.3125 -39.3125 -6.5625
1.4375 -39.625 -5.75
0.625 -39.8125 -4.9375
358.9375 -39.875 -3.5625
358.125 -39.75 -3.125
357.3125 -39.5625 -2.6875
356.5 -39.3125 -2.25
355.625 -38.875 -1.6875
354.8125 -38.375 -0.9375
353.875 -37.8125 0
352.9375 -37.25 1.1875
351.9375 -36.625 2.375
350.875 -35.9375 3.625
349.875 -35.1875 4.8125
348.875 -34.4375 5.9375
347.9375 -33.625 6.8125
347 -32.75 7.5625
345.9375 -31.8125 8.125
344.875 -30.875 8.6875
343.8125 -29.875 9.125
342.8125 -28.875 9.5625
341.875 -28 9.75
341 -27.125 9.6875
340.125 -26.25 9.5625
339.375 -25.3125 9.5625
338.6875 -24.375 9.5625
338 -23.375 9.5
337.375 -22.375 9.4375
336.75 -21.375 9.3125
336.125 -20.4375 9.0625
335.5625 -19.5 8.9375
335.0625 -18.625 8.875
334.625 -17.6875 8.75
334.25 -16.875 8.625
333.9375 -16 8.5
333.375 -14.3125 8.0625
333.1875 -13.4375 7.875
333 -12.5 7.6875
332.9375 -11.625 7.375
332.9375 -11.625 7.375
332.9375 -10.6875 7.1875
333 -9.8125 6.9375
333 -8.125 6.6875
333.0625 -7.25 6.4375
333.0625 -6.4375 6.125
333.125 -5.625 5.875
333.25 -4.8125 5.5625
333.5 -4 5.1875
334.125 -2.5625 4.25
334.5 -1.875 3.9375
334.875 -1.1875 3.75
335.1875 -0.4375 3.5625
335.4375 0.125 3.375
335.9375 1.4375 2.875
336.25 2.0625 2.625
336.625 2.625 2.3125
337.0625 3.125 2.0625
338.125 4 1.625
338.6875 4.4375 1.5
339.3125 4.875 1.375
339.9375 5.3125 1.25
340.6875 5.6875 1.1875
341.4375 6 1.25
342.875 6.5 1.625
343.5625 6.6875 1.8125
344.375 6.75 1.875
345.1875 6.6875 1.875
346.0625 6.625 1.875
347 6.4375 1.875
348.6875 6.1875 2.0625
348.6875 6.1875 2.0625
350.125 6.0625 2.25
350.625 6.0625 2.3125
351.0625 6.0625 2.3125
351.4375 6.0625 2.1875
351.8125 6.0625 2
352.125 6.0625 1.75
352.375 6 1.5
352.625 5.9375 1.25
352.875 5.875 1
353.125 5.875 0.8125
353.3125 5.875 0.625
353.5 5.875 0.5625
353.5625 5.9375 0.5
353.625 5.9375 0.5
353.625 6 0.375
353.625 6.125 0.125
353.625 6.125 0.0625
353.625 6.125 0.0625
353.6875 6.1875 0
353.6875 6.1875 0
353.6875 6.25 0
353.6875 6.25 0
353.6875 6.25 0
353.6875 6.25 0
353.625 6.25 0
353.625 6.25 -0.125
353.625 6.1875 -0.25
353.5625 6.1875 -0.375
353.5625 6.1875 -0.5
353.5625 6.1875 -0.5625
353.5 6.1875 -0.6875
353.5 6.125 -0.6875
353.4375 6.0625 -0.6875
353.375 6 -0.8125
353.375 5.9375 -0.9375
353.3125 5.875 -1.1875
353.3125 5.875 -1.3125
353.25 5.875 -1.4375
353.1875 5.875 -1.5
353.125 5.875 -1.625
353.125 5.875 -1.75
353.0625 5.875 -1.8125
353.0625 5.8125 -1.9375
353.0625 5.75 -2.0625
353.0625 5.6875 -2.1875
353.125 5.6875 -2.3125
353.3125 5.6875 -2.5
353.375 5.75 -2.5625
353.4375 5.75 -2.625
353.5 5.75 -2.75
353.5 5.75 -2.75
353.5625 5.75 -2.875
353.5625 5.6875 -3
353.625 5.6875 -3.125
353.625 5.625 -3.1875
353.6875 5.625 -3.25
353.75 5.625 -3.25
353.8125 5.625 -3.25
353.8125 5.6875 -3.25
353.875 5.625 -3.25
353.9375 5.625 -3.375
354 5.625 -3.4375
354.125 5.5625 -3.5625
354.1875 5.5625 -3.625
354.1875 5.5625 -3.6875
354.25 5.5 -3.6875
354.3125 5.5 -3.8125
354.375 5.5 -3.875
354.4375 5.4375 -4
354.5 5.5 -4.0625
354.5 5.5 -4.0625
354.5625 5.5 -4.125
354.5625 5.5625 -4.125
354.5625 5.5625 -4.1875
354.5625 5.5625 -4.25
354.5 5.5625 -4.3125
354.5 5.5625 -4.375
354.5 5.5625 -4.4375
354.4375 5.5 -4.5625
354.4375 5.5 -4.6875
354.4375 5.5 -4.875
354.4375 5.4375 -5.0625
354.5 5.4375 -5.25
354.5 5.375 -5.375
354.5 5.375 -5.375
354.5625 5.25 -5.6875
354.625 5.25 -5.8125
354.625 5.1875 -5.9375
354.6875 5.125 -6.0625
354.75 5.125 -6.1875
354.75 5.125 -6.1875
354.8125 5.125 -6.3125
354.875 5.125 -6.375
354.875 5.125 -6.375
354.875 5.125 -6.4375
354.875 5.125 -6.625
354.9375 5.125 -6.6875
354.9375 5.1875 -6.75
355 5.1875 -6.8125
