0 0 0
0 0 0
0 0 0
0 0 0
0 0 0
359.875 0 -0.375
359.875 0 -0.4375
359.875 -0.0625 -0.5625
359.875 -0.0625 -0.625
359.875 -0.125 -0.9375
359.875 -0.125 -1
359.875 -0.125 -1.125
359.875 -0.125 -1.1875
359.8125 -0.1875 -1.3125
359.8125 -0.1875 -1.4375
359.75 -0.1875 -1.5625
359.8125 -0.1875 -1.625
359.8125 -0.1875 -1.6875
359.75 -0.25 -1.75
359.6875 -0.25 -1.875
359.6875 -0.3125 -1.9375
359.6875 -0.375 -1.9375
359.6875 -0.4375 -1.875
359.6875 -0.4375 -1.875
359.6875 -0.5625 -1.9375
359.75 -0.625 -2.0625
359.8125 -0.75 -2.1875
359.8125 -0.8125 -2.375
359.8125 -0.9375 -2.5625
359.8125 -1 -2.875
359.875 -1.125 -3.1875
359.875 -1.1875 -3.5
359.875 -1.25 -3.875
359.875 -1.25 -4.25
359.875 -1.25 -4.625
359.875 -1.125 -4.9375
359.8125 -0.875 -5.25
359.6875 -0.25 -5.875
359.6875 -0.25 -5.875
359.5625 0.125 -6.1875
359.4375 0.5625 -6.4375
359.125 1.625 -6.75
358.9375 2.1875 -6.75
358.75 2.75 -6.75
358.625 3.375 -6.875
358.375 3.9375 -7.0625
358.1875 4.5625 -7.3125
357.75 5.8125 -8.0625
357.5625 6.4375 -8.4375
357.3125 7.125 -8.75
357.125 7.75 -9.0625
356.9375 8.375 -9.4375
356.75 9 -9.8125
356.5 9.6875 -10.0625
356.25 10.375 -10.3125
355.6875 11.8125 -10.75
355.375 12.5625 -10.9375
355.125 13.1875 -11.3125
354.875 13.8125 -11.75
354.6875 14.4375 -12.125
354.4375 15 -12.375
354.25 15.5625 -12.5625
354.125 16.125 -12.75
353.9375 17.1875 -13.125
353.875 17.75 -13.375
353.8125 18.3125 -13.625
353.6875 18.875 -13.8125
353.625 19.5 -13.9375
353.5625 20.125 -13.8125
353.5625 21.0625 -13.75
353.625 21.4375 -13.75
353.6875 21.625 -13.625
353.8125 21.75 -13.5
354 21.875 -13.4375
354.25 21.875 -13.375
354.4375 21.875 -13.3125
354.6875 21.75 -13.125
355.25 21.375 -12.75
355.5 21.0625 -12.1875
355.9375 20.6875 -11.5625
356.4375 20.3125 -10.8125
356.9375 19.875 -10
357.5 19.3125 -9
358.0625 18.6875 -8.125
358.6875 18 -7.375
359.8125 16.5 -6.0625
0.375 15.6875 -5.5
0.9375 14.8125 -5
1.5 13.8125 -4.5625
2.0625 12.75 -4.1875
3.375 10.625 -3.625
4.125 9.625 -3.25
4.875 8.75 -2.875
5.5625 7.9375 -2.6875
6.1875 7.125 -2.5
6.75 6.3125 -2.375
7.875 4.6875 -2.375
8.5 3.8125 -2.5
9.125 3.0625 -2.625
9.75 2.5 -2.6875
10.375 1.9375 -2.5625
10.9375 1.5625 -2.5625
11.9375 0.875 -2.6875
12.3125 0.625 -2.8125
12.6875 0.5 -2.875
13 0.4375 -2.9375
13.25 0.4375 -3.0625
13.375 0.625 -3.25
13.5625 1.5 -3.625
13.5 2.0625 -3.6875
13.5 2.6875 -3.8125
13.375 3.3125 -4
13.0625 4.75 -4.4375
13.0625 4.75 -4.4375
12.875 5.5625 -4.625
12.625 6.3125 -4.9375
12.5 7.125 -5.4375
12.125 8.8125 -6.3125
12.125 8.8125 -6.3125
11.875 9.625 -6.75
11.5625 10.5 -7.25
11.25 11.3125 -7.75
10.9375 12.1875 -8.25
10.5625 13.125 -8.625
10.1875 14.0625 -9
9.8125 14.9375 -9.4375
9.1875 16.6875 -10.375
8.8125 17.5 -10.875
8.5 18.25 -11.375
8.1875 18.875 -12
7.875 19.5625 -12.5625
7.5 20.25 -13
7.1875 20.9375 -13.375
6.9375 21.5625 -13.8125
6.625 22.125 -14.25
6.3125 22.625 -14.625
6.0625 23 -15
5.875 23.3125 -15.3125
5.6875 23.625 -15.5
5.4375 24.125 -15.5
5.375 24.3125 -15.625
5.5 24.5625 -15.75
5.625 24.8125 -15.6875
5.875 25.0625 -15.4375
6.0625 25.1875 -15.1875
6.375 25.1875 -15
6.625 25.125 -14.8125
6.9375 25.0625 -14.625
7.3125 25 -14.4375
7.75 25 -14.125
8.25 24.9375 -13.6875
8.75 24.875 -13.3125
9.3125 24.75 -13
9.875 24.5625 -12.625
10.4375 24.3125 -12.25
11.0625 24.125 -11.8125
11.75 23.9375 -11.25
12.375 23.8125 -10.4375
12.9375 23.6875 -9.5625
14.25 23.1875 -8.0625
14.9375 22.875 -7.5625
15.5625 22.5 -7
16.3125 22.125 -6.3125
17.0625 21.6875 -5.625
18.6875 20.75 -4.25
19.5 20.1875 -3.6875
20.375 19.6875 -3.25
21.25 19.1875 -2.9375
22.0625 18.8125 -2.625
22.875 18.4375 -2.25
23.5625 18.125 -1.9375
24.25 17.8125 -1.6875
24.9375 17.4375 -1.5
25.5 17.125 -1.1875
26.125 16.75 -0.8125
26.625 16.4375 -0.4375
27.5 15.75 0.0625
27.5 15.75 0.0625
28.125 15.125 0.1875
28.125 15.125 0.1875
28.625 14.8125 0.375
28.625 14.8125 0.375
29 14.8125 0.6875
29 14.8125 0.6875
29.1875 14.875 0.875
29.3125 14.875 1
29.5625 14.875 1
29.5625 14.875 1
29.5625 14.875 0.9375
29.625 14.875 0.875
29.6875 14.9375 0.6875
29.6875 14.9375 0.6875
29.6875 15 0.5625
29.6875 15 0.5625
29.625 15.0625 0.4375
29.5625 15.125 0.3125
29.375 15.25 0.1875
29.375 15.25 0.1875
29.1875 15.375 0
29.1875 15.375 0
29.1875 15.375 -0.125
29.125 15.375 -0.25
29.0625 15.375 -0.4375
29 15.3125 -0.625
28.9375 15.3125 -0.75
28.875 15.25 -0.875
28.8125 15.1875 -1
28.75 15.125 -1.1875
28.625 15.0625 -1.375
28.5625 15 -1.5
28.5 15 -1.625
28.4375 14.9375 -1.8125
28.375 14.9375 -1.9375
28.3125 14.875 -2.25
28.3125 14.8125 -2.375
28.3125 14.8125 -2.375
28.25 14.75 -2.5
28.25 14.6875 -2.6875
28.125 14.5625 -3
28.125 14.5625 -3
28.0625 14.5625 -3.125
28.0625 14.5 -3.25
27.9375 14.375 -3.5625
27.9375 14.375 -3.6875
27.9375 14.375 -3.6875
27.875 14.3125 -3.875
27.75 14.3125 -3.9375
