0 0 0
-6.6875 0.875 0.25
-4.625 1.6875 2.125
-6 1.1875 3
-7.1875 -0.5 1.625
-4.625 0.125 0.125
-7.3125 1.6875 -0.375
-8.5 3.625 0
-13.9375 3.375 -0.1875
-9.375 0.625 -0.1875
-7.1875 -0.5625 -0.625
-5.4375 0.5 1.4375
-5.8125 1.375 2.25
-8.9375 2.25 2.375
-7.625 1 1.0625
-7.75 -0.75 -0.4375
-6.25 -1.0625 0.3125
-3.5625 0.3125 2.1875
-5.4375 2.6875 3.6875
-9.75 4.5625 2.75
-7.6875 5.625 1.5
1.3125 5.875 0.75
7 7.1875 -0.5
-4.875 9.5625 -3.1875
-14.9375 11.125 -4.25
-15.75 10.5625 -3.625
-17.4375 9.5625 -1.9375
-21.4375 9.3125 -1.1875
-29.125 9.1875 -1.8125
-32.5625 9.0625 -1.875
-33.875 7.9375 -1.8125
-37.1875 6.3125 -1
-39.25 2.5 0
-37.25 -4.3125 0.625
-33.8125 -12.9375 1.375
-32.375 -22.5625 2.3125
-31.4375 -31.0625 4.25
-32.375 -38.375 6.625
-30 -43.9375 9.125
-26.5 -48.0625 10.5625
-20.4375 -52.625 12
-9.25 -57.125 14.125
0.1875 -60.3125 14.5
-3.0625 -62.5 14
-10.1875 -63.6875 14.625
-16.75 -64.9375 16.4375
-36 -66.375 19.1875
-36.125 -68.875 19.9375
-33.5 -71.3125 19.4375
-29.75 -71.5 18.125
-30.9375 -70.5 17
-32.1875 -68.9375 17.1875
-31.9375 -69.25 18.5
-19.4375 -77.125 21.25
-14.125 -80.0625 22.125
-11.4375 -81.625 23
-14.125 -79.1875 23.4375
-31.125 -74.0625 21.8125
-36.375 -69.4375 21.6875
-16.625 -65 18.625
-10.5 -62.8125 13
-12.0625 -59.75 8.125
-16.5625 -57.9375 5
-17 -58.125 4
-17.9375 -59.6875 4.75
-17.6875 -61.5 5.1875
-2.1875 -66.0625 0.375
11.9375 -63.75 -1.4375
7.3125 -55.5625 -5.1875
4.75 -44.5625 -8.4375
2.375 -32.125 -9.8125
6.1875 -20.6875 -10.4375
7.9375 -11.875 -14.875
0.9375 -4.25 -20.6875
0.5625 8.625 -22.9375
5.25 15.75 -23.0625
3.25 24.3125 -24.6875
14.1875 32.1875 -27.625
37.3125 38.375 -33.375
49 45.1875 -44.875
51.25 53.0625 -56.25
72.3125 67.625 -63.8125
68.9375 74.6875 -65.5
52.625 81.1875 -65.4375
43.625 85.375 -61.5
42.9375 86.5625 -59.0625
41.1875 89.0625 -59.25
27.3125 106.4375 -55.5
23.4375 114.625 -56.8125
13.6875 117.5625 -63.25
11.5625 113.5625 -69.75
25.0625 103.625 -74.125
25 95.3125 -74.8125
7.625 86.0625 -64.0625
6.25 85.5 -56.375
-0.625 87.6875 -53.875
-11.3125 89.25 -56.5625
-16.9375 87.625 -60.875
-17.8125 79.875 -64.5625
6.25 56.8125 -59.0625
3.375 45.1875 -56.625
-5.0625 37.25 -53.375
-11.9375 33.0625 -48.0625
-14.3125 28.3125 -42.9375
-7.5625 19.8125 -36.5
-13.9375 -3.9375 -24.625
-20.8125 -18.3125 -18.25
-23.0625 -34.5 -12.0625
-13.5 -49.75 -5.25
-4 -60.125 0.1875
-13 -65.25 3.5625
-20.375 -73 12.6875
-19.9375 -77.375 16.625
-21.4375 -81.75 18.5625
-29.125 -83.25 19
-44.375 -84.25 16.375
-44.5 -87.25 15.8125
-41.25 -89.625 18.9375
-40.875 -90.5 24
-39.25 -91 29.25
-42.875 -91.375 31.625
-42.4375 -95.75 31.375
-31.1875 -100.375 32.625
-27.375 -102 33.5625
-32.9375 -100.0625 32.5
-32.4375 -95.3125 30.75
-32.625 -91.1875 31.75
-39.25 -84.875 33
-43.875 -78.3125 33.375
-41.625 -75.875 32.125
-29.8125 -77.75 30.625
-25.625 -79.125 27.625
-28.0625 -74.8125 26.125
-26.1875 -68.5 27
-20.5625 -58.625 29.9375
-20.25 -48.625 27.4375
-21 -41.375 18.1875
-7.8125 -35.0625 12.4375
4.1875 -31.625 9.6875
5.8125 -27.25 8
-6.8125 -22.6875 2.5
-12.75 -21.375 -8.5625
-2.25 -20.8125 -19.8125
14 -16.25 -26.875
8.3125 3.9375 -27.4375
8.3125 3.9375 -27.4375
1.625 13 -26.875
3.1875 16.3125 -38.75
10.8125 14.75 -46.6875
18 16.25 -51.8125
14.1875 21.25 -53.9375
5.5625 27.375 -54.0625
5.25 32.0625 -55.3125
10.3125 35 -59.1875
11.625 36.5 -64.3125
27.1875 32.8125 -69.8125
49.9375 27.8125 -72.8125
58.625 26.3125 -73.4375
55.625 30.8125 -72.9375
28.3125 40.5625 -71.25
18.625 46.8125 -70.0625
30.375 48 -71.5625
36.25 51.4375 -83.8125
37.875 54.875 -87.6875
33.4375 58.5625 -88.875
23.1875 61.4375 -88.25
9.875 60.875 -88.3125
0.125 55.1875 -88.625
11.375 38.6875 -79.75
8.5625 35.0625 -75.875
1.125 36.4375 -71.125
-0.625 37.625 -67.625
10.9375 37.0625 -63.625
16.875 35.875 -61
20.9375 35.25 -56.625
20.75 35.8125 -49.875
12.6875 36.75 -42.75
-1.4375 36.125 -36.5
-6 29.8125 -31.625
-2.9375 19.6875 -27.5
7.5625 9.125 -23.75
11.125 1.0625 -22.375
12.5 -2.875 -20.4375
16.3125 -4.4375 -17.875
7.9375 -3 -16.1875
-0.75 -0.75 -13.125
-4.0625 0.8125 -8.4375
-8.5 1.8125 -4.625
-10.9375 0.9375 -2.625
-9.125 -1.3125 -2.125
-6.375 -3.6875 -1.125
-6.5 -4.125 0.9375
-10.25 -4.5625 3.1875
-10.5 -5.3125 6
-7.25 -6.5625 8.875
-4.125 -7.9375 10.5
-4.125 -7.5625 10.6875
-7.75 -6 8.9375
-10.9375 -4.25 7.125
-12.1875 -2.625 5.9375
-12.75 -0.5 6.625
-16.125 2.5 8.1875
-16.125 3.8125 8.5625
-12.0625 3.9375 8.5625
-9.1875 5.125 9.375
-12.625 6.125 9.125
-16.0625 6.25 8.8125
-14.9375 5 9.0625
-11.1875 3.8125 9.5625
-14 3.625 9.125
-15.4375 2.9375 7.5625
-13.375 3 6.75
-14.4375 3.6875 5.4375
-13.25 3.8125 4.6875
-10.3125 4.125 4.5
-11.8125 5.375 5.375
-17.25 6.5 6.4375
-16.125 5.1875 7.1875
-11.375 4.4375 7.9375
-13.0625 4.8125 7.3125
-13.6875 4.875 5.75
-11.75 4.875 5.3125
-13.75 4.75 5.25
-15 3.75 6.125
-12.6875 2.5 8.4375
-9.25 1.125 10.125
-4.8125 -0.0625 9.8125
