0 0 0
0 0 0
0 0 0
0 0 0
0 0 0
0.28 3.22 -1.45
0.21 3.74 -1.42
0.21 3.83 -1.26
0.14 3.78 -0.6
0.1 3.57 -0.34
0.16 3.97 -0.83
0.19 4.25 -1.23
0.2 4.05 -1.31
0.15 3.76 -1.07
0.17 3.17 -0.49
0.19 3.55 -0.74
0.21 4.34 -1.35
0.21 4.42 -2.06
0.17 3.78 -2.08
0.14 3.13 -1.77
0.16 3.09 -1.73
0.17 3.05 -1.97
0.25 3.14 -2.15
0.28 3.58 -1.59
0.36 4.12 -0.94
0.41 4.56 -0.49
0.52 4.43 -0.16
0.56 4.31 0.21
0.65 4.5 0.74
0.71 4.87 2.09
0.73 5.26 2.97
0.64 5.39 4.01
0.49 5.3 5.18
0.33 5.54 6.68
0.22 5.78 6.89
0.14 6.25 6.69
-0.02 6.47 5.81
-0.13 6.39 5.2
-0.2 6.07 4.71
-0.26 5.86 4.52
-0.39 5.52 3.68
-0.45 5.18 2.89
-0.48 5.04 2.21
-0.48 5.81 1.27
-0.47 6.06 1
-0.42 6.16 0.56
-0.47 5.85 0.57
-0.71 4.67 0.38
-0.75 4.37 -0.34
-0.62 4.64 -1.02
-0.69 5.1 -0.89
-0.84 5.35 -0.2
-1.01 5.4 0.37
-1.12 4.78 0.4
-1.08 4.78 -0.99
-0.69 4.47 -3.48
-0.65 4.11 -3.84
-0.64 4.35 -3.75
-0.72 4.04 -3.41
-0.78 1.82 -3.05
-0.69 1.64 -3.36
-0.65 2.52 -2.68
-0.77 3.14 -2.27
-0.89 3.32 -1.98
-1.1 3.16 -2
-1.26 1.72 -2.45
-1.27 1.46 -3.12
-0.93 1.23 -8.38
-0.88 1.53 -9.35
-0.91 1.92 -9.77
-0.99 1.91 -9.75
-1.25 0.42 -9.04
-1.37 0.58 -8.65
-1.41 1.5 -8.36
-1.4 2.4 -8.16
-1.27 1.54 -8.43
-1.34 0.77 -8.03
-1.57 -1.7 -7.6
-1.62 -2.7 -7.92
-1.66 -2.21 -8.11
-1.78 -0.68 -8.04
-2.01 2.2 -7.79
-1.97 3.96 -7.34
-2.17 5.52 -5.54
-2.17 5.05 -5.04
-1.96 4.66 -5.38
-1.57 4.95 -6.24
-1.49 5.12 -6.36
-1.58 2.39 -3.52
-2.09 2.57 1.09
-1.94 3.82 2.18
-1.78 5.57 2.08
-1.65 7.37 1.72
-1.42 9.21 0.87
-1.01 7.88 -0.2
-1.07 5.4 1.4
-1.16 5.26 3.27
-1.24 5.52 5.53
-1.19 6.23 7.53
-0.88 9.72 7.99
-0.5 9.57 7.95
-0.29 10.71 7.07
-0.46 10.99 8.13
-0.6 11.4 9.61
-0.79 11.63 10.83
-1.1 11.99 12.45
-1.55 11.8 13.02
-1.68 11.23 10.73
-1.68 10.52 8.53
-1.73 10.13 6.61
-1.75 10.22 5.47
-2.13 9.17 4.27
-2.23 8.55 3.74
-2.16 7.15 1.82
-2.18 6.64 1.72
-2.13 7.26 1.71
-2.16 8.17 1.26
-2.09 8.92 0.52
-2.13 8.63 0.19
-2.27 7.69 0.12
-2.51 6.34 1.03
-2.61 6.36 0.16
-2.66 6.03 -1.18
-2.6 5.66 -2.47
-2.6 5.34 -3.68
-2.62 5.82 -4.16
-2.66 6.14 -6.15
-2.66 6.14 -6.15
-2.9 4.66 -5.01
-3.02 4.26 -4.1
-2.84 3.7 -5.64
-2.67 4.54 -7.45
-2.5 4.83 -8.17
-2.12 4.14 -9.58
-2.1 1.5 -8.76
-2.07 0.06 -8.38
-1.94 0.82 -8.08
-1.94 0.82 -8.08
-1.71 2.17 -6.98
-1.75 0.93 -6.87
-1.73 -1.9 -6.36
-1.63 -1.48 -7.11
-1.41 0 -8.39
-1.15 1.72 -9.45
-0.89 3.37 -8.9
-1.01 2.53 -7.51
-1.26 1.26 -5.77
-1.76 -0.34 -3.57
-1.99 1.6 -4.7
-2.08 2.87 -5.45
-2.5 3.82 -5.2
-2.5 3.82 -5.2
-2.98 2.64 -3.68
-3.56 1.98 -1.38
-3.63 2.39 -0.43
-3.57 3.47 -0.88
-3.57 3.47 -0.88
-2.72 6.17 -5.03
-2.69 6.12 -4.88
-2.74 5.42 -3.43
-2.88 2.75 -1.69
-2.81 2.42 -1.68
-2.73 3.1 -1.96
-2.59 5.77 -1.16
-2.6 6.08 -0.21
-2.6 6.19 1.24
-2.68 7.08 4.23
-2.57 8.28 4.49
-2.35 8.62 3.77
-2.19 8.62 2.69
-1.86 8.73 1.34
-1.92 8.87 1.45
-1.96 9.28 1.22
-1.97 10.26 0.78
-1.89 10.79 0.63
-1.77 11.24 0.58
-2.05 10.51 2.78
-2.17 9.98 4.11
-2.2 9.64 4.94
-2.17 8.7 3.95
-2.17 8.48 2.64
-2.2 8.69 1.35
-2.12 8.74 0.2
-2.21 8.78 -1.38
-2.21 9.11 -1.49
-2.25 9.24 -1.4
-2.5 8.09 -0.87
-2.5 7.48 -0.51
-2.52 7.11 -0.29
-2.41 7.18 -0.38
-2.26 7.45 -0.95
-2.26 7.45 -0.92
-2.31 7.41 -0.77
-2.38 6.68 -1.08
-2.38 6.35 -1.52
-2.36 5.74 -2.12
-2.36 5.26 -2.64
-2.3 5.24 -2.92
-2.31 5.57 -2.95
-2.29 6.17 -3.07
-2.41 6.01 -2.78
-2.49 5.7 -2.32
-2.55 5.81 -2.2
-2.55 5.96 -2.31
-2.64 5.71 -1.93
-2.72 5.84 -1.59
-2.72 5.83 -1.24
-2.68 5.79 -1.63
-2.67 5.41 -1.5
-2.68 5.36 -1.4
-2.64 5.52 -1.65
-2.58 5.49 -1.69
-2.55 5.67 -1.65
-2.48 6.07 -1.7
-2.48 6.52 -1.83
-2.49 6.35 -1.42
-2.48 6.23 -1.13
-2.45 6.18 -1.27
-2.43 5.42 -1.61
-2.37 5.64 -1.53
-2.38 5.91 -1.44
-2.44 6.37 -0.93
-2.44 6.72 -0.71
-2.41 6.8 -0.59
-2.39 6.48 -0.6
-2.37 5.28 -1.13
-2.34 5.04 -1.31
