0 0 0 0
0 0 0 0
0 0 0 0
0 0 0 0
0 0 0 0
1 -0.003967285 0.00036621094 0.00091552734
1 -0.0045776367 0.00048828125 0.00091552734
1 -0.00592041 0.0010375977 0.00091552734
1 -0.007080078 0.0013427734 0.00091552734
0.99993896 -0.008972168 0.0015869141 0.00091552734
0.99993896 -0.0095825195 0.0015869141 0.0008544922
0.99993896 -0.010620117 0.0015869141 0.0009765625
0.99993896 -0.011108398 0.0017089844 0.001159668
0.99993896 -0.012573242 0.0021362305 0.0015869141
0.99993896 -0.013244629 0.0021972656 0.0016479492
0.9998779 -0.0138549805 0.0021362305 0.0016479492
0.9998779 -0.015014648 0.001953125 0.0015869141
0.9998779 -0.015319824 0.001953125 0.0017700195
0.9998779 -0.015808105 0.0021362305 0.0020751953
0.9998779 -0.016662598 0.0025634766 0.002319336
0.9998169 -0.01727295 0.0030517578 0.0024414062
0.9998169 -0.017150879 0.003540039 0.0025024414
0.9998779 -0.016601562 0.0041503906 0.0025024414
0.9998169 -0.017028809 0.0049438477 0.0021972656
0.9998169 -0.018249512 0.005859375 0.0018310547
0.99975586 -0.019592285 0.0067749023 0.0015258789
0.99975586 -0.021057129 0.0075683594 0.0013427734
0.9996948 -0.022888184 0.008361816 0.0012207031
0.9996338 -0.02532959 0.009155273 0.0010986328
0.99957275 -0.028137207 0.009887695 0.00091552734
0.9994507 -0.03100586 0.010559082 0.00079345703
0.9993286 -0.034118652 0.011108398 0.0007324219
0.99920654 -0.03741455 0.011291504 0.0007324219
0.9991455 -0.04058838 0.010925293 0.0008544922
0.99902344 -0.04345703 0.00982666 0.0010375977
0.99890137 -0.046142578 0.00793457 0.0013427734
0.9987793 -0.048828125 0.0053100586 0.0018310547
0.9986572 -0.051513672 0.0021362305 0.0026245117
0.99853516 -0.05407715 -0.0015869141 0.003540039
0.9984131 -0.056274414 -0.0056152344 0.004699707
0.99823 -0.0579834 -0.0099487305 0.00592041
0.9981079 -0.058776855 -0.014709473 0.007385254
0.9980469 -0.05871582 -0.01977539 0.008911133
0.99786377 -0.05895996 -0.024963379 0.010375977
0.99768066 -0.059814453 -0.030273438 0.0119018555
0.9973755 -0.06121826 -0.03564453 0.01361084
0.99658203 -0.06640625 -0.04663086 0.01727295
0.9960327 -0.06945801 -0.052368164 0.019165039
0.9954834 -0.07220459 -0.058288574 0.021118164
0.99487305 -0.07470703 -0.064208984 0.022888184
0.9942627 -0.07727051 -0.070129395 0.024597168
0.9935913 -0.07989502 -0.0758667 0.026306152
0.9928589 -0.08258057 -0.081604004 0.028137207
0.991333 -0.086242676 -0.09399414 0.032409668
0.9904785 -0.08734131 -0.10058594 0.034729004
0.989624 -0.088256836 -0.10723877 0.037109375
0.9887085 -0.089416504 -0.11376953 0.03955078
0.9876709 -0.09197998 -0.11987305 0.041625977
0.98657227 -0.0949707 -0.12561035 0.043640137
0.9845581 -0.09881592 -0.13641357 0.047546387
0.9837036 -0.09954834 -0.14160156 0.049072266
0.9828491 -0.10040283 -0.14654541 0.050109863
0.9819336 -0.101623535 -0.15136719 0.05078125
0.98101807 -0.10284424 -0.15625 0.0513916
0.9800415 -0.10412598 -0.16119385 0.05206299
0.9790039 -0.105407715 -0.1663208 0.05279541
0.9769287 -0.10638428 -0.17706299 0.053955078
0.9760742 -0.10510254 -0.18231201 0.054626465
0.97528076 -0.10412598 -0.18688965 0.05480957
0.9746704 -0.103393555 -0.1906128 0.05456543
0.97424316 -0.10290527 -0.19335938 0.05407715
0.973999 -0.10211182 -0.1951294 0.053466797
0.973938 -0.10070801 -0.19671631 0.050842285
0.97406006 -0.10064697 -0.19671631 0.048828125
0.9743042 -0.10028076 -0.19622803 0.046875
0.9746704 -0.09954834 -0.19506836 0.044921875
0.9752197 -0.09893799 -0.19329834 0.04272461
0.97595215 -0.09741211 -0.1907959 0.040405273
0.97698975 -0.093933105 -0.18780518 0.037963867
0.97821045 -0.08935547 -0.18426514 0.03466797
0.98101807 -0.07867432 -0.175354 0.025756836
0.982605 -0.071899414 -0.16998291 0.021057129
0.98413086 -0.06536865 -0.1640625 0.016174316
0.9855957 -0.060180664 -0.15759277 0.011047363
0.9869995 -0.055786133 -0.15075684 0.0060424805
0.98828125 -0.051513672 -0.14379883 0.0012817383
0.9906616 -0.043884277 -0.12878418 -0.008422852
0.9918213 -0.040893555 -0.12005615 -0.013183594
0.99298096 -0.038208008 -0.11065674 -0.018127441
0.9939575 -0.036315918 -0.10101318 -0.02368164
0.994751 -0.034484863 -0.09173584 -0.029785156
0.9953613 -0.031555176 -0.08331299 -0.036132812
0.9958496 -0.028625488 -0.07556152 -0.04248047
0.9963379 -0.02545166 -0.061157227 -0.05407715
0.996521 -0.024230957 -0.054138184 -0.059020996
0.99658203 -0.023620605 -0.046813965 -0.0637207
0.99658203 -0.023864746 -0.039367676 -0.068725586
0.99645996 -0.024597168 -0.031982422 -0.074035645
0.9958496 -0.025390625 -0.01977539 -0.08538818
0.9954834 -0.024353027 -0.015197754 -0.0904541
0.9951172 -0.023620605 -0.0115356445 -0.09527588
0.99468994 -0.02368164 -0.008422852 -0.099853516
0.9942627 -0.024414062 -0.0056762695 -0.104003906
0.99383545 -0.02532959 -0.0032348633 -0.107666016
0.9935303 -0.025756836 -0.0015869141 -0.11077881
0.9929199 -0.027404785 -0.001159668 -0.11541748
0.9927368 -0.029296875 -0.0025024414 -0.116882324
0.9924927 -0.03161621 -0.0051879883 -0.11779785
0.9923706 -0.033203125 -0.009277344 -0.11816406
0.9923096 -0.034179688 -0.014282227 -0.11798096
0.99212646 -0.038391113 -0.02508545 -0.11669922
0.9920044 -0.04083252 -0.03100586 -0.11541748
0.9918823 -0.04333496 -0.037231445 -0.11376953
0.9916992 -0.045959473 -0.043762207 -0.11199951
0.99139404 -0.04925537 -0.05041504 -0.11016846
0.9909668 -0.053833008 -0.057006836 -0.10864258
0.9904785 -0.058410645 -0.06384277 -0.1071167
0.9899292 -0.062805176 -0.07086182 -0.10534668
0.98931885 -0.06713867 -0.077941895 -0.10308838
0.9887085 -0.07141113 -0.08502197 -0.10040283
0.9880371 -0.07598877 -0.09210205 -0.097473145
0.98724365 -0.080566406 -0.09954834 -0.09460449
0.98638916 -0.084228516 -0.107421875 -0.091430664
0.98553467 -0.087646484 -0.115478516 -0.088134766
0.9844971 -0.091430664 -0.123291016 -0.08502197
0.98217773 -0.099365234 -0.13830566 -0.07910156
0.98101807 -0.10308838 -0.14538574 -0.07611084
0.9798584 -0.10723877 -0.1519165 -0.07312012
0.9786377 -0.111816406 -0.15777588 -0.07019043
0.97735596 -0.1161499 -0.16351318 -0.06738281
0.97613525 -0.1194458 -0.1694336 -0.064453125
0.9748535 -0.12237549 -0.17553711 -0.061767578
0.9735718 -0.12548828 -0.18127441 -0.059265137
0.9723511 -0.12841797 -0.18652344 -0.05670166
0.9713745 -0.13085938 -0.19091797 -0.053955078
0.970459 -0.13317871 -0.19451904 -0.051452637
0.9696045 -0.13537598 -0.1975708 -0.049865723
0.96899414 -0.13635254 -0.20031738 -0.04852295
0.96850586 -0.1362915 -0.20275879 -0.047302246
0.96813965 -0.1361084 -0.20495605 -0.04626465
0.9677124 -0.13677979 -0.20672607 -0.045898438
0.9671631 -0.13775635 -0.20855713 -0.046569824
0.9666748 -0.13769531 -0.21044922 -0.047973633
0.9663696 -0.13421631 -0.21313477 -0.051696777
0.96643066 -0.1329956 -0.21313477 -0.053833008
0.96655273 -0.13232422 -0.21240234 -0.056152344
0.96673584 -0.1315918 -0.21136475 -0.058776855
0.9668579 -0.1305542 -0.21044922 -0.062072754
0.96698 -0.12878418 -0.20983887 -0.06585693
0.9671631 -0.12628174 -0.20916748 -0.06994629
0.9673462 -0.12402344 -0.20806885 -0.07434082
0.9675293 -0.12243652 -0.2064209 -0.07891846
0.96777344 -0.12084961 -0.20440674 -0.0836792
0.9680786 -0.11871338 -0.20220947 -0.08874512
0.96832275 -0.11639404 -0.19995117 -0.094177246
0.9685669 -0.11273193 -0.19818115 -0.099731445
0.96881104 -0.107177734 -0.19702148 -0.10510254
0.9691162 -0.10089111 -0.19604492 -0.11035156
0.9694214 -0.09484863 -0.19464111 -0.11566162
0.96954346 -0.09094238 -0.1921997 -0.121398926
0.96972656 -0.08782959 -0.18908691 -0.12719727
0.96990967 -0.0836792 -0.18597412 -0.13287354
0.97003174 -0.07409668 -0.1796875 -0.14581299
0.9699707 -0.06896973 -0.1762085 -0.15270996
0.96984863 -0.06414795 -0.17236328 -0.15985107
0.9696655 -0.06011963 -0.16809082 -0.16705322
0.9692993 -0.05718994 -0.16369629 -0.17449951
0.96795654 -0.05316162 -0.15625 -0.18914795
0.9672241 -0.05053711 -0.15362549 -0.19573975
0.96643066 -0.04827881 -0.15118408 -0.20196533
0.96569824 -0.046691895 -0.14855957 -0.20788574
0.9649658 -0.04522705 -0.14569092 -0.21356201
0.96429443 -0.04284668 -0.14312744 -0.21875
0.96362305 -0.040100098 -0.14074707 -0.22363281
0.9630127 -0.03704834 -0.13842773 -0.22808838
0.9625244 -0.034057617 -0.1361084 -0.23205566
0.9621582 -0.03186035 -0.13348389 -0.23547363
0.961792 -0.030822754 -0.13061523 -0.23852539
0.9614868 -0.030334473 -0.12817383 -0.24127197
0.9611206 -0.029907227 -0.12652588 -0.24359131
0.9607544 -0.028869629 -0.1260376 -0.24542236
0.96032715 -0.027648926 -0.1262207 -0.24713135
0.9598999 -0.026489258 -0.12677002 -0.24865723
0.95947266 -0.02508545 -0.12750244 -0.24993896
0.9591675 -0.024353027 -0.12799072 -0.25115967
0.9588623 -0.024230957 -0.12805176 -0.2522583
0.9586792 -0.024475098 -0.12792969 -0.25299072
0.9585571 -0.02508545 -0.12756348 -0.25341797
0.9584961 -0.025939941 -0.1272583 -0.25378418
0.95843506 -0.026672363 -0.12719727 -0.25402832
0.958374 -0.02722168 -0.12738037 -0.25421143
0.958313 -0.027893066 -0.12756348 -0.2541504
0.958313 -0.028869629 -0.12768555 -0.25402832
0.958374 -0.029907227 -0.12786865 -0.25360107
0.95843506 -0.030700684 -0.12823486 -0.25299072
0.9585571 -0.031311035 -0.12878418 -0.25213623
0.9586792 -0.031921387 -0.12927246 -0.25128174
0.95880127 -0.03277588 -0.12957764 -0.25061035
0.9588623 -0.03387451 -0.12963867 -0.2501831
0.95892334 -0.034973145 -0.12957764 -0.2498169
0.9590454 -0.036071777 -0.1293335 -0.24938965
0.9591675 -0.03741455 -0.12872314 -0.24890137
0.9593506 -0.038757324 -0.12805176 -0.24841309
0.9595337 -0.039733887 -0.1274414 -0.24786377
0.95977783 -0.04046631 -0.12683105 -0.24725342
0.95996094 -0.04144287 -0.1260376 -0.24664307
0.9602051 -0.04272461 -0.12512207 -0.24609375
0.9603882 -0.043945312 -0.12438965 -0.24554443
0.9605713 -0.04486084 -0.12384033 -0.24493408
0.9607544 -0.046020508 -0.123168945 -0.24432373
0.96087646 -0.047302246 -0.12261963 -0.24389648
0.96099854 -0.04840088 -0.12207031 -0.24346924
0.9610596 -0.049560547 -0.121398926 -0.2432251
0.9611206 -0.050598145 -0.12084961 -0.24298096
0.9612427 -0.0513916 -0.12023926 -0.24273682
0.96136475 -0.05230713 -0.11956787 -0.24243164
0.9614868 -0.053649902 -0.118652344 -0.24212646
0.9616089 -0.05493164 -0.11785889 -0.24169922
0.96173096 -0.055847168 -0.1171875 -0.24121094
0.96191406 -0.056884766 -0.11651611 -0.24078369
0.9619751 -0.057922363 -0.11578369 -0.24041748
0.96209717 -0.05883789 -0.115112305 -0.24017334
0.9621582 -0.059936523 -0.11444092 -0.23986816
0.9622803 -0.061157227 -0.11383057 -0.23956299
0.96240234 -0.062194824 -0.11328125 -0.23901367
0.9625244 -0.06304932 -0.112976074 -0.23828125
0.9627075 -0.0635376 -0.11279297 -0.2374878
