0 0 0
0 0 0
0 0 0
0 0 0
0 0 0
0 -0.0625 -0.4375
0 -0.0625 -0.5
0 -0.0625 -0.5625
0 -0.0625 -0.625
0 -0.125 -0.6875
359.9375 -0.125 -0.75
359.9375 -0.125 -0.875
359.9375 -0.1875 -0.9375
359.9375 -0.1875 -1
359.9375 -0.1875 -1.0625
359.9375 -0.1875 -1.125
359.9375 -0.1875 -1.3125
359.9375 -0.125 -1.3125
359.9375 -0.0625 -1.1875
359.9375 0.0625 -1.125
359.9375 0.25 -0.9375
359.9375 0.4375 -0.8125
359.9375 0.5625 -0.6875
359.9375 0.75 -0.625
359.9375 0.8125 -0.625
359.875 0.875 -0.6875
359.875 0.9375 -0.75
359.8125 1 -0.75
359.8125 1.0625 -0.8125
359.875 1.125 -0.875
359.875 1.125 -0.9375
359.9375 1.125 -1.0625
359.9375 1.0625 -1.1875
0 1.0625 -1.25
0 1 -1.25
0.0625 0.9375 -1.25
0.125 0.875 -1.3125
0.1875 0.6875 -1.4375
0.3125 0.5 -1.5625
0.4375 0.3125 -1.6875
0.5625 0.125 -1.8125
0.6875 -0.0625 -1.9375
0.875 -0.25 -2.125
1 -0.5 -2.3125
1.25 -0.75 -2.6875
1.4375 -1 -3.3125
1.6875 -1.25 -4.0625
1.8125 -1.4375 -5
1.9375 -1.3125 -6.6875
1.9375 -1.3125 -6.6875
2 -0.5625 -7.8125
2 -0.5625 -7.8125
2 0 -8.3125
2 0.6875 -8.75
1.9375 2.5 -9.4375
1.9375 2.5 -9.4375
1.9375 3.5625 -9.75
1.8125 4.6875 -10.0625
1.6875 5.875 -10.375
1.25 8.25 -11.1875
1.0625 9.4375 -11.75
1.0625 9.4375 -11.75
0.875 10.625 -12.375
0.6875 11.8125 -13
0.25 14.375 -14.125
0.25 14.375 -14.125
359.6875 16.9375 -15.375
359.3125 18.25 -16
359 19.5625 -16.625
358.625 20.875 -17.3125
358.25 22.25 -17.8125
357.8125 23.5625 -18.0625
357.4375 24.8125 -18.125
357.4375 24.8125 -18.125
357.0625 26 -18.25
356.875 27.0625 -18.4375
356.5625 28.9375 -18.8125
356.5625 28.9375 -18.8125
356.5 29.75 -19
356.4375 30.4375 -19.25
356.375 31.8125 -19.6875
356.375 32.375 -19.75
356.375 32.375 -19.75
356.4375 32.9375 -19.6875
356.5 33.375 -19.4375
356.8125 33.9375 -18.9375
356.8125 33.9375 -18.9375
357.125 34 -18.75
357.5 33.9375 -18.5
357.9375 33.8125 -18.25
358.4375 33.5625 -17.9375
359.0625 33.25 -17.5625
359.8125 32.8125 -17.125
0.8125 32.375 -16.625
1.8125 31.9375 -15.9375
3.6875 30.75 -14.125
3.6875 30.75 -14.125
4.5 30.0625 -13.125
5.9375 28.375 -11.3125
6.5625 27.4375 -10.375
7.25 26.4375 -9.5625
7.9375 25.375 -8.9375
8.625 24.25 -8.5625
9.375 23.0625 -8.25
10.125 22 -7.8125
10.125 22 -7.8125
10.9375 20.9375 -7.1875
11.75 19.875 -6.5625
12.6875 18.8125 -6.0625
13.625 17.6875 -5.625
14.5 16.5625 -5.25
16.1875 14.3125 -4.75
16.9375 13.3125 -4.625
17.75 12.375 -4.6875
18.5625 11.5625 -4.625
19.25 10.875 -4.375
19.875 10.25 -4.25
20.5 9.625 -4.125
21 9.1875 -4.25
21.875 8.5625 -4.625
22.125 8.5 -4.625
22.25 8.5625 -4.5625
22.25 8.875 -4.6875
22.25 9.3125 -4.9375
22.125 9.875 -5.3125
21.9375 10.625 -5.625
21.75 11.4375 -5.875
21.125 13.375 -6.1875
20.75 14.5 -6.25
20.4375 15.6875 -6.375
20.0625 16.875 -6.5625
19.6875 18.1875 -6.9375
19.3125 19.4375 -7.4375
18.5625 22.0625 -9.125
18.25 23.3125 -10.25
18 24.625 -11.5625
17.75 25.9375 -12.9375
17.5 27.1875 -14.125
17 28.5 -14.875
16.5 29.8125 -15.375
16.125 31.125 -15.8125
15.5625 33.5 -16.875
15.375 34.5625 -17.5625
15.25 35.5625 -18.4375
15.1875 36.5625 -19.5
15 37.5625 -20.4375
14.6875 38.5 -21.3125
14.0625 40.1875 -23
14 40.875 -23.9375
13.875 41.5625 -24.8125
13.6875 42.25 -25.375
13.4375 42.8125 -25.75
13.0625 43.8125 -26
13 44.1875 -25.9375
13.0625 44.5 -25.6875
13.25 44.6875 -25.4375
13.5 44.875 -25.0625
13.875 44.875 -24.5625
14.3125 44.875 -24.0625
14.9375 44.875 -23.4375
15.625 44.8125 -22.6875
16.3125 44.625 -21.8125
17.125 44.4375 -21
18.5625 43.75 -18.9375
18.5625 43.75 -18.9375
19.1875 43.3125 -17.625
20.5 42.375 -14.8125
21.125 41.8125 -13.5
21.75 41.1875 -12.4375
22.25 40.4375 -11.4375
22.25 40.4375 -11.4375
23.1875 38.75 -9.9375
23.1875 38.75 -9.9375
23.8125 37.8125 -9.3125
25.0625 35.8125 -7.9375
25.875 34.625 -7.3125
26.75 33.5 -6.625
27.5625 32.375 -5.8125
28.375 31.375 -5
29.1875 30.5 -4.1875
30 29.75 -3.5625
30.8125 29 -3.0625
32.25 27.5 -2.8125
32.9375 26.75 -2.75
33.5 26 -2.625
34.0625 25.3125 -2.4375
35.0625 24.25 -1.625
35.5 23.875 -1.125
35.875 23.4375 -0.8125
36.25 23.0625 -0.6875
36.4375 22.75 -0.625
36.5625 22.5 -0.5
36.5 22.375 -0.125
36.4375 22.4375 0
36.375 22.4375 0.125
36.3125 22.4375 0.125
36.1875 22.3125 0
36.125 22.1875 -0.125
36.0625 22.125 -0.25
36.0625 22.125 -0.25
35.8125 22.0625 -0.5
35.8125 22.0625 -0.5
35.6875 22.0625 -0.625
35.5 22.125 -0.9375
35.375 22.125 -1.0625
35.375 22.125 -1.0625
35.25 22.1875 -1.1875
35.0625 22.25 -1.375
35 22.3125 -1.4375
34.875 22.375 -1.625
34.8125 22.4375 -1.6875
34.8125 22.4375 -1.6875
34.6875 22.5625 -1.75
34.5625 22.5625 -1.875
34.4375 22.625 -2.0625
34.375 22.625 -2.1875
34.3125 22.625 -2.3125
34.3125 22.625 -2.4375
34.3125 22.5625 -2.625
34.3125 22.5625 -2.6875
34.375 22.5625 -2.875
34.4375 22.5625 -2.875
34.4375 22.625 -2.9375
34.4375 22.625 -2.9375
34.5 22.6875 -3.125
34.5625 22.6875 -3.1875
34.5625 22.6875 -3.25
34.5625 22.6875 -3.25
34.625 22.6875 -3.4375
34.6875 22.625 -3.5625
34.75 22.625 -3.75
34.8125 22.5625 -3.875
34.875 22.5625 -3.9375
34.9375 22.5 -4.125
35 22.5 -4.25
35 22.5 -4.25
35.1875 22.4375 -4.5625
35.1875 22.4375 -4.5625
35.375 22.4375 -4.75
35.375 22.4375 -4.75
35.5 22.4375 -4.875
35.5 22.4375 -4.875
35.625 22.4375 -5
