0 0 0
-8.3125 0.125 0.1875
-9.5625 1.0625 -0.25
-10.4375 1.375 -0.5625
-9.4375 1.375 -1.625
-11.9375 1.6875 -2.5
-12.5 2.75 -2.9375
-15.0625 3.5 -4.0625
-16.0625 4.25 -4.4375
-16.5625 4.1875 -3.875
-14.3125 3.125 -2.4375
-6.25 0 0.0625
-7.375 -0.5625 0.75
-6.9375 -1 1.6875
-7 -1.4375 2.0625
-8.375 -1.875 1.375
-4.5625 -1.8125 1.75
-3.9375 -1.5625 1.25
-7.125 -1.25 0.3125
-6.9375 -0.8125 0.625
-6.3125 -0.6875 1.3125
-8.75 -0.375 1.25
-8.5625 0.0625 0.9375
-10.0625 -0.5625 0.5
-10.0625 -1.375 0.4375
-9.125 -2.8125 0.5625
-8.75 -3.75 1.5
-12.125 -4.5 1.25
-13.5 -4.6875 0.75
-18.625 -5.375 -0.1875
-25 -7.9375 -1
-44.6875 -11.1875 -3.4375
-56 -17.375 -4.25
-42.375 -26.9375 -4.3125
-21.8125 -35.9375 -5.75
-13.1875 -41.0625 -10.3125
-1.875 -42.1875 -18.875
-6.6875 -40.1875 -26.6875
-6.625 -40.125 -35.1875
-4.6875 -39 -41.8125
-0.4375 -37.25 -45.0625
6.6875 -32.4375 -44.1875
6.125 -26.9375 -46.1875
3.75 -20.375 -49.3125
-3.6875 -13.4375 -54.375
0 -8.3125 -60
9.25 2.9375 -69.0625
12.375 10.3125 -71.75
9.5 18.4375 -73.8125
8.5625 26.625 -74.9375
13.75 37 -74.125
5.375 50.1875 -75.6875
-19.3125 75.8125 -88.4375
-11.0625 81.8125 -87.6875
2 85.5625 -73.25
15.5625 83.25 -60.3125
30.0625 80.3125 -49.25
30.375 79.75 -44.0625
24.6875 82.1875 -40.8125
21.1875 84 -39.125
28.0625 84.4375 -35.3125
44.375 85.625 -26.8125
46.5625 90.9375 -19.6875
17.6875 101.5 -13.6875
3.9375 109.8125 -5.0625
6.0625 113.25 3.9375
9.3125 112.3125 11.1875
14.75 109.5 18.875
19.875 104.4375 23.6875
30.25 100.5 30.75
21.9375 101.375 36.25
5.6875 104.9375 41.6875
10.8125 104.5625 46.125
16.125 102.5 47.875
18.375 101.1875 50.125
34.75 95.0625 54.0625
44.3125 88.75 54.6875
13.0625 102.3125 61.3125
-6.0625 114.375 70.3125
-15.5625 119.625 81.5
-23 116.375 92.5625
-20.5 103.9375 100.0625
-5.625 84.3125 105.5
4 71.875 113.5625
-12.1875 64.6875 116.25
-23.75 58.5 119.1875
-29.5 50.3125 126.6875
-9.9375 39.625 140.25
-5.375 35.375 152.5625
-23.8125 36.1875 156.3125
-40.4375 33.3125 149.3125
-49.75 24.8125 140.8125
-38.125 12.0625 140.625
-21.625 0.625 146.8125
-26.6875 -4.75 152.1875
-39.5 -6 153.8125
-55.9375 -4.8125 148.6875
-72.5 -6.6875 134.6875
-72.875 -15.5 119.4375
-71.125 -24.875 110.625
-66.625 -33.6875 111
-60.1875 -40.5 114.125
-59.6875 -43.3125 115.1875
-58.875 -42.125 114.4375
-56.1875 -40.6875 110.8125
-54.4375 -39.5625 103.5625
-52.75 -39.3125 93.375
-53.6875 -37.875 83.125
-56.9375 -38.8125 72.9375
-46.6875 -44.3125 65.375
-38.375 -50.625 61.375
-36.3125 -57.3125 59.125
-30.375 -63.5 59.6875
-26.125 -66.375 63.375
-24.9375 -66.0625 64.5625
-33.75 -61.9375 61.3125
-47.625 -56.1875 53.5625
-60.625 -52.625 41.4375
-55.125 -54.5625 31.125
-38.1875 -59.875 24.375
-32.625 -63.5625 18.75
-37.6875 -64.4375 12.75
-46.25 -61.625 8.0625
-59.25 -55.0625 2.5625
-67.1875 -50.125 -4.5625
-60 -51.0625 -12.5625
-49.375 -56.375 -20.125
-40.1875 -60.5 -24.75
-32.6875 -61.5 -26.5625
-31.5 -61.25 -29
-30.875 -64.0625 -30.9375
-22.6875 -69 -31.25
-22.0625 -71.75 -32.1875
-24.9375 -71.1875 -35.1875
-26.1875 -69.25 -38.75
-21.25 -68.9375 -43.125
-19.75 -68.125 -45.875
-19.8125 -65.4375 -46.9375
-31 -60.5625 -48.625
-41.75 -54.4375 -47.1875
-46.3125 -49.625 -44.9375
-46.5 -48.5625 -45.75
-41.375 -49.5625 -48.1875
-35.9375 -52.4375 -52.3125
-26.1875 -55.25 -56.5625
-22.75 -54.5 -59.125
-27.3125 -51.25 -60.5625
-30.5 -47.5625 -59
-30.9375 -45.75 -55.75
-25.125 -45 -51.9375
-20.875 -42.375 -48.5
-22.4375 -37.4375 -47.8125
-25.9375 -32.875 -50.1875
-27.625 -30 -53.125
-23.5625 -29.75 -55.1875
-15.5625 -31.8125 -57.4375
-4.9375 -33.3125 -58.5
-3.125 -33 -60.875
-1.125 -31.3125 -62.4375
5.0625 -27.125 -61.5
5.3125 -22.25 -63
0 -17.3125 -65.9375
-2.375 -13.8125 -67.625
-4.625 -11.625 -68.3125
-6.25 -8.4375 -67.9375
-11.5625 -4.625 -64.625
-11.125 -0.5625 -59.0625
-22 4.1875 -56.0625
-28.125 8 -52.9375
-25.125 9.6875 -50.5625
-20.75 8.4375 -50.375
-13.5 7.625 -49.75
-10.25 8.375 -48.75
-10.25 10.5 -47.75
-14.9375 11.4375 -46.1875
-19.1875 10.5625 -43.125
-17.5 7.6875 -38
-13.375 4.875 -32.8125
-10.3125 2.25 -27.125
-6.125 -0.125 -22.4375
-4.3125 -1.4375 -19.5625
-5.1875 -0.8125 -19.1875
-4.375 -0.75 -19.8125
-3.375 -1.5 -21.4375
-6.1875 -2.0625 -22.1875
-11.875 -1.0625 -19.8125
-16.5 0.3125 -16.1875
-17.125 0.375 -13.1875
-12.5 0.25 -10.5
-9.3125 0.6875 -9.5
-11.8125 1.5 -9.125
-11.125 1.75 -7.625
-6.5625 1.75 -5.3125
-7.1875 2.0625 -3.8125
-9.25 1.4375 -2.875
-7.25 1.125 -0.75
-7.75 1.3125 2.3125
-9.125 1.5 4.5
-3.5625 0.9375 4.875
-5.5 2.125 3.5625
-9.875 3.6875 2.625
-12.0625 5.3125 3.625
-11.25 6.5 5.0625
-12.75 7.6875 5.5625
