0 0 0
0 0 0
0 0 0
0 0 0
0 0 0
2.56 2.18 -1.51
2.59 2.19 -1.6
2.58 2.7 -1.12
2.54 2.95 -0.75
2.53 3.21 -0.46
2.51 3.22 -0.12
2.49 3.11 -0.3
2.54 3.05 -0.64
2.54 2.72 -0.72
2.54 2.49 -0.85
2.56 2.56 -0.92
2.59 2.82 -1.07
2.54 2.48 -1.34
2.58 2.76 -1.27
2.61 2.8 -1.23
2.58 2.7 -1.29
2.58 2.7 -1.25
-0.13 -0.15 -0.37
-0.11 -0.09 0.12
-0.14 0.01 0.3
-0.14 0.27 0.17
-0.18 0.09 0.04
-0.22 -0.2 0.07
-0.47 -0.45 0.73
-0.56 -0.52 1.28
-0.68 -0.7 1.86
-0.89 -0.87 3.85
-0.89 -1.47 4.39
-0.88 -2.23 3.99
-0.81 -3.16 2.89
-0.69 -3.75 0.61
-0.67 -3.9 -0.58
-1.03 -5.22 -1.3
-1.09 -4.38 -1.84
-1.18 -3.46 -2.4
-1.24 -2.17 -3.4
-1.41 -2.78 -4.69
-1.51 -3.02 -5.3
-1.61 -3.54 -5.54
-1.84 -3.99 -5.25
-1.88 -3.84 -5.49
-1.87 -3.35 -6.56
-1.78 -2.5 -7.37
-1.74 -2.1 -7.74
-1.65 -1.47 -8.4
-1.63 -1.79 -9.05
-1.9 -3.35 -9.51
-2.14 -3.1 -8.16
-2.3 -1.2 -6.38
-2.58 5.51 -1.38
-2.6 4.96 -1.24
-2.43 4.06 -2.09
-2.32 3.74 -2.82
-2.31 3.42 -2.93
-2.29 5.04 -2.45
-2.23 6.43 -3.03
-2.02 6.8 -4.34
-1.82 6.83 -5.49
-2.01 7.83 -4.02
-2.14 7.69 -2.4
-2.12 7.24 -0.72
-2.23 7.1 0.81
-2.04 6.69 1.25
-1.85 7.13 0.78
-1.45 7.13 -0.3
-1.38 6.48 -1.15
-1.22 5.53 -0.05
-1.07 5.04 0.26
-0.8 5.75 -0.05
-0.78 4.81 2.88
-0.17 4.95 2.11
0.02 7.27 -2.93
-0.19 8.96 -2.8
-0.38 9.62 -0.52
-0.63 9.52 2.6
-0.38 7.47 7.82
-0.45 6.23 10.48
-0.19 7.71 8.42
0.01 6.55 6.76
0.16 6.08 6.12
0.07 7.22 6.98
-0.07 8.47 7.64
-0.2 7.14 4.97
-0.42 3.9 4.22
-0.6 0.68 4.62
-0.66 -0.7 5.87
-0.9 2.67 7.95
-1.01 3.93 7.16
-1.11 3.98 5.35
-1.36 1.03 2.41
-1.47 -1.7 1.67
-1.53 -4.23 2.23
-1.63 -5.19 3.67
-1.36 -1.84 4.75
-1.33 0.59 4.58
-1.51 1.48 3.9
-1.45 0.57 1.31
-1.63 -0.16 0.3
-1.76 -1.25 -0.01
-1.78 -2.31 0
-1.94 -4.17 0.3
-1.95 -4.02 0.28
-2.01 -3.95 0.99
-2.13 -2.45 3.06
-2.21 -1.42 3.34
-2.34 -0.88 3.47
-2.42 -0.19 3.41
-2.38 0.91 1.48
-2.41 -0.14 0.16
-2.39 -1.49 -1.09
-2.31 -4.42 -1.78
-2.34 -5.35 -0.92
-2.42 -5.02 0.48
-2.41 -4.32 1.38
-2.22 -3.44 0.69
-2.08 -3.1 -0.18
-2.01 -2.71 -1.23
-1.62 -3.32 -2.27
-1.68 -3.69 -1.26
-1.89 -4.12 0.16
-1.97 -4.07 1.19
-1.93 -2.3 0.65
-1.9 -1.68 -0.26
-1.87 -1.52 -0.69
-1.89 -0.81 1.09
-1.93 -0.49 1.13
-1.93 -0.59 0.37
-1.9 -1.02 -0.64
-1.84 -1.66 -1.44
-1.8 -1.8 -1.43
-1.65 -1.22 -1.74
-1.33 -0.23 -2.98
-1.22 0.24 -3.37
-1.21 1.23 -3.46
-1.21 1.46 -3.05
-1.41 0 -1.06
-1.5 -0.46 -0.55
-1.63 -1.04 -0.1
-1.62 -0.54 -0.92
-1.58 0.05 -1.92
-1.52 0.89 -2.46
-1.51 1.85 -2.61
-1.38 2.89 -2.21
-1.34 3 -2.37
-1.17 2.8 -3.03
-1.1 1.2 -4.05
-1.15 0.57 -3.74
-1.2 0.42 -3.05
-1.21 0.47 -2.25
-1.3 0.5 -1.13
-1.26 0.63 -1.55
-1.28 0.38 -2.14
-1.2 1.3 -3.42
-1.19 1.38 -4.15
-1.14 0.78 -4.63
-1.14 0.64 -4.65
-1.12 1.36 -3.97
-1.04 1.91 -3.86
-0.87 2.61 -4.18
-0.71 4.42 -4.01
-0.64 4.57 -4.24
-0.53 4.04 -4.14
-0.45 3.93 -3.62
-0.32 3.1 -2.09
-0.31 2.79 -1.48
-0.25 2.92 -1.51
0 3.29 -2.13
0 3.48 -1.95
0.05 3.91 -1.38
0.01 4.46 -0.66
-0.08 5.22 0.4
-0.09 5.32 0.39
-0.09 5.46 0.24
-0.24 4.61 -0.05
-0.26 3.85 -0.54
-0.34 3.15 -0.98
-0.37 2.73 -1.07
-0.31 2.47 -0.92
-0.25 3.12 -1.13
-0.15 4.01 -1.39
-0.12 4.19 -1.08
-0.15 4 -0.86
-0.19 3.61 -0.82
-0.21 3.25 -1.01
-0.29 3.1 -0.98
-0.34 3.37 -0.74
-0.36 3.62 -0.75
-0.48 3.27 -0.63
-0.47 3.4 -0.51
-0.45 3.72 -0.66
-0.44 3.83 -0.86
-0.51 3.11 -0.78
-0.52 2.53 -0.92
-0.46 2.12 -1.32
-0.37 2.32 -1.83
-0.38 2.72 -1.81
-0.36 2.77 -1.78
-0.41 2.33 -1.59
-0.42 2.16 -1.54
