0 0 0 0
0 0 0 0
0 0 0 0
0 0 0 0
0 0 0 0
1 -0.0057373047 0.0005493164 -0.0004272461
1 -0.0068359375 0.00079345703 -0.0006713867
0.99993896 -0.008117676 0.0010986328 -0.0010375977
0.99993896 -0.009460449 0.0014648438 -0.0014038086
0.99993896 -0.010864258 0.0018310547 -0.0017700195
0.99993896 -0.012084961 0.0020751953 -0.001953125
0.9998779 -0.013305664 0.0021972656 -0.0020141602
0.9998779 -0.013916016 0.0021972656 -0.001953125
0.9998779 -0.014526367 0.0021362305 -0.0018310547
0.9998779 -0.015136719 0.0020141602 -0.0016479492
0.9998779 -0.016601562 0.0016479492 -0.0014648438
0.9998779 -0.016967773 0.0015258789 -0.0012817383
0.9998779 -0.017333984 0.0014038086 -0.001159668
0.9998169 -0.0178833 0.0012817383 -0.001159668
0.9998169 -0.018493652 0.0012207031 -0.0010986328
0.9998169 -0.019042969 0.001159668 -0.0010375977
0.9998169 -0.01977539 0.001159668 -0.00091552734
0.9819946 0.12561035 -0.14117432 -0.0036010742
0.98205566 0.12475586 -0.14117432 -0.0037231445
0.98217773 0.12390137 -0.14129639 -0.0038452148
0.98223877 0.123168945 -0.14154053 -0.003967285
0.9822998 0.12243652 -0.1418457 -0.0040283203
0.9824219 0.12054443 -0.14257812 -0.0040893555
0.9824829 0.119384766 -0.14300537 -0.004211426
0.982605 0.11785889 -0.14343262 -0.0045166016
0.98272705 0.11578369 -0.144104 -0.0049438477
0.9830322 0.11212158 -0.1449585 -0.00592041
0.9833374 0.10748291 -0.1463623 -0.0071411133
0.98339844 0.104003906 -0.14849854 -0.008239746
0.98309326 0.10223389 -0.15142822 -0.009338379
0.982666 0.101257324 -0.15472412 -0.010681152
0.9816284 0.10070801 -0.16156006 -0.014404297
0.9810791 0.10046387 -0.16461182 -0.017028809
0.9805298 0.1003418 -0.16766357 -0.020385742
0.97991943 0.10046387 -0.17053223 -0.024230957
0.97924805 0.10107422 -0.17321777 -0.028320312
0.9786377 0.10217285 -0.17553711 -0.032104492
0.97802734 0.10333252 -0.17736816 -0.036071777
0.97753906 0.10430908 -0.1786499 -0.040283203
0.97717285 0.10473633 -0.17926025 -0.04498291
0.9764404 0.10699463 -0.17913818 -0.05529785
0.9760742 0.10876465 -0.17828369 -0.06085205
0.975708 0.110961914 -0.17687988 -0.066467285
0.97546387 0.11291504 -0.17468262 -0.07220459
0.97528076 0.1149292 -0.17181396 -0.07800293
0.9751587 0.117370605 -0.16815186 -0.08355713
0.975647 0.11993408 -0.15704346 -0.095458984
0.9760742 0.12011719 -0.14971924 -0.10223389
0.9763794 0.121032715 -0.14196777 -0.10876465
0.97680664 0.124572754 -0.12634277 -0.11975098
0.9768677 0.12738037 -0.11895752 -0.12371826
0.97680664 0.13116455 -0.11212158 -0.12658691
0.9767456 0.13494873 -0.105407715 -0.12908936
0.9767456 0.13824463 -0.09838867 -0.13128662
0.9766846 0.14123535 -0.09124756 -0.13336182
0.9765625 0.14477539 -0.08416748 -0.13500977
0.97631836 0.14959717 -0.07727051 -0.13586426
0.9760742 0.15460205 -0.07006836 -0.13604736
0.9761963 0.1572876 -0.061706543 -0.13574219
0.97662354 0.15893555 -0.052612305 -0.13470459
0.9770508 0.16070557 -0.043395996 -0.1328125
0.977417 0.16265869 -0.034423828 -0.13031006
0.97772217 0.16503906 -0.025756836 -0.12719727
0.9779053 0.16772461 -0.017700195 -0.12371826
0.9779053 0.17126465 -0.010131836 -0.11968994
0.9779663 0.17407227 -0.0025024414 -0.115234375
0.9782715 0.17553711 0.005493164 -0.11022949
0.9784546 0.1774292 0.013366699 -0.1048584
0.9784546 0.1796875 0.020935059 -0.099365234
0.97839355 0.1821289 0.028381348 -0.09375
0.97802734 0.18591309 0.03515625 -0.087890625
0.977417 0.19036865 0.0413208 -0.082092285
0.9772339 0.19238281 0.04864502 -0.07543945
0.9772339 0.1928711 0.057006836 -0.06774902
0.9772949 0.19262695 0.06561279 -0.05895996
0.977417 0.1918335 0.07385254 -0.049316406
0.977417 0.19116211 0.08087158 -0.039245605
0.9772339 0.19171143 0.08618164 -0.02911377
0.9768677 0.19299316 0.09020996 -0.018615723
0.9766846 0.19299316 0.093688965 -0.007873535
0.97662354 0.19195557 0.09655762 0.003112793
0.97662354 0.19055176 0.09869385 0.0146484375
0.9761963 0.19085693 0.09967041 0.026916504
0.9755249 0.19158936 0.100097656 0.040100098
0.9749756 0.1907959 0.10046387 0.053771973
0.9746094 0.1885376 0.10058594 0.06695557
0.9743042 0.18548584 0.100097656 0.0793457
0.9737549 0.18347168 0.09863281 0.091430664
0.9729004 0.18292236 0.09625244 0.10369873
0.9719238 0.1819458 0.09326172 0.11633301
0.9710083 0.17999268 0.090026855 0.12915039
0.9701538 0.1765747 0.08673096 0.14172363
0.9696045 0.17163086 0.08331299 0.1531372
0.96917725 0.16668701 0.0793457 0.16320801
0.96875 0.1619873 0.07476807 0.17242432
0.9682007 0.15771484 0.06951904 0.18145752
0.9674072 0.15405273 0.0637207 0.19055176
0.9664917 0.15045166 0.057739258 0.19970703
0.9654541 0.14691162 0.051818848 0.20880127
0.96435547 0.14355469 0.046142578 0.21759033
0.9631958 0.14019775 0.040649414 0.22570801
0.96209717 0.13702393 0.035339355 0.23303223
0.96118164 0.13360596 0.030273438 0.23950195
0.9603882 0.12994385 0.025146484 0.24511719
0.95965576 0.1272583 0.019836426 0.25006104
0.95880127 0.12530518 0.014282227 0.2545166
0.9579468 0.12365723 0.008239746 0.25872803
0.9569702 0.12261963 0.0017700195 0.26293945
0.95581055 0.12194824 -0.0048217773 0.26739502
0.95458984 0.121398926 -0.011352539 0.2718506
0.9534302 0.12005615 -0.01776123 0.27612305
0.95251465 0.11743164 -0.023986816 0.2798462
0.95202637 0.113708496 -0.030029297 0.28253174
0.95166016 0.11053467 -0.036071777 0.2843628
0.9512329 0.10882568 -0.041992188 0.28564453
0.95080566 0.107666016 -0.048095703 0.286438
0.9505615 0.10614014 -0.054260254 0.28668213
0.9505005 0.103881836 -0.060424805 0.28656006
0.95062256 0.10040283 -0.06628418 0.28601074
0.9510498 0.09625244 -0.071899414 0.28479004
0.95147705 0.0927124 -0.07733154 0.28302002
0.95196533 0.09020996 -0.08288574 0.28063965
0.9523926 0.08862305 -0.08856201 0.27789307
0.9528198 0.087646484 -0.094055176 0.2750244
0.95318604 0.08673096 -0.099487305 0.27197266
0.95355225 0.085998535 -0.105163574 0.2687378
0.9537964 0.085998535 -0.11102295 0.26550293
0.9540405 0.086120605 -0.11706543 0.26220703
0.95422363 0.08605957 -0.123046875 0.25860596
0.9545288 0.08581543 -0.12896729 0.2546997
0.954834 0.08605957 -0.13464355 0.25048828
0.95513916 0.08642578 -0.14019775 0.24603271
0.9555054 0.08673096 -0.14556885 0.24151611
0.9559326 0.08605957 -0.15075684 0.23675537
0.95648193 0.08441162 -0.15563965 0.23199463
0.95703125 0.082214355 -0.16021729 0.22741699
0.95751953 0.08001709 -0.16473389 0.22277832
0.9580078 0.07824707 -0.16918945 0.21795654
0.95843506 0.07702637 -0.17370605 0.21282959
0.95880127 0.07672119 -0.17828369 0.20751953
0.95910645 0.07678223 -0.18273926 0.20202637
0.9595337 0.07635498 -0.18695068 0.1963501
0.9598999 0.07556152 -0.19091797 0.19073486
0.9602661 0.07470703 -0.19476318 0.1854248
0.9604492 0.07421875 -0.19848633 0.18054199
0.9606323 0.07397461 -0.20196533 0.17596436
0.9608154 0.07354736 -0.20501709 0.17144775
0.9611206 0.072753906 -0.20776367 0.16674805
0.9614868 0.071899414 -0.21026611 0.16174316
0.961853 0.0713501 -0.21264648 0.15667725
0.96209717 0.0715332 -0.21508789 0.15148926
0.9622803 0.072631836 -0.2175293 0.14648438
0.96240234 0.073913574 -0.21984863 0.14123535
0.96258545 0.07531738 -0.2220459 0.1359253
0.9627075 0.07720947 -0.22381592 0.13085938
0.96295166 0.07910156 -0.22509766 0.12567139
0.9633179 0.080566406 -0.22607422 0.12023926
0.9637451 0.08178711 -0.22680664 0.11456299
0.96417236 0.08282471 -0.22729492 0.10882568
0.96466064 0.0836792 -0.22753906 0.10308838
0.96520996 0.08404541 -0.2276001 0.097595215
0.9657593 0.084228516 -0.22723389 0.0925293
0.96643066 0.083496094 -0.22668457 0.08758545
0.9671631 0.08215332 -0.22583008 0.08276367
0.9678345 0.08099365 -0.22491455 0.07824707
0.96850586 0.080200195 -0.22399902 0.073791504
0.96899414 0.079956055 -0.2230835 0.06951904
0.96954346 0.08001709 -0.22216797 0.06536865
0.97003174 0.08001709 -0.2210083 0.061340332
0.97058105 0.079589844 -0.21984863 0.057373047
0.9711304 0.07873535 -0.21875 0.053527832
0.9715576 0.07800293 -0.21795654 0.050109863
0.9718628 0.07745361 -0.21740723 0.04724121
0.9720459 0.0770874 -0.21710205 0.044799805
0.97216797 0.07702637 -0.21697998 0.04284668
0.97229004 0.07702637 -0.21697998 0.041137695
0.9723511 0.07696533 -0.21691895 0.039489746
0.9724121 0.07696533 -0.21685791 0.03778076
0.97247314 0.0770874 -0.21685791 0.035949707
0.9725342 0.07696533 -0.21691895 0.033996582
0.97265625 0.07635498 -0.21691895 0.032104492
0.97283936 0.07531738 -0.21685791 0.030456543
0.9729614 0.07409668 -0.21679688 0.029052734
0.9730835 0.07330322 -0.21679688 0.028015137
0.97314453 0.07269287 -0.2166748 0.027038574
0.9732666 0.071899414 -0.2164917 0.026062012
0.9733887 0.07110596 -0.21636963 0.025268555
0.9734497 0.070617676 -0.21618652 0.024719238
0.9735718 0.070129395 -0.21600342 0.024291992
0.9736328 0.06939697 -0.21588135 0.023864746
0.97369385 0.06878662 -0.21582031 0.02368164
0.97351074 0.07336426 -0.21533203 0.022583008
0.9736328 0.072509766 -0.21520996 0.022766113
0.97369385 0.0715332 -0.21514893 0.0234375
0.9737549 0.07098389 -0.21502686 0.02368164
0.97387695 0.070129395 -0.21472168 0.023742676
0.973999 0.06903076 -0.21435547 0.023864746
0.9741821 0.0680542 -0.21386719 0.024108887
0.97442627 0.066833496 -0.21325684 0.024353027
