0 0 0
-7.9375 0.5625 -0.375
-8.0625 2 -1.5625
-8.5625 2.625 -1.875
-10.375 3.625 -1.0625
-9.75 2.5 0.25
-9.5 0.875 0.25
-7.0625 -0.375 0.3125
-2.375 0.375 1
0.3125 1.75 2.0625
2.3125 2.75 1.8125
-0.0625 3.125 -0.125
-1.5 2.5 -1.5625
7.1875 2.75 -0.375
7.125 3.3125 -0.5
1.875 2.6875 -1.4375
-1.25 0.8125 -1.5625
-4 -3.5625 0.375
-8.875 -2.875 1.5625
-14.1875 -0.875 1.8125
-15 0.4375 1.5
-15.125 1.25 0.875
-10.5 1.125 0.375
-7.0625 -0.0625 0.125
-7.5625 -0.25 0.25
-7.5625 -0.375 1.1875
-9.5 0.25 2.125
-10.4375 0 1.875
-8.9375 -0.8125 1.1875
-12.625 -1 1.25
-16.5625 -0.9375 2.5625
-17.875 -1.375 4.375
-20.0625 -2.25 5.3125
-18.25 -4.75 4.8125
-11.3125 -8.0625 4.6875
-5.6875 -11.1875 4.75
-4.0625 -13.75 5.0625
-8.9375 -15.3125 6
-15.25 -17.125 6.3125
-18.8125 -19.3125 5.8125
-18.625 -21.75 5.3125
-15.375 -22.75 4.5625
-9.4375 -22.8125 4.3125
-2.4375 -23.3125 2
-4.25 -24.1875 -1.6875
-8.6875 -25.0625 -5.0625
-12.8125 -26.3125 -7.125
-16.75 -28.9375 -7.875
-15.5 -32.625 -7.9375
-14.6875 -35.125 -7.75
-10.25 -37.875 -8.5625
-5.625 -39.375 -10.875
-7.875 -38.9375 -18
-9.0625 -38.125 -21.25
-9.6875 -37.3125 -23.9375
-10.9375 -35.3125 -27.5
-13.4375 -36.0625 -29.625
-14.25 -35.625 -29.875
-14.4375 -34.5 -30.625
-14.8125 -34.1875 -32.25
-11 -33.25 -33.9375
-11.9375 -32.875 -38.6875
-11.6875 -35.25 -45.5625
-7.875 -37.125 -49.875
-4.5625 -36.75 -53.3125
-4.8125 -33.0625 -57.1875
-9.3125 -26.3125 -61.25
-9.75 -19.25 -64.4375
-8.4375 -15.3125 -66.75
1.3125 -14.875 -67.375
8.125 -14.875 -68.0625
15.3125 -15.125 -70.875
21.6875 -14.4375 -74.375
26.4375 -13.375 -77.5
34.3125 -11.8125 -78
39.875 -7.9375 -76.6875
40.5 -1.75 -74.8125
38.75 6 -72.375
23.9375 16.9375 -71.4375
9 26.625 -73.0625
7.3125 32.3125 -73.75
14.125 33.9375 -74.25
21.5625 32.5625 -73.875
26.875 31.5625 -71.5625
28.6875 32.75 -68.75
22.875 37.9375 -67.75
11.3125 45.75 -66.9375
4.75 51 -66.5
7.1875 52.875 -64.375
8.5625 53.3125 -61
12 52.25 -56.1875
25.875 49.625 -49.375
36.375 47.5625 -43.375
41.875 45.625 -38.875
45.75 45.125 -33.4375
39.875 48.1875 -28.3125
21.1875 54.3125 -25.875
-1.5 59.375 -24
-2.25 58.3125 -22.3125
6.8125 54.1875 -20.4375
20.0625 52 -17.0625
31.3125 52.5 -14.25
26.8125 53.125 -12.9375
19 53.375 -8.5625
25.5 50.0625 0.4375
33.6875 46.0625 8.4375
29.4375 43.5 13.5
29.3125 39.3125 15.375
31 35.3125 18.1875
32.5625 35.375 24.375
28.9375 42.125 31.75
13 50.3125 33.4375
6.875 59.125 31.3125
-1.75 69.75 27.625
-3.6875 78.25 24.625
-5.4375 84.25 27.5
-8.4375 84.3125 32.1875
-6.75 81.8125 38.0625
-3.3125 77.5625 43.375
12.25 71.5 48.25
10.5625 71.875 49.0625
8.625 75.3125 46.25
0.5 81.25 41.625
-14.375 87.1875 40.3125
-17.625 88.5625 46.1875
-15.8125 87.9375 54.3125
-20.875 87.3125 61.75
-26.5 87.75 68.125
-25.8125 85.9375 70.5625
-15.5625 82.375 69.3125
-10.8125 79.75 66.5
-11 79.8125 66.3125
-22.1875 84.25 70.75
-35.8125 88.25 77
-42.6875 87.875 79.6875
-46.25 84.625 80
-46.375 81.1875 80.25
-44.4375 74.125 77.9375
-40 66.0625 77.625
-44.0625 59.125 77.3125
-44.75 49.3125 77.5625
-30.5625 38.1875 80.9375
-24.5625 28.125 83
-24.25 22.4375 88.0625
-19.75 19.1875 93.6875
-20.6875 18.75 97.25
-27.5625 20.0625 99.9375
-33 19.125 97.75
-42.625 15.3125 90.9375
-23.9375 4.75 87.9375
-26 1.8125 86.0625
-36.125 0.9375 84.6875
-39.4375 0.5625 80.6875
-29.0625 -0.8125 80.125
-19.8125 -2.8125 79.8125
-39.75 -2.4375 73
-40 -2.3125 73.6875
-41.375 -4.0625 72.9375
-39.3125 -7.9375 71.0625
-35.875 -13.875 67.4375
-32 -19.5625 64.625
-36.9375 -21.9375 62.375
-34.3125 -24.4375 62.8125
-27.8125 -27 61.125
-34.9375 -26.375 55.8125
-41.6875 -26.1875 49.6875
-40.5 -28.0625 45.875
-35.25 -32.375 44.1875
-29.125 -35.9375 43.4375
-29.875 -36.8125 41
-32.125 -37.75 37.125
-31.9375 -38 32.5625
-31.6875 -39.5625 30.4375
-25.6875 -40.0625 31.75
-29.875 -42.25 30.25
-37.3125 -43.6875 24.5625
-42.875 -45.125 19.375
-28.75 -47.875 17.5
-25.4375 -49.0625 15.625
-28.4375 -46.1875 14.6875
-39.9375 -43.25 13.3125
-38.8125 -42.6875 12.5
-34.625 -43.3125 10.9375
-28.1875 -45.3125 9.25
-20.4375 -49.375 6.875
-18.1875 -52.25 2.8125
-26.6875 -52.5625 -3.0625
-30.9375 -51.8125 -7
-30.3125 -51.1875 -7.375
-27.9375 -50.25 -5.875
-29.75 -49 -4.5625
-22.375 -48.625 -3
-19.4375 -46.5625 -3.25
-30.375 -43.4375 -7.625
-39 -43.625 -13.5
-35.375 -45.875 -16.9375
-30.8125 -47.8125 -19.125
-26.9375 -49.4375 -22.1875
-22 -48.8125 -24.4375
-21 -46.4375 -25.9375
-21.375 -45.4375 -28.9375
-23.625 -45.375 -30.8125
-24.1875 -46.9375 -31
-21.8125 -50.125 -31.25
-15 -53.75 -31.875
-12.125 -55.8125 -33.5625
-12.9375 -55.3125 -35.75
-12.5 -55.3125 -37.625
-0.75 -56.5 -36.5625
9.0625 -55.75 -33.5625
8.0625 -53.375 -32.4375
4.5 -50.1875 -32.875
6.3125 -48.125 -32.1875
9.375 -45.375 -31.625
-5.4375 -43.0625 -37.4375
-8.125 -43 -41
-1.75 -41.3125 -38.625
-4.75 -38.25 -36.25
-8.0625 -33.4375 -35.125
-7.3125 -26.125 -34.1875
-13.5625 -18.9375 -36.625
-21.625 -12.625 -40.4375
-27.6875 -9.75 -46.8125
-19.5 -11.0625 -51
-7.0625 -12 -50.5
-5.3125 -11.9375 -50.0625
-13.125 -10.75 -50.125
-16.6875 -8.9375 -46.125
-15.9375 -7.6875 -39.8125
-19.6875 -8.5 -35.5625
-22.75 -10.75 -33.8125
-15.625 -16.5 -34.75
-1.125 -21.4375 -34.375
2.5625 -22.8125 -33.4375
-1.25 -19.6875 -32.5625
-9.125 -12.5625 -30.8125
-10.8125 -5.8125 -27.5625
-8.75 -0.125 -23.9375
-15.4375 2.375 -22.0625
-16.5625 0.75 -20.6875
-18.4375 -3.3125 -22.6875
-11.25 -10.25 -25.25
5.1875 -16.875 -27.4375
8.8125 -20.0625 -30.25
5.125 -17.75 -30.9375
0.1875 -11.9375 -29.625
-13.125 -4.5 -29.3125
-25.8125 0.75 -27.8125
-22.6875 1.25 -24.375
-19.625 -1.9375 -23.8125
-14.6875 -5.9375 -24.8125
-9.4375 -8.1875 -24.8125
-8.9375 -6.875 -23.9375
-8.625 -3.5625 -21.875
-12 0.8125 -19.75
-17.9375 3.5 -17.3125
-12.9375 2.5625 -15.1875
-5.3125 -0.25 -14.125
-3.0625 -1.9375 -14.875
-5.625 -2.0625 -15.6875
-3.9375 -2.0625 -15.1875
-4.125 -0.4375 -13.125
-6.0625 1.3125 -11
-7.75 2.5 -10.1875
-9.4375 3.4375 -9.75
-7.875 3.875 -8.625
-6.6875 2.875 -10.0625
-3.875 1.0625 -11.1875
-2.75 -1.1875 -10.75
-4.375 -3.25 -8.875
-1.375 -4.3125 -4.9375
-1.375 -3.75 -1.9375
-4.9375 -2.0625 -0.8125
-6.875 0.125 -2.0625
-8 -0.6875 -6.25
-10.125 -2.625 -11.1875
-9.5 -3.8125 -13.125
-8.5 -4.75 -13.0625
-5.25 -6.25 -11.3125
-6.5 -6.875 -9.5625
-8.125 -7.5625 -8.375
-6.4375 -8.0625 -7.8125
-5.5625 -8.125 -8
-6.375 -7.5 -7.9375
-8.75 -5 -6.625
-10.25 -2.375 -5.625
-12.1875 1.75 -4
-15.8125 3.125 -3.625
-18.5 4.625 -1.8125
-19.25 5.5625 0.625
-19.1875 6.25 1.8125
-19.0625 8.5625 1.0625
-23.0625 11.125 -1.125
-22.3125 11.25 -1.875
-17.9375 9.8125 -0.875
-15.75 8.3125 0.3125
-11.75 5.75 1.625
-6.8125 4.3125 2.75
-6.125 3.6875 2.8125
-6.4375 3.8125 2.6875
-9.125 4.5625 2.1875
-9 4.0625 1.1875
-6.3125 3.25 0.375
-6.1875 3.3125 -0.125
-9.9375 4.1875 -0.3125
-12.125 5 0.125
-11.0625 5.5625 0.8125
-12.75 6.1875 0.375
-11.25 5.6875 0.3125
-8.125 4.875 0.75
-6.5625 4.0625 0.1875
-6.4375 3.6875 -0.5
-9.6875 3.5 -1.75
-6.75 3.125 -2
-4.9375 3.5 -1.875
-8.125 4.5 -2.25
-10.75 4.8125 -3.1875
-9.25 4.1875 -3.625
-9.0625 4.25 -4.125
-9.8125 4.625 -4.8125
-10.625 4.875 -4.75
-8 4.875 -3.5625
-5.5 4.25 -2.125
-5 3.625 -0.5625
-4.625 3.4375 0.75
-3.4375 2.625 0.8125
-3.9375 1.875 -0.375
-3.125 1.3125 -1.875
