0 0 0
0 0 0
0 0 0
0 0 0
0 0 0
0 0 0
1.77 5.7 -1.36
1.81 5.71 -2.07
1.78 5.75 -2.27
1.81 5.22 -2.42
1.8 4.9 -2.24
1.79 5.06 -1.95
1.81 5.52 -1.85
1.85 5.63 -2.14
1.82 5.44 -1.82
1.75 5.85 -1.14
1.71 6.11 -1.06
1.77 6.23 -1.34
1.85 5.77 -2.92
1.8 5.61 -2.89
1.76 5.51 -2.68
1.78 5.62 -2.37
1.74 5.62 -2.04
1.76 5.82 -1.96
1.85 6.24 -2.22
1.87 6.29 -2.35
1.86 6.05 -2.28
1.86 5.81 -1.95
1.89 6.12 -1.88
1.89 6.12 -1.88
1.87 6.82 -1.25
1.81 6.5 -0.93
1.74 6.13 -0.38
1.61 5.97 0.18
1.54 5.93 0.23
1.58 6.05 0.05
1.69 6.21 -0.04
1.59 5.72 -0.21
1.5 5.44 -0.07
1.44 5.22 -0.05
1.52 4.92 -0.59
1.49 4.71 -0.77
1.43 4.04 -0.74
1.45 3.48 -0.72
1.46 3.86 -0.56
1.43 4.26 -0.46
1.38 4.54 -0.1
1.31 4.84 0.03
1.26 4.74 -0.38
1.12 4.29 -0.59
1.02 3.84 -1.11
0.91 3.24 -2.26
0.83 3.36 -2.62
0.67 3.41 -2.74
0.59 3.87 -3.06
0.4 3.91 -2.93
0.2 4.6 -3.15
0.16 4.36 -3.35
0.11 4.11 -3.45
-0.03 3.35 -3.8
-0.11 2.44 -3.47
-0.21 2.02 -2.94
-0.3 2.56 -3.03
-0.2 3.08 -4.54
-0.17 3.21 -5.83
-0.2 3.29 -6.7
-0.32 4.15 -6.5
-0.58 4.5 -5.26
-0.78 4.94 -4.46
-0.88 5.17 -4.26
-0.93 4.38 -4.76
-1.06 4.37 -5.04
-1.15 4.68 -5.35
-1.22 5.43 -5.69
-1.28 6.87 -7.44
-1.33 7.2 -8.07
-1.35 7.61 -8.72
-1.41 7.05 -9.72
-1.47 6.39 -8.96
-1.56 6.55 -7.82
-1.81 6.74 -5.36
-1.79 7.29 -4.86
-1.77 8.01 -4.95
-1.55 8.48 -5.5
-1.4 8.44 -7.26
-1.43 8.48 -7.42
-1.65 8.55 -6.39
-2.11 9.56 -4.21
-2.16 10 -3.69
-2.15 10.53 -2.98
-2.1 11.1 -2.53
-1.97 10.85 -2.84
-1.84 10.77 -3.11
-1.73 10.91 -3.92
-1.43 10.98 -4.92
-1.21 10.06 -6.04
-1.35 9.93 -4.93
-1.38 9.7 -3.09
-1.36 10.02 -1.69
-1.18 10.47 -2.3
-1.09 10.56 -3.11
-0.97 10.53 -3.12
-0.81 12.68 -2.32
-0.84 13.6 -1.45
-0.77 13.29 -1.47
-0.78 11.65 -2.21
-0.71 10.98 -2.27
-0.57 11.36 -2.8
-0.42 12.21 -4.19
-0.13 12.07 -7.94
-0.03 9.75 -7.83
0.14 8.46 -8.67
0.07 7.48 -9.06
0.01 8.44 -8.14
-0.06 9.93 -6.68
-0.1 10.69 -4.78
-0.24 10.91 -2.65
-0.18 10.42 -2.14
-0.05 9.98 -1.19
0.1 7.57 -4.88
0.17 7.06 -5.87
0.26 6.8 -6.56
0.26 7.65 -6.42
0.19 11.11 -3.59
0.22 11.51 -2.88
0.28 11.35 -2.75
0.2 9.8 -2.4
0.23 8.3 -1.82
0.38 7.29 -1.67
0.55 6.86 -1.99
1.05 8.88 -3.67
1.32 10.03 -4.16
1.41 10.27 -3.49
1.3 8.4 -0.96
1.44 8.23 -0.05
1.51 7.93 0.82
1.61 7.39 2.12
1.66 8.28 3.35
1.8 8.12 3.6
1.88 8.51 4.53
1.84 9.24 4.69
2 9.34 3.74
2.06 10.16 2.4
2 10.02 1.45
2.13 8.86 -0.59
2.04 8.04 -0.63
1.97 6.28 -0.07
2.03 4.84 0.91
2.13 5.84 1.02
2.42 5.66 0.14
2.55 5.32 -1.05
2.64 4.38 -1.86
2.53 5.43 -1.5
2.64 5 -1.48
2.71 4.83 -1.86
2.86 6.19 -1.75
2.9 5.34 -0.47
2.92 4.91 0.1
2.86 4.34 0.62
3.01 4.62 0.13
3.1 4.75 -0.77
3.07 5.25 -0.17
3.02 4.44 -0.39
3.24 2.61 -1.74
3.57 2.49 -1.46
3.23 3.01 -0.87
3.53 3.66 -0.25
3.63 3.94 -0.73
3.67 3.45 -1.39
3.59 3.07 -1.42
3.65 3.04 -1.95
3.45 4.59 -0.09
3.65 4.59 -2.43
3.62 3.9 -1.04
3.68 1.77 -1.85
3.62 2.71 -1.69
3.64 3.23 -1.75
3.91 3.91 -3.1
3.97 4.07 -3.74
3.9 4.1 -3.5
3.88 4.27 -2.99
3.75 3.84 -2.17
3.77 3.79 -1.74
3.61 3.4 -1.38
3.76 2.65 -2.44
3.77 2.82 -3.11
3.79 3.67 -3.43
3.76 4.74 -3.52
3.82 5.63 -3.76
3.78 5.65 -3.63
3.7 5.57 -3.67
3.7 4.06 -4.5
3.6 3.19 -4.13
3.48 3 -3.14
3.47 3.65 -2.44
3.56 4.01 -2.59
3.66 4.07 -2.95
3.69 4.39 -3.69
3.68 4.61 -3.97
3.64 4.65 -3.6
3.52 5.25 -3.19
3.43 5.79 -2.74
3.32 5.95 -2.13
3.24 5.8 -2.47
3.12 5.64 -3.15
3.15 5.96 -4.11
3.03 6.37 -3.88
2.95 7.39 -4.02
2.95 7.88 -4.76
2.95 7.11 -5.94
2.88 6.94 -6.05
2.81 7.13 -5.83
2.77 5.36 -6.5
2.68 4.63 -6.26
2.58 5.83 -6.25
2.52 7.06 -6.66
2.75 6.89 -7.91
2.81 6.83 -8.64
2.84 6.45 -9.16
2.83 4.87 -8.47
2.83 4.41 -7.64
2.69 3.94 -6.19
2.63 4.89 -5.06
2.77 6.99 -4.74
2.84 7.32 -4.94
2.86 7.92 -4.91
2.87 10.16 -4.46
2.77 10.08 -3.8
2.59 9.54 -3
2.42 8.71 -2.4
2.21 7.72 -1.49
2.17 8.16 -2.26
2.25 8.37 -3.43
2.68 9.05 -6.32
2.71 9.37 -6.7
2.73 9.83 -6.54
2.65 9.86 -6.11
2.27 8.82 -3.46
2.07 8.27 -2.46
1.99 7.16 -1.55
1.92 6.84 -1.1
2.03 6.74 -2.23
2.16 7.06 -3.99
2.25 7.99 -5.81
2.4 8.72 -7.84
2.37 8.85 -7.78
2.23 9.27 -6.66
1.84 8.78 -3.99
1.73 8.11 -3.36
1.74 8.06 -3.5
1.71 8.36 -4.17
1.82 9.28 -5.69
1.84 9.5 -6.02
1.86 9.59 -6
1.66 9.54 -3.82
1.52 9.11 -3
1.41 8.7 -2.85
1.4 8.31 -3.2
1.37 8.74 -3.57
1.39 9.18 -3.75
1.39 9.47 -3.99
1.36 9.48 -4.03
1.37 8.9 -3.76
1.36 9.04 -3.53
1.34 8.93 -3.19
1.24 8.22 -2.34
1.22 8.67 -2.07
1.31 9.06 -2.07
1.37 9.54 -2.1
1.57 9.98 -3.02
1.66 9.4 -3.63
1.68 8.83 -3.96
1.63 7.77 -3.67
1.63 6.98 -3.32
1.58 6.42 -2.98
1.51 6.66 -2.66
1.42 9.06 -2.78
1.35 9.46 -2.89
1.31 9.53 -3.5
1.22 9.29 -3.61
1.14 9.13 -3.81
1.06 9.02 -4.11
1.02 9.47 -4.94
0.99 9.65 -5.26
0.98 9.64 -5.26
0.95 9.46 -5.22
0.96 9.35 -5.04
1.08 9.82 -4.79
1.11 9.6 -4.51
1.14 9.05 -4.66
1.19 8.56 -4.97
1.25 8.44 -4.01
1.23 9.05 -3.37
1.28 9.34 -2.88
1.33 9.42 -2.69
1.34 9.33 -2.72
1.39 9.11 -3
1.35 8.83 -3.29
1.35 8.66 -3.62
1.33 8.35 -3.49
1.32 8.33 -3.31
1.34 8.42 -3.35
1.41 8.67 -3.86
1.45 8.87 -3.96
1.44 9.05 -3.86
1.39 8.83 -3.78
1.32 8.76 -3.45
1.32 8.9 -3.24
1.37 8.89 -3.17
1.4 8.58 -3.24
1.48 8.48 -3.45
1.52 8.43 -3.39
1.46 8.93 -3.7
1.42 8.81 -3.95
1.39 8.75 -4.02
1.33 8.7 -3.84
1.31 8.89 -3.7
1.28 8.94 -3.75
1.28 9.1 -3.79
1.2 9.81 -3.31
1.2 9.99 -3.18
1.22 10 -3.1
1.27 10.02 -3.2
1.34 9.38 -3.18
1.34 8.91 -3.21
1.3 8.57 -3.31
1.37 8.7 -3.89
1.39 8.72 -4.28
