0 0 0 0
0 0 0 0
0 0 0 0
0 0 0 0
0 0 0 0
1 -0.005432129 0.0012207031 -0.00036621094
1 -0.006225586 0.0012817383 -0.00036621094
1 -0.0068359375 0.0012817383 -0.00036621094
1 -0.007385254 0.0012817383 -0.00030517578
1 -0.007385254 0.0014648438 -0.00012207031
1 -0.0072021484 0.0017089844 0
1 -0.0072021484 0.001953125 0
1 -0.007019043 0.002319336 -0.00018310547
1 -0.0064086914 0.0025634766 -0.00018310547
1 -0.00579834 0.0028686523 -0.00018310547
1 -0.0056762695 0.003112793 -0.00030517578
1 -0.00579834 0.0031738281 -0.0004272461
1 -0.006225586 0.0026855469 -0.00048828125
1 -0.006958008 0.0024414062 -0.00036621094
0.99993896 -0.008178711 0.002380371 -0.00018310547
0.99993896 -0.009460449 0.002380371 -0.000061035156
0.99993896 -0.0107421875 0.0025024414 0
0.99993896 -0.012878418 0.002746582 0
0.9998779 -0.0134887695 0.002746582 0
0.9998779 -0.014099121 0.002746582 0
0.9998779 -0.014770508 0.002746582 0.00012207031
0.9998779 -0.015563965 0.002746582 0.00030517578
0.9998169 -0.01751709 0.002746582 0.00061035156
0.9998169 -0.018310547 0.0026855469 0.0007324219
0.9998169 -0.019348145 0.0026245117 0.0008544922
0.99975586 -0.020751953 0.0025024414 0.0010375977
0.99975586 -0.022277832 0.002380371 0.0014648438
0.9996948 -0.023986816 0.0021972656 0.0018920898
0.9996948 -0.025512695 0.0018310547 0.002319336
0.9996338 -0.026489258 0.001159668 0.002746582
0.9996338 -0.026916504 0.00018310547 0.0031738281
0.9996338 -0.027282715 -0.00091552734 0.0036621094
0.99957275 -0.028015137 -0.0021972656 0.004211426
0.99957275 -0.029296875 -0.0036621094 0.004760742
0.9995117 -0.030883789 -0.0053100586 0.0053100586
0.9994507 -0.032470703 -0.0071411133 0.00579834
0.99938965 -0.03375244 -0.009033203 0.006225586
0.9993286 -0.0345459 -0.010986328 0.006652832
0.9992676 -0.034729004 -0.012939453 0.0068969727
0.9992676 -0.035095215 -0.014953613 0.0068359375
0.99920654 -0.035827637 -0.017089844 0.0064697266
0.9991455 -0.036865234 -0.019348145 0.00592041
0.99902344 -0.038269043 -0.021850586 0.0053100586
0.99890137 -0.03955078 -0.024658203 0.004699707
0.9987793 -0.04071045 -0.027648926 0.0041503906
0.9986572 -0.04156494 -0.030883789 0.003540039
0.99853516 -0.041992188 -0.034240723 0.002746582
0.99823 -0.04321289 -0.04095459 0.00018310547
0.9980469 -0.043884277 -0.04425049 -0.0014648438
0.99786377 -0.0446167 -0.04748535 -0.0034179688
0.9974365 -0.046081543 -0.053649902 -0.0076904297
0.9971924 -0.04711914 -0.05682373 -0.010070801
0.99694824 -0.048217773 -0.059936523 -0.012512207
0.9967041 -0.049316406 -0.062927246 -0.015014648
0.9963989 -0.05041504 -0.06591797 -0.017700195
0.99609375 -0.051208496 -0.068847656 -0.020446777
0.9957886 -0.05206299 -0.071777344 -0.02368164
0.99542236 -0.052856445 -0.07495117 -0.027404785
0.9949951 -0.05328369 -0.07824707 -0.03149414
0.9945679 -0.05340576 -0.08154297 -0.035827637
0.9941406 -0.053527832 -0.08459473 -0.040527344
0.9937134 -0.053955078 -0.08703613 -0.04559326
0.9932251 -0.054382324 -0.08892822 -0.05102539
0.99279785 -0.054626465 -0.0904541 -0.05657959
0.9923096 -0.05407715 -0.092041016 -0.062194824
0.9918823 -0.052978516 -0.09362793 -0.06774902
0.99139404 -0.051208496 -0.095336914 -0.07348633
0.99090576 -0.04888916 -0.09698486 -0.07946777
0.99035645 -0.046142578 -0.09857178 -0.08569336
0.9898071 -0.042663574 -0.10015869 -0.091918945
0.9892578 -0.038757324 -0.101379395 -0.097961426
0.9887085 -0.034729004 -0.10211182 -0.1038208
0.9882202 -0.030822754 -0.10217285 -0.109558105
0.98773193 -0.028015137 -0.101135254 -0.115356445
0.9873047 -0.026428223 -0.09918213 -0.12145996
0.9867554 -0.024841309 -0.09674072 -0.12762451
0.9862671 -0.022705078 -0.094177246 -0.13372803
0.9857178 -0.019958496 -0.09185791 -0.13977051
0.9851074 -0.016784668 -0.089660645 -0.14556885
0.9845581 -0.013427734 -0.087402344 -0.15112305
0.98394775 -0.010559082 -0.08459473 -0.15667725
0.98339844 -0.008544922 -0.08099365 -0.16217041
0.9827881 -0.006958008 -0.0769043 -0.16772461
0.98223877 -0.0051879883 -0.072631836 -0.17303467
0.9816284 -0.0033569336 -0.068359375 -0.17803955
0.9810791 -0.0012207031 -0.064208984 -0.18267822
0.9805908 0.001953125 -0.06048584 -0.18658447
0.98010254 0.00592041 -0.057128906 -0.19000244
0.9796753 0.010314941 -0.054016113 -0.19299316
0.97924805 0.015014648 -0.050964355 -0.1954956
0.9789429 0.019226074 -0.047607422 -0.19763184
0.97869873 0.021972656 -0.043395996 -0.19958496
0.9784546 0.022949219 -0.03845215 -0.20147705
0.9782715 0.023803711 -0.0335083 -0.20318604
0.97802734 0.025390625 -0.02911377 -0.20477295
0.97784424 0.027954102 -0.025146484 -0.20599365
0.9776001 0.03149414 -0.02130127 -0.20703125
0.97735596 0.03466797 -0.017333984 -0.20788574
0.9772339 0.037231445 -0.013244629 -0.20837402
0.9772339 0.040161133 -0.0095825195 -0.20819092
0.9772949 0.043762207 -0.0064086914 -0.20733643
0.977417 0.046936035 -0.0033569336 -0.20605469
0.97753906 0.050048828 -0.0006713867 -0.20458984
0.97772217 0.053222656 0.0015869141 -0.2029419
0.97802734 0.056518555 0.0038452148 -0.20074463
0.97839355 0.059631348 0.006713867 -0.19793701
0.9788208 0.061584473 0.010498047 -0.19494629
0.97924805 0.06317139 0.015075684 -0.1920166
0.97961426 0.064208984 0.020751953 -0.18939209
0.9798584 0.06518555 0.027160645 -0.18688965
0.98010254 0.066101074 0.034057617 -0.18414307
0.9803467 0.066833496 0.04095459 -0.18096924
0.98065186 0.06762695 0.047668457 -0.17730713
0.98101807 0.06866455 0.053894043 -0.17327881
0.9812622 0.07098389 0.059326172 -0.16888428
0.98150635 0.07312012 0.064819336 -0.16442871
0.98168945 0.07513428 0.07067871 -0.16015625
0.9817505 0.07647705 0.07714844 -0.15618896
0.9817505 0.07672119 0.08428955 -0.15222168
0.9818115 0.07672119 0.09161377 -0.14764404
0.98187256 0.0769043 0.09869385 -0.14245605
0.9819946 0.07672119 0.10583496 -0.13659668
0.9821167 0.07611084 0.112976074 -0.13012695
0.98217773 0.07562256 0.11993408 -0.12347412
0.9821167 0.0758667 0.12646484 -0.117004395
0.9819336 0.07647705 0.13275146 -0.110839844
0.98168945 0.07702637 0.13903809 -0.10473633
0.9814453 0.07678223 0.14575195 -0.09802246
0.9812012 0.07550049 0.15289307 -0.09063721
0.980896 0.07366943 0.15997314 -0.08288574
0.9805298 0.07147217 0.16680908 -0.07513428
0.98010254 0.0692749 0.17333984 -0.06732178
0.9796753 0.06713867 0.17926025 -0.059814453
0.97924805 0.06536865 0.18444824 -0.052368164
0.97888184 0.06317139 0.18914795 -0.04498291
0.97857666 0.060913086 0.19293213 -0.037597656
0.9783325 0.059814453 0.19580078 -0.030212402
0.97821045 0.0592041 0.1977539 -0.022766113
0.9780884 0.05871582 0.19921875 -0.014953613
0.9779663 0.05871582 0.20031738 -0.0068359375
0.97772217 0.058654785 0.20141602 0.0016479492
0.977478 0.058044434 0.20257568 0.010498047
0.97717285 0.0569458 0.20361328 0.019226074
0.9767456 0.053466797 0.20471191 0.035461426
0.9764404 0.052978516 0.20458984 0.043151855
0.9761963 0.05230713 0.20428467 0.050720215
0.97595215 0.05078125 0.20379639 0.058288574
0.975708 0.04888916 0.20324707 0.06567383
0.9753418 0.047912598 0.20269775 0.072753906
0.9746094 0.046569824 0.20123291 0.08630371
0.97424316 0.044555664 0.20043945 0.09301758
0.9738159 0.042541504 0.199646 0.099731445
0.9734497 0.040405273 0.19873047 0.10644531
0.97302246 0.03845215 0.19744873 0.11291504
0.9727173 0.036743164 0.19573975 0.119018555
0.97247314 0.035339355 0.19360352 0.12475586
0.972229 0.033569336 0.19122314 0.13043213
0.9720459 0.032043457 0.18865967 0.1361084
0.97180176 0.031066895 0.18597412 0.14147949
0.97161865 0.02935791 0.18322754 0.14654541
0.9714966 0.027038574 0.18041992 0.15118408
0.97143555 0.024780273 0.17749023 0.15551758
0.97143555 0.022949219 0.17425537 0.15960693
0.9713745 0.02166748 0.1708374 0.16351318
0.9713745 0.020324707 0.1673584 0.16723633
0.97143555 0.018737793 0.16369629 0.1706543
0.9715576 0.017150879 0.16009521 0.17370605
0.9716797 0.01550293 0.15631104 0.1765747
0.9717407 0.014404297 0.15258789 0.1795044
0.9718628 0.013000488 0.1486206 0.18231201
0.9720459 0.010925293 0.14447021 0.18475342
0.9723511 0.008361816 0.14007568 0.18682861
0.9725952 0.006958008 0.13562012 0.1885376
0.9729614 0.00579834 0.13122559 0.19012451
0.97320557 0.0043945312 0.12695312 0.19158936
0.9734497 0.001953125 0.1227417 0.19311523
0.97369385 -0.0004272461 0.11859131 0.19451904
0.973938 -0.0024414062 0.11444092 0.19580078
0.9741821 -0.003967285 0.11022949 0.19683838
0.97454834 -0.004760742 0.10583496 0.19763184
0.97491455 -0.0053710938 0.101257324 0.19805908
0.97540283 -0.006713867 0.09643555 0.19799805
0.97595215 -0.008422852 0.091674805 0.1977539
0.9764404 -0.010131836 0.08691406 0.1973877
0.9768677 -0.011657715 0.082336426 0.19714355
0.9772339 -0.013305664 0.07775879 0.19702148
0.97753906 -0.014404297 0.07336426 0.19696045
0.97784424 -0.015258789 0.06921387 0.19689941
0.97821045 -0.017089844 0.06506348 0.19647217
0.97857666 -0.01965332 0.060791016 0.19561768
0.97906494 -0.021911621 0.056396484 0.19445801
0.9794922 -0.023742676 0.051879883 0.19311523
0.9800415 -0.025268555 0.04736328 0.19152832
0.9805298 -0.026428223 0.042907715 0.18969727
0.9810791 -0.027526855 0.038635254 0.1876831
0.9816284 -0.028625488 0.034484863 0.18548584
0.98217773 -0.029968262 0.030273438 0.18310547
0.98272705 -0.03137207 0.025878906 0.1807251
0.98321533 -0.032470703 0.02130127 0.17828369
0.98376465 -0.032958984 0.016540527 0.17578125
0.9842529 -0.033203125 0.01159668 0.17315674
0.98480225 -0.0335083 0.006713867 0.17034912
0.9852905 -0.03375244 0.0018310547 0.16741943
0.98583984 -0.03302002 -0.0029907227 0.16448975
0.9862671 -0.03149414 -0.0075683594 0.16186523
0.98669434 -0.030029297 -0.012023926 0.15930176
0.98706055 -0.0289917 -0.016235352 0.15667725
0.98742676 -0.027770996 -0.020263672 0.15411377
0.98779297 -0.026306152 -0.023986816 0.15161133
0.9881592 -0.026184082 -0.027709961 0.14855957
0.9885254 -0.026184082 -0.03149414 0.14520264
0.9888916 -0.025756836 -0.03503418 0.14208984
0.9891968 -0.02557373 -0.038391113 0.13909912
0.98950195 -0.025756836 -0.041381836 0.13623047
0.9897461 -0.025939941 -0.043701172 0.13342285
0.99005127 -0.026733398 -0.045532227 0.13031006
0.9904175 -0.028259277 -0.046936035 0.12689209
0.9907837 -0.030273438 -0.04815674 0.12286377
0.99121094 -0.031555176 -0.049438477 0.11853027
0.9916382 -0.03186035 -0.050598145 0.11431885
0.9920654 -0.031982422 -0.051818848 0.11016846
0.99243164 -0.032714844 -0.052978516 0.105895996
0.9927368 -0.03387451 -0.054016113 0.101989746
0.99298096 -0.03491211 -0.054870605 0.09857178
0.99316406 -0.036376953 -0.055908203 0.09552002
0.99334717 -0.038024902 -0.05706787 0.09265137
0.99346924 -0.0390625 -0.05871582 0.089660645
0.9935913 -0.03881836 -0.06060791 0.08685303
0.9937744 -0.038269043 -0.06262207 0.08416748
0.9938965 -0.038024902 -0.06439209 0.08148193
0.9939575 -0.03857422 -0.06561279 0.07885742
0.9940796 -0.039245605 -0.06628418 0.07647705
0.99420166 -0.039855957 -0.06640625 0.07446289
0.99432373 -0.04107666 -0.066345215 0.072509766
0.99438477 -0.0423584 -0.066467285 0.07067871
0.9944458 -0.043762207 -0.06695557 0.06866455
0.9944458 -0.04449463 -0.067993164 0.06652832
0.9945679 -0.043762207 -0.06945801 0.06427002
0.9946289 -0.042785645 -0.07122803 0.06188965
0.99468994 -0.042053223 -0.07281494 0.059387207
0.994751 -0.041809082 -0.073913574 0.0569458
0.994812 -0.04272461 -0.07446289 0.054382324
0.99487305 -0.044677734 -0.07458496 0.051879883
0.99487305 -0.046447754 -0.07470703 0.049682617
0.99487305 -0.047973633 -0.07501221 0.047546387
0.99487305 -0.04901123 -0.075683594 0.045410156
0.99487305 -0.049621582 -0.076538086 0.043273926
0.99487305 -0.0501709 -0.07727051 0.041259766
0.9949341 -0.05078125 -0.077697754 0.039367676
0.9949341 -0.051635742 -0.077697754 0.037597656
0.9949341 -0.05303955 -0.07757568 0.036010742
0.9949341 -0.05407715 -0.07745361 0.03466797
0.9949341 -0.054382324 -0.07751465 0.033447266
0.9949341 -0.05456543 -0.07775879 0.032165527
0.9949341 -0.05493164 -0.078063965 0.030822754
0.9949951 -0.05517578 -0.078308105 0.029541016
0.9949951 -0.055419922 -0.07836914 0.028381348
0.9949951 -0.055847168 -0.078308105 0.027404785
0.9949951 -0.05645752 -0.078186035 0.026489258
0.9949951 -0.05718994 -0.077941895 0.02557373
0.9949951 -0.057800293 -0.077697754 0.024780273
0.9949951 -0.058288574 -0.07751465 0.023864746
0.9949951 -0.05859375 -0.07745361 0.022949219
0.9949951 -0.05871582 -0.07763672 0.021972656
0.9949951 -0.059020996 -0.077941895 0.021240234
0.9949341 -0.05908203 -0.07836914 0.020812988
0.9949341 -0.0592041 -0.07867432 0.020690918
0.99487305 -0.059631348 -0.07885742 0.020568848
0.994812 -0.06072998 -0.07891846 0.020263672
0.994812 -0.061401367 -0.07904053 0.019714355
0.994751 -0.06213379 -0.07928467 0.018676758
0.99468994 -0.06286621 -0.079711914 0.01751709
0.9946289 -0.06347656 -0.080200195 0.016418457
0.9945679 -0.06384277 -0.08081055 0.0154418945
0.99450684 -0.064331055 -0.0814209 0.0146484375
0.99438477 -0.064941406 -0.08215332 0.013916016
0.99432373 -0.06542969 -0.08288574 0.013244629
0.9941406 -0.06628418 -0.08428955 0.0119018555
0.9941406 -0.06628418 -0.08428955 0.0119018555
0.9940796 -0.06695557 -0.08477783 0.011352539
0.9939575 -0.068603516 -0.08502197 0.010375977
0.9938965 -0.06958008 -0.0848999 0.0099487305
0.99383545 -0.07086182 -0.08465576 0.009460449
0.9937744 -0.07244873 -0.08428955 0.009155273
0.99365234 -0.074035645 -0.083862305 0.009033203
0.9935913 -0.075683594 -0.08331299 0.009033203
0.9935303 -0.07733154 -0.0826416 0.008911133
0.99346924 -0.07922363 -0.081726074 0.008605957
0.9934082 -0.08111572 -0.08081055 0.008239746
0.99334717 -0.0826416 -0.079956055 0.00793457
0.99328613 -0.08392334 -0.07928467 0.0078125
0.9932251 -0.08496094 -0.07879639 0.0078125
0.9932251 -0.08557129 -0.078430176 0.00793457
0.99316406 -0.08605957 -0.078063965 0.008117676
0.99316406 -0.08666992 -0.07775879 0.008300781
0.993103 -0.08746338 -0.07733154 0.008361816
0.993103 -0.0881958 -0.07702637 0.008361816
0.993042 -0.08874512 -0.07672119 0.008300781
0.993042 -0.08929443 -0.07647705 0.008239746
0.99298096 -0.09008789 -0.07611084 0.008178711
0.9929199 -0.09112549 -0.075683594 0.008056641
0.9928589 -0.092041016 -0.07525635 0.0079956055
0.99279785 -0.09313965 -0.07470703 0.007873535
0.9927368 -0.09411621 -0.07421875 0.007751465
0.9927368 -0.0947876 -0.07385254 0.007751465
0.9926758 -0.095336914 -0.07348633 0.0076293945
0.9926758 -0.09588623 -0.07318115 0.0075683594
0.99261475 -0.09667969 -0.07293701 0.0073242188
0.9925537 -0.097229004 -0.07269287 0.0071411133
0.9925537 -0.09765625 -0.072387695 0.0068969727
0.9924927 -0.09832764 -0.072021484 0.006591797
0.9924927 -0.099243164 -0.07165527 0.006225586
0.99243164 -0.099975586 -0.0713501 0.005859375
0.9923706 -0.10070801 -0.07104492 0.005432129
0.9923096 -0.101501465 -0.07067871 0.0048828125
0.99224854 -0.10235596 -0.0703125 0.0043945312
0.9921875 -0.103027344 -0.06994629 0.003967285
0.9921875 -0.10345459 -0.06958008 0.0037231445
0.9921875 -0.103881836 -0.0692749 0.0036621094
0.99212646 -0.10430908 -0.06896973 0.0036621094
0.99212646 -0.10461426 -0.06878662 0.0037231445
0.99212646 -0.10491943 -0.068603516 0.0036621094
0.9920654 -0.105163574 -0.068481445 0.003479004
