0 0 0
0 0 0
0 0 0
0 0 0
0 0 0
0.0625 0.0625 -0.5
0.0625 0.0625 -0.625
0.0625 0.0625 -0.875
0.0625 0.0625 -0.9375
0.0625 0.125 -1
0.0625 0.125 -1
0.125 0.1875 -1.0625
0.125 0.25 -1.125
0.125 0.25 -1.125
0.125 0.25 -1.25
0.125 0.25 -1.375
0.125 0.1875 -1.5
0.125 0.1875 -1.5625
0.125 0.125 -1.6875
0.1875 0.125 -1.75
0.1875 0.125 -1.875
0.1875 0.0625 -1.9375
0.25 0.0625 -2.0625
0.25 0.0625 -2.125
0.25 0.0625 -2.25
0.25 0 -2.3125
0.1875 -2.75 13.75
0.1875 -2.75 13.6875
0.1875 -2.75 13.625
0.1875 -2.75 13.5625
0.1875 -2.75 13.5
0.1875 -2.75 13.4375
0.1875 -2.75 13.375
0.1875 -2.75 13.375
0.1875 -2.75 13.25
0.1875 -2.75 13.1875
0.1875 -2.75 13.125
0.1875 -2.8125 13.0625
0.1875 -2.8125 13
0.1875 -2.8125 12.875
0.1875 -2.8125 12.8125
0.1875 -2.8125 12.75
0.25 -2.875 12.75
0.25 -2.9375 12.6875
0.3125 -3 12.5625
0.3125 -3.0625 12.5
0.3125 -3.1875 12.5
0.3125 -3.25 12.4375
0.4375 -3.4375 12.4375
0.5 -3.5 12.4375
0.5 -3.5625 12.375
0.5 -3.5625 12.375
0.5625 -3.75 12.25
0.5625 -3.8125 12.125
0.5625 -3.875 11.9375
0.5625 -3.9375 11.6875
0.625 -4 11.3125
0.625 -4.0625 10.9375
0.6875 -4.0625 10.5
0.6875 -3.9375 10.125
0.6875 -3.75 9.8125
0.6875 -3.75 9.8125
0.8125 -3.1875 9.3125
0.875 -2.75 9.125
0.9375 -2.1875 9.0625
1 -1.5625 8.9375
1.125 -0.875 8.875
1.1875 -0.1875 8.8125
1.1875 0.5 8.6875
1.1875 1.25 8.5
1.1875 2 8.25
1.25 2.75 8.0625
1.25 3.5625 7.75
1.3125 4.3125 7.3125
1.375 6 6.625
1.375 6 6.625
1.375 6.9375 6.25
1.375 7.875 5.9375
1.375 10 5.3125
1.3125 11.0625 5.0625
1.1875 12.1875 4.875
1 14.4375 4.5625
0.9375 15.5 4.5625
0.875 16.4375 4.5625
0.9375 17.3125 4.625
0.9375 18.125 4.625
1.0625 18.8125 4.625
1.125 19.4375 4.625
1.1875 20.0625 4.6875
1.25 20.625 4.8125
1.375 21.125 5
1.5 21.625 5.25
1.5625 22.0625 5.5
1.875 22.6875 6
2.0625 22.875 6.3125
2.3125 22.9375 6.5625
2.5625 23 6.875
2.875 22.9375 7.125
2.875 22.9375 7.125
3.1875 22.875 7.375
3.5625 22.625 7.625
4 22.3125 7.9375
4.375 21.9375 8.25
4.875 21.375 8.5
5.3125 20.75 8.6875
5.75 20.0625 9
6.6875 18.4375 9.5625
7.125 17.5 9.9375
7.625 16.5625 10.375
7.625 16.5625 10.375
8.625 14.625 11.5
9.125 13.5625 11.9375
9.6875 12.375 12.1875
10.1875 11.1875 12.3125
10.6875 9.9375 12.5
11.125 8.6875 12.6875
11.625 7.5 12.75
12.0625 6.25 12.6875
12.5 5.125 12.6875
12.9375 3.9375 12.625
13.3125 2.8125 12.5625
13.6875 1.6875 12.5
14.125 0.5625 12.4375
14.4375 -0.4375 12.3125
15.125 -2.3125 12
15.375 -3.125 11.875
15.5625 -3.8125 11.8125
15.5625 -3.8125 11.8125
15.75 -4.4375 11.75
16.125 -5.375 11.625
16.25 -5.6875 11.75
16.25 -5.6875 11.75
16.3125 -5.9375 11.6875
16.3125 -6.125 11.5625
16.3125 -6.125 11.1875
16.25 -5.875 11.0625
16.25 -5.5 11.0625
16.25 -5.5 11.0625
16.25 -5 10.9375
16.1875 -4.4375 10.8125
16.0625 -3 10.75
16 -2.1875 10.6875
15.9375 -1.375 10.625
15.875 -0.5625 10.4375
15.75 0.1875 10.125
15.6875 1.0625 9.75
15.5625 1.9375 9.375
15.4375 2.875 9
15.375 3.875 8.625
15.375 4.9375 8.3125
15.375 6 8.0625
15.375 7.125 7.8125
15.375 8.25 7.625
15.375 8.25 7.625
15.375 9.3125 7.375
15.25 11.5625 6.625
15.25 11.5625 6.625
15.1875 12.625 6.25
15.0625 13.75 5.9375
15 14.8125 5.5625
14.8125 16.875 5
14.8125 16.875 5
14.75 17.9375 4.75
14.6875 18.9375 4.5625
14.4375 20.8125 4.375
14.375 21.5625 4.1875
14.3125 22.3125 4.25
14.3125 22.3125 4.25
14.25 22.9375 4.4375
14.1875 23.5625 4.5625
14.375 24.375 4.75
14.375 24.375 4.75
14.5625 24.9375 4.875
14.5625 24.9375 4.875
14.75 25.0625 4.8125
15 25.125 4.6875
15.3125 25.125 4.625
15.875 24.875 4.6875
15.875 24.875 4.6875
16.5625 24.375 4.6875
16.5625 24.375 4.6875
17.3125 23.6875 5.125
17.3125 23.6875 5.125
17.8125 23.3125 5.5
18.3125 22.9375 6
19.25 22.0625 7.125
19.25 22.0625 7.125
20.1875 21 8.125
20.1875 21 8.125
21.0625 19.625 9
21.5 18.875 9.5
21.5 18.875 9.5
22 18.0625 9.9375
22.5625 17.1875 10.375
23.75 15.0625 11
24.4375 13.875 11.25
25.0625 12.75 11.5
25.0625 12.75 11.5
25.625 11.625 11.75
26.9375 9.5 12
27.5625 8.5625 11.9375
27.5625 8.5625 11.9375
28.75 6.875 11.6875
28.75 6.875 11.6875
29.8125 5.3125 11.1875
29.8125 5.3125 11.1875
30.75 4.125 10.9375
30.75 4.125 10.9375
31.3125 3.375 10.9375
31.3125 3.375 10.9375
31.6875 3 11.125
31.6875 3 11.125
31.875 3 11.1875
31.9375 3 11.375
32 3.125 11.5
32.0625 3.1875 11.6875
32 3.3125 11.8125
32 3.4375 11.8125
31.9375 3.5625 11.6875
31.8125 3.75 11.625
31.6875 3.875 11.5625
31.5625 4.0625 11.5
31.3125 4.4375 11.3125
31.3125 4.4375 11.3125
31 4.75 11.0625
31 4.75 11.0625
30.6875 5.0625 10.8125
30.5625 5.1875 10.6875
30.4375 5.3125 10.625
30.4375 5.3125 10.625
30.25 5.5625 10.4375
30.25 5.5625 10.4375
30.125 5.8125 10.375
30.125 5.8125 10.375
30 6 10.25
30 6 10.25
29.875 6.125 10.125
29.875 6.125 10.125
29.8125 6.125 10
29.75 6.125 9.875
29.625 6.125 9.625
29.625 6.125 9.625
29.625 6.125 9.5
29.5625 6.125 9.4375
29.5625 6.0625 9.25
29.5625 6.0625 9.25
