0 0 0 0
0 0 0 0
0 0 0 0
0 0 0 0
0 0 0 0
1 -0.0056762695 -0.00091552734 -0.0008544922
1 -0.0068359375 -0.00091552734 -0.0007324219
0.99993896 -0.0078125 -0.00091552734 -0.00061035156
0.99993896 -0.008911133 -0.0012817383 -0.0007324219
0.99993896 -0.009277344 -0.0015869141 -0.00091552734
0.99993896 -0.009460449 -0.0020141602 -0.001159668
0.99993896 -0.0095825195 -0.002380371 -0.0013427734
0.99993896 -0.00982666 -0.0026245117 -0.0013427734
0.99993896 -0.010375977 -0.0026855469 -0.0012817383
0.99993896 -0.011169434 -0.0025634766 -0.001159668
0.99993896 -0.012145996 -0.002319336 -0.001159668
0.99993896 -0.013244629 -0.0020751953 -0.0012207031
0.9998779 -0.014099121 -0.0017700195 -0.0014038086
0.9998779 -0.014953613 -0.0015258789 -0.0015869141
0.9998779 -0.01574707 -0.0012817383 -0.0017700195
0.9998779 -0.016601562 -0.0010986328 -0.0020141602
0.9998779 -0.017333984 -0.00091552734 -0.0021362305
0.9998169 -0.018127441 -0.00079345703 -0.0021972656
0.9998169 -0.018981934 -0.0006713867 -0.0022583008
0.9998169 -0.019714355 -0.0005493164 -0.0022583008
0.9998169 -0.020263672 -0.00048828125 -0.0021972656
0.9924927 0.119628906 0.024414062 -0.0017089844
0.9925537 0.11920166 0.024414062 -0.0017089844
0.99261475 0.11883545 0.024414062 -0.0016479492
0.9926758 0.1184082 0.024414062 -0.0017089844
0.9927368 0.11773682 0.024475098 -0.0018310547
0.99279785 0.117126465 0.024414062 -0.0018920898
0.9928589 0.11663818 0.024353027 -0.0020141602
0.9929199 0.11608887 0.024353027 -0.001953125
0.99298096 0.11553955 0.024353027 -0.001953125
0.993042 0.115112305 0.024353027 -0.001953125
0.993103 0.11462402 0.024414062 -0.001953125
0.99316406 0.11395264 0.024475098 -0.0018920898
0.99328613 0.113220215 0.024597168 -0.0018920898
0.99334717 0.11242676 0.024719238 -0.0018310547
0.9934082 0.11187744 0.024841309 -0.001953125
0.99346924 0.11151123 0.024963379 -0.0021362305
0.99346924 0.11114502 0.025268555 -0.002380371
0.9935303 0.11047363 0.0256958 -0.0025634766
0.99365234 0.109313965 0.027038574 -0.0028686523
0.99365234 0.10900879 0.027770996 -0.0029907227
0.99365234 0.10876465 0.028564453 -0.0031738281
0.99365234 0.10845947 0.029296875 -0.0036010742
0.99365234 0.10845947 0.030029297 -0.0040283203
0.9935913 0.10845947 0.030639648 -0.0044555664
0.9935913 0.10821533 0.03125 -0.0048217773
0.99365234 0.107788086 0.031921387 -0.0049438477
0.9937134 0.10699463 0.032592773 -0.0049438477
0.99383545 0.105773926 0.03326416 -0.0048828125
0.9939575 0.10406494 0.03387451 -0.005004883
0.99420166 0.101867676 0.034484863 -0.0053100586
0.9944458 0.09887695 0.03503418 -0.0056152344
0.994812 0.095458984 0.03527832 -0.00592041
0.9951172 0.091918945 0.035095215 -0.006164551
0.9954834 0.08856201 0.034301758 -0.006286621
0.99572754 0.085754395 0.032836914 -0.0064086914
0.9960327 0.08343506 0.030517578 -0.006652832
0.99627686 0.08154297 0.027404785 -0.007080078
0.99645996 0.08013916 0.023498535 -0.0076904297
0.99664307 0.07922363 0.018676758 -0.008422852
0.99676514 0.07849121 0.013244629 -0.009216309
0.9968872 0.07775879 0.0072631836 -0.0099487305
0.9970093 0.07696533 0.0010375977 -0.010375977
0.99713135 0.07397461 -0.0119018555 -0.0107421875
0.99713135 0.07220459 -0.018554688 -0.010803223
0.99713135 0.070129395 -0.025268555 -0.010925293
0.99713135 0.06726074 -0.032043457 -0.011291504
0.99713135 0.06359863 -0.03881836 -0.01171875
0.9970703 0.060180664 -0.045898438 -0.011962891
0.9968872 0.0569458 -0.05340576 -0.012145996
0.99658203 0.053649902 -0.061401367 -0.012329102
0.9961548 0.05078125 -0.069885254 -0.012451172
0.9956665 0.048034668 -0.07873535 -0.012390137
0.9949951 0.045288086 -0.08795166 -0.012084961
0.99334717 0.040893555 -0.10699463 -0.010559082
0.9923706 0.039245605 -0.11669922 -0.00970459
0.99121094 0.038085938 -0.1262207 -0.008911133
0.98883057 0.037841797 -0.14379883 -0.007873535
0.98773193 0.03778076 -0.15142822 -0.008117676
0.98773193 0.03778076 -0.15142822 -0.008117676
0.98565674 0.03717041 -0.1642456 -0.009277344
0.9847412 0.037109375 -0.16973877 -0.009887695
0.9838257 0.037353516 -0.17486572 -0.010437012
0.98291016 0.037963867 -0.17974854 -0.011230469
0.9819946 0.039245605 -0.1843872 -0.012084961
0.9810791 0.041137695 -0.1887207 -0.012878418
0.98028564 0.043029785 -0.19244385 -0.013793945
0.97961426 0.0446167 -0.19543457 -0.014953613
0.9790039 0.046203613 -0.1977539 -0.016296387
0.9785156 0.04815674 -0.19952393 -0.0178833
0.97821045 0.050109863 -0.20062256 -0.01977539
0.9779663 0.051818848 -0.20117188 -0.022033691
0.9777832 0.053466797 -0.2010498 -0.024658203
0.9777832 0.05517578 -0.20031738 -0.02758789
0.9779053 0.05682373 -0.1987915 -0.030761719
0.9781494 0.05871582 -0.19647217 -0.034179688
0.9785156 0.060668945 -0.19329834 -0.037902832
0.97906494 0.062438965 -0.18914795 -0.041870117
0.9797363 0.06390381 -0.18414307 -0.045837402
0.98046875 0.065979004 -0.17840576 -0.049682617
0.9812622 0.06854248 -0.1720581 -0.05340576
0.9819946 0.07104492 -0.16522217 -0.057434082
0.98272705 0.074157715 -0.15808105 -0.061706543
0.98327637 0.078063965 -0.15063477 -0.0657959
0.98376465 0.08288574 -0.14312744 -0.06994629
0.9840698 0.088012695 -0.13531494 -0.07434082
0.9844971 0.092041016 -0.12670898 -0.07897949
0.9850464 0.09472656 -0.117126465 -0.0836792
0.9855957 0.09661865 -0.107055664 -0.088256836
0.98602295 0.099121094 -0.09698486 -0.0925293
0.9862671 0.10180664 -0.0869751 -0.09655762
0.98651123 0.10345459 -0.07684326 -0.10070801
0.9868164 0.104003906 -0.06665039 -0.10473633
0.9869385 0.10467529 -0.056762695 -0.10845947
0.9869995 0.105285645 -0.04711914 -0.11206055
0.9867554 0.10681152 -0.028015137 -0.118896484
0.98657227 0.10699463 -0.018554688 -0.12225342
0.9862671 0.10723877 -0.009460449 -0.12536621
0.9859619 0.107055664 -0.00091552734 -0.1282959
0.98565674 0.10644531 0.0068359375 -0.13098145
0.9852905 0.10638428 0.0138549805 -0.1329956
0.9849243 0.10644531 0.019714355 -0.13482666
0.9845581 0.10656738 0.024658203 -0.13659668
0.9842529 0.10650635 0.0289917 -0.13824463
0.9838867 0.10699463 0.032714844 -0.13952637
0.9835205 0.10821533 0.035339355 -0.1404419
0.9833374 0.10827637 0.03753662 -0.14099121
0.98339844 0.10699463 0.039367676 -0.14123535
0.98358154 0.10522461 0.040100098 -0.14123535
0.98376465 0.10369873 0.03942871 -0.14117432
0.98394775 0.10284424 0.037353516 -0.14099121
0.9841919 0.101989746 0.034179688 -0.14086914
0.9844971 0.1005249 0.030212402 -0.140625
0.9848633 0.09893799 0.02532959 -0.14013672
0.98516846 0.09753418 0.01953125 -0.13970947
0.98547363 0.09637451 0.013000488 -0.1394043
0.9857178 0.095214844 0.0061035156 -0.13891602
0.9859619 0.093688965 -0.00091552734 -0.13830566
0.9862671 0.09118652 -0.0076904297 -0.13769531
0.9866333 0.08746338 -0.014221191 -0.13690186
0.9869995 0.08306885 -0.020874023 -0.1361084
0.9873047 0.07879639 -0.028076172 -0.13513184
0.9874878 0.07446289 -0.035705566 -0.13415527
0.98760986 0.07006836 -0.043884277 -0.13354492
0.9874878 0.06591797 -0.05267334 -0.13342285
0.9871826 0.062316895 -0.061828613 -0.13348389
0.9867554 0.058898926 -0.07110596 -0.13360596
0.98620605 0.055847168 -0.08050537 -0.13354492
0.98565674 0.05218506 -0.089660645 -0.13323975
0.9850464 0.047912598 -0.09869385 -0.13275146
0.98443604 0.043273926 -0.107666016 -0.13208008
0.9837036 0.03881836 -0.11669922 -0.13116455
0.98291016 0.034606934 -0.12554932 -0.13024902
0.9819946 0.030212402 -0.13427734 -0.1295166
0.98095703 0.026245117 -0.14294434 -0.12866211
0.97991943 0.022949219 -0.1515503 -0.12768555
0.97869873 0.019897461 -0.16015625 -0.12683105
0.977478 0.017150879 -0.16851807 -0.1260376
0.9761963 0.015136719 -0.17663574 -0.125
0.9749756 0.013244629 -0.18395996 -0.1239624
0.97387695 0.011230469 -0.19049072 -0.12322998
0.9727173 0.010559082 -0.19665527 -0.12237549
0.9716797 0.011413574 -0.20245361 -0.12145996
0.9706421 0.012145996 -0.2074585 -0.12121582
0.9696655 0.012268066 -0.21160889 -0.121520996
0.9688721 0.012145996 -0.21496582 -0.12219238
0.9682007 0.012084961 -0.21759033 -0.12298584
0.96765137 0.011779785 -0.21948242 -0.12408447
0.9671631 0.010803223 -0.22052002 -0.12567139
0.9668579 0.009338379 -0.22088623 -0.12780762
0.96655273 0.008300781 -0.2208252 -0.13018799
0.9663086 0.0079956055 -0.22033691 -0.13256836
0.96624756 0.00793457 -0.21917725 -0.13500977
0.9663086 0.007873535 -0.21740723 -0.13769531
0.9663696 0.007446289 -0.21502686 -0.1408081
0.9664917 0.008178711 -0.21246338 -0.14398193
0.9664917 0.010314941 -0.20983887 -0.14746094
0.9663696 0.013305664 -0.20721436 -0.1515503
0.9661865 0.017150879 -0.20465088 -0.15582275
0.9660034 0.021240234 -0.20196533 -0.16009521
0.9657593 0.025939941 -0.19921875 -0.16412354
0.9655762 0.030700684 -0.19610596 -0.16796875
0.9655762 0.0345459 -0.1920166 -0.17193604
0.96569824 0.038208008 -0.18719482 -0.17578125
0.9657593 0.04248047 -0.18218994 -0.17956543
0.9657593 0.047180176 -0.17700195 -0.18365479
0.9657593 0.052001953 -0.17120361 -0.18798828
0.9657593 0.056518555 -0.16442871 -0.19268799
0.96569824 0.060791016 -0.15679932 -0.1977539
0.9656372 0.064575195 -0.14831543 -0.20336914
0.96551514 0.068115234 -0.13934326 -0.20910645
0.965271 0.071777344 -0.1303711 -0.21459961
0.9649048 0.075927734 -0.12188721 -0.21990967
0.96435547 0.07946777 -0.113708496 -0.22540283
0.96380615 0.08135986 -0.10559082 -0.23101807
0.96313477 0.082458496 -0.09790039 -0.23651123
0.9625244 0.08312988 -0.09069824 -0.24176025
0.961853 0.08319092 -0.083618164 -0.24676514
0.9612427 0.0826416 -0.07672119 -0.2515869
0.9605713 0.082336426 -0.070373535 -0.25610352
0.95983887 0.082336426 -0.06488037 -0.2602539
0.9591675 0.08239746 -0.0602417 -0.26379395
0.9585571 0.08294678 -0.05670166 -0.26660156
0.9580078 0.08380127 -0.054260254 -0.2689209
0.9574585 0.08502197 -0.052856445 -0.27062988
0.95703125 0.086120605 -0.052246094 -0.2720337
0.956604 0.08691406 -0.052246094 -0.2732544
0.95617676 0.08795166 -0.052978516 -0.2741089
0.9558716 0.08905029 -0.054138184 -0.27459717
0.9556885 0.090270996 -0.055541992 -0.2746582
0.95562744 0.09094238 -0.05682373 -0.27441406
0.9556885 0.0904541 -0.057678223 -0.27404785
0.9558716 0.089416504 -0.058532715 -0.27355957
0.9561157 0.08850098 -0.059570312 -0.27282715
0.9564209 0.087402344 -0.06072998 -0.27191162
0.9567261 0.08648682 -0.06201172 -0.27087402
0.95703125 0.085754395 -0.06329346 -0.26971436
0.95739746 0.08459473 -0.064331055 -0.2685547
0.9578247 0.08319092 -0.06518555 -0.26727295
0.95825195 0.08178711 -0.06604004 -0.26593018
0.9586792 0.080566406 -0.06695557 -0.2645874
0.9590454 0.07922363 -0.067871094 -0.2633667
0.9593506 0.07800293 -0.068725586 -0.26226807
0.95965576 0.0769043 -0.06964111 -0.26135254
0.9598999 0.07598877 -0.070495605 -0.26055908
0.960083 0.07513428 -0.07122803 -0.25982666
0.9602661 0.07446289 -0.072021484 -0.2592163
0.9603882 0.073913574 -0.07281494 -0.25860596
0.96051025 0.07324219 -0.07348633 -0.2581787
0.96069336 0.072509766 -0.074035645 -0.25769043
0.9608154 0.071777344 -0.074401855 -0.25708008
0.96099854 0.07104492 -0.074645996 -0.25653076
0.9612427 0.070251465 -0.074645996 -0.25604248
0.9614258 0.06933594 -0.07446289 -0.2555542
0.9616089 0.06817627 -0.07409668 -0.255188
0.961853 0.0670166 -0.07366943 -0.25482178
0.96203613 0.06616211 -0.07330322 -0.25445557
0.9621582 0.06542969 -0.07293701 -0.2543335
0.96221924 0.064819336 -0.072509766 -0.25427246
0.9622803 0.064331055 -0.07208252 -0.2543335
0.9623413 0.06378174 -0.07159424 -0.25445557
