0 0 0 0
0 0 0 0
0 0 0 0
0 0 0 0
0 0 0 0
1 -0.0064697266 0.00091552734 -0.0015869141
1 -0.0072631836 0.00091552734 -0.0017089844
0.99993896 -0.008666992 0.0005493164 -0.001953125
0.99993896 -0.009155273 0.00012207031 -0.0021362305
0.99993896 -0.009643555 -0.0004272461 -0.0022583008
0.99993896 -0.010070801 -0.0009765625 -0.002380371
0.99993896 -0.010437012 -0.0015869141 -0.002380371
0.99993896 -0.010986328 -0.0026855469 -0.0022583008
0.99993896 -0.011413574 -0.0030517578 -0.0021972656
0.99993896 -0.012145996 -0.0032348633 -0.0021972656
0.9998779 -0.013244629 -0.0033569336 -0.0021972656
0.9998779 -0.015075684 -0.0036010742 -0.0021362305
0.9998779 -0.015625 -0.0037841797 -0.001953125
0.9998779 -0.016052246 -0.00390625 -0.0017700195
0.9998779 -0.016540527 -0.0040283203 -0.0015869141
0.9998169 -0.017944336 -0.0037231445 -0.0014648438
0.9998169 -0.018981934 -0.0034179688 -0.0015258789
0.9998169 -0.020019531 -0.0030517578 -0.0015258789
0.99975586 -0.020751953 -0.0026855469 -0.0015258789
0.98150635 0.19091797 -0.013244629 -0.0021362305
0.98150635 0.190979 -0.012023926 -0.0017700195
0.9815674 0.19091797 -0.011169434 -0.0017700195
0.9815674 0.1907959 -0.010070801 -0.0017700195
0.9816284 0.19055176 -0.008911133 -0.0018920898
0.9818115 0.18969727 -0.0076293945 -0.0020751953
0.98217773 0.18792725 -0.0049438477 -0.0025634766
0.9822998 0.1873169 -0.0033569336 -0.002746582
0.9824829 0.18640137 -0.0016479492 -0.0029296875
0.982666 0.18518066 0.00024414062 -0.0031738281
0.9830322 0.18347168 0.0021972656 -0.0036010742
0.98339844 0.18151855 0.004211426 -0.004211426
0.9838257 0.17907715 0.006225586 -0.004760742
0.984375 0.17590332 0.008117676 -0.0053100586
0.9849243 0.17248535 0.009643555 -0.0057373047
0.98553467 0.16900635 0.010559082 -0.006225586
0.986145 0.16534424 0.010803223 -0.006713867
0.9868164 0.16149902 0.010498047 -0.0072631836
0.98742676 0.1574707 0.009521484 -0.007873535
0.9880371 0.15368652 0.0078125 -0.008605957
0.98846436 0.1508789 0.005432129 -0.009460449
0.98876953 0.14904785 0.002380371 -0.010498047
0.9890137 0.14752197 -0.0012817383 -0.011779785
0.9891968 0.14605713 -0.005554199 -0.013061523
0.9893799 0.14447021 -0.010437012 -0.014404297
0.989563 0.14257812 -0.01586914 -0.015563965
0.98968506 0.14038086 -0.021972656 -0.016540527
0.9899292 0.13562012 -0.035705566 -0.018615723
0.98986816 0.13372803 -0.043395996 -0.019836426
0.98968506 0.13214111 -0.051635742 -0.021240234
0.9893799 0.1305542 -0.060180664 -0.022644043
0.98895264 0.12884521 -0.06890869 -0.024047852
0.9885864 0.12670898 -0.077697754 -0.025146484
0.9882202 0.1237793 -0.08648682 -0.025939941
0.98779297 0.120666504 -0.095214844 -0.026428223
0.9873657 0.116760254 -0.103637695 -0.026733398
0.98687744 0.113098145 -0.11187744 -0.026733398
0.98620605 0.1105957 -0.12036133 -0.026733398
0.9852905 0.10870361 -0.12896729 -0.026916504
0.9842529 0.107299805 -0.13769531 -0.027404785
0.9830322 0.10681152 -0.14654541 -0.028137207
0.9816284 0.107177734 -0.15527344 -0.029174805
0.9802246 0.107299805 -0.16351318 -0.030395508
0.9790039 0.10632324 -0.17102051 -0.03173828
0.9779663 0.10449219 -0.17779541 -0.033081055
0.9770508 0.101989746 -0.18389893 -0.034362793
0.9762573 0.09906006 -0.18933105 -0.0357666
0.97546387 0.09649658 -0.19439697 -0.037231445
0.97454834 0.09527588 -0.19909668 -0.038757324
0.97369385 0.09466553 -0.20336914 -0.040405273
0.9727783 0.09454346 -0.20721436 -0.042175293
0.97198486 0.09466553 -0.21057129 -0.044189453
0.9711304 0.09515381 -0.21362305 -0.04650879
0.9702759 0.09631348 -0.2164917 -0.049072266
0.96936035 0.09814453 -0.21923828 -0.051818848
0.9683838 0.10046387 -0.22180176 -0.05456543
0.96759033 0.10253906 -0.22369385 -0.057250977
0.967041 0.103881836 -0.22467041 -0.059936523
0.9667969 0.10461426 -0.22467041 -0.06262207
0.9667969 0.10498047 -0.22369385 -0.06561279
0.96691895 0.105163574 -0.22174072 -0.0690918
0.9672241 0.10571289 -0.21887207 -0.07299805
0.96765137 0.10644531 -0.21520996 -0.07739258
0.9682007 0.107177734 -0.2107544 -0.082092285
0.96881104 0.107666016 -0.20550537 -0.08691406
0.96954346 0.10809326 -0.19976807 -0.09173584
0.9701538 0.10974121 -0.19390869 -0.09588623
0.9706421 0.11218262 -0.18786621 -0.099609375
0.97106934 0.11541748 -0.18170166 -0.103271484
0.9713135 0.119628906 -0.17559814 -0.10687256
0.9713745 0.12426758 -0.16949463 -0.11065674
0.9713745 0.12896729 -0.16314697 -0.11462402
0.9715576 0.1326294 -0.15600586 -0.119018555
0.9718628 0.13500977 -0.14770508 -0.12408447
0.972229 0.13720703 -0.13861084 -0.1293335
0.9725342 0.13946533 -0.12902832 -0.13427734
0.9729614 0.14086914 -0.11920166 -0.13891602
0.9732666 0.14257812 -0.10961914 -0.14294434
0.9734497 0.14447021 -0.10046387 -0.14648438
0.9736328 0.14556885 -0.09161377 -0.15002441
0.9736328 0.14648438 -0.07537842 -0.15765381
0.9735718 0.14648438 -0.06781006 -0.16137695
0.9735718 0.14593506 -0.0602417 -0.1651001
0.97332764 0.14660645 -0.053100586 -0.16833496
0.9729004 0.14837646 -0.046203613 -0.17138672
0.97247314 0.14929199 -0.038757324 -0.17462158
0.97229004 0.14898682 -0.030639648 -0.1776123
0.97198486 0.14855957 -0.023376465 -0.18066406
0.9715576 0.1482544 -0.017578125 -0.18389893
0.97106934 0.14764404 -0.013244629 -0.1873169
0.970459 0.14746094 -0.010559082 -0.1906128
0.96984863 0.14770508 -0.009277344 -0.19348145
0.9694824 0.1473999 -0.009033203 -0.19567871
0.96936035 0.14654541 -0.0095825195 -0.19696045
0.9694824 0.14404297 -0.013000488 -0.19787598
0.9696045 0.14239502 -0.015808105 -0.19836426
0.9696655 0.14019775 -0.01940918 -0.19927979
0.9696655 0.13800049 -0.024291992 -0.20031738
0.9694214 0.13494873 -0.037902832 -0.20129395
0.9694214 0.13311768 -0.045837402 -0.20111084
0.9694214 0.1307373 -0.053894043 -0.20062256
0.9694214 0.12805176 -0.06188965 -0.19989014
0.9694824 0.125 -0.06945801 -0.19909668
0.9696045 0.121276855 -0.07647705 -0.19830322
0.96972656 0.1171875 -0.08319092 -0.19750977
0.96972656 0.112976074 -0.089782715 -0.19696045
0.96936035 0.10430908 -0.10394287 -0.1965332
0.9690552 0.099975586 -0.1116333 -0.19622803
0.96868896 0.09503174 -0.119506836 -0.19567871
0.9684448 0.08886719 -0.1272583 -0.19500732
0.9682617 0.08093262 -0.13482666 -0.19433594
0.9678955 0.07220459 -0.1427002 -0.19390869
0.9671631 0.06640625 -0.15167236 -0.19293213
0.96606445 0.06378174 -0.16119385 -0.19146729
0.9649658 0.061401367 -0.1697998 -0.19042969
0.96398926 0.057800293 -0.17687988 -0.19006348
0.96307373 0.05328369 -0.18286133 -0.19018555
0.9621582 0.048828125 -0.18865967 -0.1906128
0.9610596 0.0446167 -0.19458008 -0.19116211
0.9598999 0.04119873 -0.20092773 -0.19128418
0.9586792 0.038879395 -0.20727539 -0.1907959
0.95758057 0.036499023 -0.2131958 -0.19024658
0.956604 0.0335083 -0.21838379 -0.19000244
0.95562744 0.02960205 -0.22283936 -0.19030762
0.9546509 0.025390625 -0.22692871 -0.19091797
0.9536133 0.021728516 -0.23114014 -0.19171143
0.9523926 0.020385742 -0.23590088 -0.19189453
0.95129395 0.020751953 -0.24060059 -0.19171143
0.95025635 0.020751953 -0.2442627 -0.1921997
0.9494629 0.020324707 -0.24664307 -0.19317627
0.94873047 0.020446777 -0.24835205 -0.19451904
0.94799805 0.021606445 -0.24987793 -0.19610596
0.9472656 0.023132324 -0.25097656 -0.19787598
0.9467163 0.024902344 -0.2515869 -0.19958496
0.9463501 0.026672363 -0.25146484 -0.20123291
0.946167 0.027648926 -0.2503662 -0.2033081
0.946167 0.027832031 -0.24822998 -0.20593262
0.94610596 0.027832031 -0.24554443 -0.20928955
0.94610596 0.028808594 -0.24267578 -0.21264648
0.9459839 0.03100586 -0.23968506 -0.21606445
0.9458618 0.036621094 -0.23284912 -0.2230835
0.9458008 0.040161133 -0.22930908 -0.22650146
0.94573975 0.04345703 -0.22546387 -0.2300415
0.9456177 0.046447754 -0.2211914 -0.23394775
0.94537354 0.049865723 -0.21679688 -0.23828125
0.94506836 0.053588867 -0.21221924 -0.24285889
0.9447632 0.057556152 -0.20727539 -0.24731445
0.9445801 0.061828613 -0.2019043 -0.2514038
0.944458 0.066345215 -0.19616699 -0.255188
0.944458 0.070495605 -0.18988037 -0.25878906
0.9445801 0.07434082 -0.1828003 -0.2623291
0.9448242 0.07775879 -0.17504883 -0.26586914
0.94506836 0.081604004 -0.16699219 -0.2689209
0.9451294 0.08569336 -0.15893555 -0.2722168
0.94506836 0.08984375 -0.15081787 -0.27581787
0.9446411 0.09436035 -0.1427002 -0.27990723
0.9439697 0.09869385 -0.13458252 -0.284729
0.9430542 0.103027344 -0.12664795 -0.28985596
0.9421387 0.10614014 -0.118652344 -0.29504395
0.9413452 0.107910156 -0.1105957 -0.29992676
0.94055176 0.10992432 -0.103393555 -0.30426025
0.9395752 0.11328125 -0.097229004 -0.30804443
0.9385376 0.11657715 -0.09106445 -0.3118286
0.9375 0.11920166 -0.08459473 -0.31573486
0.9364624 0.12194824 -0.078430176 -0.319458
0.93536377 0.125 -0.07299805 -0.3227539
0.93426514 0.12780762 -0.06829834 -0.3258667
0.9332886 0.12982178 -0.06390381 -0.32873535
0.9324341 0.13153076 -0.059936523 -0.3312378
0.93151855 0.13342285 -0.05682373 -0.33343506
0.93078613 0.13555908 -0.05456543 -0.335083
0.93011475 0.13793945 -0.05316162 -0.3361206
0.92962646 0.14025879 -0.052368164 -0.33666992
0.92926025 0.14215088 -0.051940918 -0.33703613
0.9290161 0.14337158 -0.051635742 -0.3371582
0.9290161 0.14404297 -0.05126953 -0.33703613
0.92907715 0.14471436 -0.05114746 -0.33654785
0.92926025 0.14544678 -0.05126953 -0.33569336
0.9295044 0.1461792 -0.051635742 -0.33465576
0.92974854 0.14697266 -0.05206299 -0.33355713
0.9299927 0.14752197 -0.05255127 -0.33258057
0.9302368 0.14758301 -0.05291748 -0.3317871
0.930603 0.14697266 -0.05303955 -0.33099365
0.9310913 0.1459961 -0.05303955 -0.33013916
0.9315796 0.14501953 -0.05316162 -0.32904053
0.9320679 0.14428711 -0.053649902 -0.32788086
0.93255615 0.14367676 -0.054260254 -0.3267212
0.9329834 0.1428833 -0.05493164 -0.3256836
0.9334717 0.14202881 -0.055603027 -0.324646
0.9338989 0.14117432 -0.056152344 -0.3236084
0.93444824 0.14007568 -0.05657959 -0.32250977
0.9349365 0.13897705 -0.05682373 -0.32141113
0.9354248 0.13793945 -0.05706787 -0.3204956
0.935791 0.13665771 -0.05731201 -0.31988525
0.9360962 0.13568115 -0.057739258 -0.3192749
0.93640137 0.13494873 -0.05822754 -0.31866455
0.93670654 0.1340332 -0.058654785 -0.3180542
0.93707275 0.13293457 -0.05871582 -0.3173828
0.9375 0.13195801 -0.05871582 -0.31658936
0.9378662 0.13140869 -0.058654785 -0.3157959
0.93811035 0.13085938 -0.058532715 -0.31524658
0.93829346 0.13024902 -0.05822754 -0.31500244
0.9384155 0.12976074 -0.0579834 -0.31488037
0.9385376 0.12939453 -0.057678223 -0.3147583
0.93865967 0.12866211 -0.057128906 -0.31469727
0.9388428 0.12774658 -0.05645752 -0.3147583
0.93896484 0.12695312 -0.05596924 -0.31469727
0.93914795 0.12640381 -0.055419922 -0.31463623
0.93927 0.12573242 -0.05480957 -0.3145752
0.9393921 0.12512207 -0.054138184 -0.3145752
0.9394531 0.12445068 -0.053466797 -0.3147583
0.9394531 0.12390137 -0.05279541 -0.31506348
0.9394531 0.123291016 -0.052124023 -0.31536865
0.9394531 0.122558594 -0.051452637 -0.3157959
0.9394531 0.12182617 -0.05090332 -0.3161621
0.9394531 0.12109375 -0.05041504 -0.31652832
0.9394531 0.12042236 -0.049987793 -0.3168335
0.9394531 0.11968994 -0.049560547 -0.3171997
0.9394531 0.119018555 -0.049194336 -0.31756592
0.9394531 0.11834717 -0.048950195 -0.31793213
0.9393921 0.117614746 -0.04864502 -0.3182373
0.9394531 0.116882324 -0.048339844 -0.31854248
0.9393921 0.11627197 -0.048217773 -0.31884766
0.9393921 0.11566162 -0.048217773 -0.31903076
0.9394531 0.1149292 -0.048095703 -0.31921387
0.9395752 0.1138916 -0.047912598 -0.3192749
0.9397583 0.11279297 -0.047668457 -0.31921387
0.9398804 0.11187744 -0.047607422 -0.31903076
0.9400635 0.111328125 -0.047790527 -0.31878662
0.94018555 0.110839844 -0.047912598 -0.31866455
0.9402466 0.10998535 -0.047912598 -0.31860352
0.9403076 0.109313965 -0.048034668 -0.31860352
0.9404297 0.10870361 -0.04815674 -0.31860352
0.94055176 0.10772705 -0.048034668 -0.31854248
0.9406738 0.10656738 -0.047851562 -0.31848145
0.94085693 0.105651855 -0.047790527 -0.31835938
