0 0 0
0 0 0
0 0 0
0 0 0
0 0 0
0 0 0
359.9375 -0.1875 -0.5625
359.9375 -0.1875 -0.625
0 -0.1875 -0.6875
0 -0.1875 -0.75
0 -0.125 -0.75
0 -0.125 -0.8125
0 -0.125 -0.875
0 -0.1875 -0.875
359.9375 -0.1875 -1
359.9375 -0.25 -1.125
359.9375 -0.25 -1.25
359.9375 -0.25 -1.375
359.9375 -0.25 -1.4375
359.9375 -0.25 -1.5625
359.9375 -0.25 -1.625
359.9375 -0.1875 -1.6875
359.9375 -0.1875 -1.6875
0 -0.1875 -1.8125
0 -0.1875 -1.9375
359.9375 -0.125 -2
359.9375 -0.125 -2
359.875 -0.0625 -2
359.875 -0.0625 -2
359.75 -0.0625 -2
359.75 -0.0625 -2
359.75 -0.0625 -2.0625
359.75 -0.0625 -2.0625
359.8125 -0.125 -2.125
359.8125 -0.125 -2.125
359.875 -0.1875 -2.125
359.9375 -0.25 -2.25
0.0625 -0.4375 -2.625
0.0625 -0.4375 -2.625
0.125 -0.5625 -2.875
0.1875 -0.6875 -3.0625
0.3125 -0.75 -3.3125
0.375 -0.75 -3.625
0.4375 -0.75 -4
0.5 -0.625 -4.3125
0.5 -0.125 -4.9375
0.5 -0.125 -4.9375
0.5625 0.625 -5.4375
0.5625 0.625 -5.4375
0.5625 1.5625 -5.875
0.5625 1.5625 -5.875
0.5 2.0625 -6.0625
0.4375 2.5625 -6.375
0.1875 3.75 -6.875
0.1875 3.75 -6.875
0.0625 4.375 -7.1875
359.9375 5.0625 -7.5
359.6875 6.625 -8.1875
359.6875 6.625 -8.1875
359.5 7.4375 -8.5625
359.375 8.25 -8.9375
358.9375 10.0625 -10
358.9375 10.0625 -10
358.5625 12.0625 -11.1875
358.5625 12.0625 -11.1875
358.25 13.125 -11.625
357.9375 14.25 -12.0625
357.3125 16.5625 -13.0625
356.9375 17.6875 -13.5
356.9375 17.6875 -13.5
356.5625 18.75 -13.8125
356.1875 19.8125 -14.0625
355.8125 20.875 -14.375
355.3125 22.8125 -15.0625
355.0625 23.75 -15.3125
354.875 24.625 -15.5625
354.75 25.5 -15.75
354.6875 26.3125 -16
354.75 27.125 -16.125
354.75 27.875 -16.25
354.8125 28.625 -16.3125
354.875 29.25 -16.375
354.9375 29.8125 -16.375
355.0625 30.3125 -16.375
355.125 30.75 -16.3125
355.5 31.4375 -15.9375
355.5 31.4375 -15.9375
356.0625 32 -15.1875
356.0625 32 -15.1875
356.5 32.125 -14.875
357 32.125 -14.5625
358.25 31.9375 -14.125
358.25 31.9375 -14.125
359.625 31.4375 -13.25
359.625 31.4375 -13.25
1.25 30.75 -11.9375
1.25 30.75 -11.9375
2.875 29.6875 -10.625
2.875 29.6875 -10.625
4.3125 28.3125 -9.375
4.3125 28.3125 -9.375
5.625 26.625 -8.0625
5.625 26.625 -8.0625
6.9375 24.5 -7.1875
6.9375 24.5 -7.1875
8.3125 22.375 -6.125
9.0625 21.4375 -5.625
9.75 20.5625 -5.0625
10.375 19.75 -4.5
10.375 19.75 -4.5
10.9375 18.9375 -3.875
11.5 18.125 -3.5
12.125 17.25 -3.3125
12.6875 16.25 -3.3125
13.25 15.25 -3.3125
13.75 14.25 -3.25
14.25 13.3125 -3.125
14.6875 12.4375 -2.9375
15.1875 11.625 -2.8125
15.75 10.875 -2.8125
16.25 10.1875 -2.9375
16.6875 9.625 -3.125
17.125 9.25 -3.3125
17.5625 8.9375 -3.4375
17.9375 8.8125 -3.5
18.3125 8.875 -3.5625
18.5625 9.0625 -3.5
18.75 9.375 -3.4375
18.8125 9.875 -3.3125
18.8125 10.4375 -3.3125
18.6875 11.0625 -3.3125
18.4375 11.75 -3.3125
18.3125 12.5 -3.4375
18.125 13.3125 -3.5625
17.875 14.1875 -3.6875
17.6875 15.0625 -3.875
17.4375 15.9375 -4.0625
17.1875 16.75 -4.3125
16.9375 17.625 -4.5
16.6875 18.5 -4.8125
16.4375 19.375 -5.1875
16.1875 20.1875 -5.75
15.875 21.0625 -6.375
15.5625 21.9375 -7.0625
15.25 22.8125 -7.75
14.875 23.75 -8.4375
14.3125 25.875 -9.875
14 27 -10.75
13.5625 28.1875 -11.625
13.125 29.3125 -12.4375
12.625 30.4375 -13.3125
12.0625 31.4375 -14.125
11.25 33.1875 -15.4375
11.25 33.1875 -15.4375
10.75 34.75 -16.375
10.625 35.5 -16.75
10.4375 36.1875 -17.1875
10.25 36.875 -17.625
10 37.4375 -17.9375
9.75 38 -18.25
9.625 38.4375 -18.5
9.4375 38.875 -18.6875
9.375 39.1875 -18.6875
9.375 39.5 -18.5625
9.75 39.8125 -18.5
10.125 39.875 -18.4375
10.4375 39.9375 -18.25
10.75 39.9375 -17.8125
11.125 39.8125 -17.4375
11.6875 39.625 -17.125
12.3125 39.3125 -16.75
13 38.9375 -16.25
14.4375 38.25 -14.875
15.125 37.875 -14
15.8125 37.5625 -13.125
16.5 37.1875 -12.1875
17.125 36.875 -11.375
17.6875 36.5 -10.625
18.1875 36.125 -9.875
18.625 35.6875 -9.0625
19.125 35.25 -8.25
19.75 34.75 -7.4375
20.375 34.25 -6.625
21.9375 33 -4.75
22.6875 32.3125 -3.75
23.4375 31.5625 -2.8125
24.1875 30.6875 -2.125
24.9375 29.75 -1.5625
25.625 28.875 -1
26.3125 28 -0.5
26.875 27.1875 0
27.4375 26.375 0.5
28.0625 25.6875 1
28.625 25 1.5625
29.25 24.375 2
29.875 23.6875 2.4375
30.4375 23.0625 2.6875
31.4375 22 3.1875
31.8125 21.5625 3.3125
32.1875 21.1875 3.375
32.4375 20.875 3.5
32.5625 20.625 3.6875
32.5625 20.625 3.6875
32.8125 20.25 3.9375
32.8125 20.25 3.9375
32.9375 20 4.125
32.9375 20 4.125
33 20 4.25
33.0625 20 4.3125
33 20.0625 4.375
32.9375 20.125 4.375
32.8125 20.1875 4.375
32.625 20.1875 4.25
32.625 20.1875 4.25
32.5 20.25 4.125
32.375 20.25 3.9375
32.3125 20.25 3.75
32.1875 20.3125 3.5625
32 20.4375 3.4375
32 20.4375 3.4375
31.875 20.5 3.3125
31.75 20.625 3.1875
31.625 20.6875 3.0625
31.5 20.75 2.9375
31.375 20.8125 2.8125
31.25 20.875 2.6875
31.125 20.9375 2.5
31 20.875 2.3125
30.9375 20.875 2.1875
30.875 20.8125 2.125
30.875 20.8125 2
30.8125 20.75 1.875
30.875 20.625 1.5625
30.875 20.625 1.5625
30.875 20.5625 1.4375
30.9375 20.5625 1.3125
31 20.5625 1.25
31.0625 20.5 1.125
31.125 20.5 1.0625
31.1875 20.4375 1
31.25 20.375 0.875
31.3125 20.3125 0.75
31.4375 20.25 0.5
31.4375 20.25 0.5
31.5 20.1875 0.3125
31.5 20.125 0.1875
31.5625 20.125 0
31.625 20.125 -0.125
31.625 20.125 -0.1875
31.625 20.1875 -0.25
31.625 20.1875 -0.375
31.625 20.25 -0.5625
31.625 20.25 -0.75
31.5625 20.25 -0.875
31.5625 20.25 -1
31.5625 20.1875 -1.1875
31.5 20.1875 -1.4375
38.4375 -0.9375 37.375
38.375 -0.9375 37.25
38.3125 -0.9375 37.0625
38.1875 -0.9375 36.75
