0 0 0 0
0 0 0 0
0 0 0 0
0 0 0 0
0 0 0 0
1 -0.004699707 0.000061035156 -0.0012207031
1 -0.0053710938 0.00012207031 -0.0015869141
1 -0.0060424805 0.00018310547 -0.0018920898
1 -0.0064697266 0.00030517578 -0.0021362305
1 -0.007019043 0.00036621094 -0.0022583008
0.99993896 -0.008056641 0.00024414062 -0.002380371
0.99993896 -0.008361816 0.00012207031 -0.002380371
0.99993896 -0.008422852 0.000061035156 -0.002319336
0.99993896 -0.008850098 0.00024414062 -0.0021972656
0.99993896 -0.010498047 0.001159668 -0.0017700195
0.99993896 -0.011657715 0.0017700195 -0.0015258789
0.99993896 -0.012878418 0.002380371 -0.0013427734
0.9998779 -0.014221191 0.0029907227 -0.0012207031
0.9998779 -0.016784668 0.0040283203 -0.0013427734
0.9998169 -0.017944336 0.0044555664 -0.0014038086
0.9998169 -0.019226074 0.0048828125 -0.0013427734
0.99975586 -0.02154541 0.005554199 -0.0010986328
0.99975586 -0.022399902 0.0057373047 -0.00091552734
0.9996948 -0.02319336 0.00592041 -0.0007324219
0.9996338 -0.025268555 0.0063476562 -0.00012207031
0.9996338 -0.026245117 0.0065307617 0.00036621094
0.9996338 -0.026977539 0.006591797 0.0009765625
0.99957275 -0.028442383 0.0067749023 0.002319336
0.9995117 -0.02935791 0.0068969727 0.003112793
0.9995117 -0.030212402 0.007080078 0.0038452148
0.9994507 -0.03112793 0.0071411133 0.0044555664
0.99938965 -0.0335083 0.0072021484 0.0057373047
0.9993286 -0.034729004 0.0072021484 0.0067749023
0.9992676 -0.036010742 0.007446289 0.008178711
0.99920654 -0.03778076 0.007751465 0.009643555
0.99902344 -0.042175293 0.008056641 0.012084961
0.99890137 -0.04425049 0.0076904297 0.013183594
0.9987793 -0.04663086 0.007019043 0.014221191
0.9986572 -0.049621582 0.00579834 0.015075684
0.9984741 -0.05279541 0.00390625 0.015563965
0.99835205 -0.055114746 0.0012207031 0.015991211
0.998291 -0.056396484 -0.0018920898 0.016296387
0.99816895 -0.058166504 -0.005126953 0.016052246
0.9979248 -0.061767578 -0.011291504 0.013183594
0.99786377 -0.06311035 -0.014160156 0.010437012
0.9977417 -0.06451416 -0.016845703 0.0068969727
0.9976196 -0.06585693 -0.019592285 0.0025024414
0.9972534 -0.068725586 -0.025268555 -0.008178711
0.9972534 -0.068725586 -0.025268555 -0.008178711
0.9967041 -0.07171631 -0.03125 -0.021057129
0.996521 -0.07122803 -0.033996582 -0.027709961
0.9962158 -0.070617676 -0.03643799 -0.034729004
0.9960327 -0.068725586 -0.038391113 -0.041992188
0.9958496 -0.06506348 -0.039855957 -0.049560547
0.9957886 -0.05871582 -0.04083252 -0.057434082
0.99554443 -0.041992188 -0.039794922 -0.074279785
0.9949341 -0.040222168 -0.03668213 -0.08416748
0.9944458 -0.035339355 -0.032470703 -0.09350586
0.9939575 -0.029541016 -0.02722168 -0.10211182
0.9932251 -0.027709961 -0.020507812 -0.110961914
0.9924927 -0.024414062 -0.013122559 -0.11907959
0.9918823 -0.017333984 -0.0061035156 -0.12597656
0.9909668 -0.017211914 0.0020141602 -0.13317871
0.99017334 -0.0138549805 0.009277344 -0.13897705
0.98931885 -0.012878418 0.016967773 -0.14434814
0.9885864 -0.009155273 0.02355957 -0.14868164
0.9879761 0.00036621094 0.028747559 -0.15197754
0.9871826 0.004333496 0.034423828 -0.15576172
0.9863281 0.0099487305 0.03942871 -0.15966797
0.98535156 0.015686035 0.0446167 -0.16375732
0.98431396 0.01776123 0.050842285 -0.16809082
0.98321533 0.02166748 0.0569458 -0.171875
0.98223877 0.023986816 0.06390381 -0.17480469
0.9812622 0.02758789 0.07098389 -0.17687988
0.9803467 0.032226562 0.078063965 -0.17840576
0.9793091 0.03643799 0.08514404 -0.1798706
0.97821045 0.040283203 0.09246826 -0.18133545
0.9771118 0.043151855 0.100097656 -0.18273926
0.9758911 0.04650879 0.107543945 -0.184021
0.9746704 0.050109863 0.114990234 -0.18511963
0.9734497 0.053955078 0.122558594 -0.18579102
0.97216797 0.05859375 0.13018799 -0.18566895
0.9710083 0.062805176 0.13830566 -0.18444824
0.9699707 0.06640625 0.14715576 -0.18188477
0.9689331 0.06878662 0.15698242 -0.17816162
0.96795654 0.070007324 0.1675415 -0.17352295
0.96691895 0.07067871 0.17803955 -0.16833496
0.9660034 0.07141113 0.18780518 -0.1628418
0.9650879 0.07354736 0.19610596 -0.1574707
0.96417236 0.07788086 0.20281982 -0.15234375
0.9633179 0.08215332 0.2088623 -0.1472168
0.96258545 0.084472656 0.21490479 -0.14178467
0.9619751 0.08544922 0.2210083 -0.13598633
0.9614258 0.08660889 0.22662354 -0.12976074
0.9608154 0.08947754 0.23168945 -0.12298584
0.960083 0.09442139 0.23651123 -0.115600586
0.9591675 0.09979248 0.24182129 -0.10748291
0.95825195 0.10272217 0.24816895 -0.09820557
0.9573364 0.10321045 0.25524902 -0.08795166
0.9564209 0.103027344 0.26202393 -0.07727051
0.9555664 0.10394287 0.26757812 -0.06695557
0.95477295 0.10668945 0.2715454 -0.057556152
0.95391846 0.10998535 0.27496338 -0.047912598
0.95318604 0.11260986 0.27807617 -0.038085938
0.9524536 0.11437988 0.2808838 -0.028137207
0.9517822 0.115722656 0.28363037 -0.0178833
0.95092773 0.11639404 0.28656006 -0.006958008
0.9500122 0.11743164 0.28930664 0.004333496
0.9489746 0.11956787 0.2913208 0.0154418945
0.94799805 0.12213135 0.29260254 0.026550293
0.9470825 0.12585449 0.2929077 0.037719727
0.9458008 0.13220215 0.29248047 0.048950195
0.9442749 0.13885498 0.29229736 0.06048584
0.94317627 0.1395874 0.2927246 0.07232666
0.9421997 0.13848877 0.29345703 0.08331299
0.94122314 0.13726807 0.29418945 0.09307861
0.9404907 0.13513184 0.2944336 0.10229492
0.9398804 0.13342285 0.2939453 0.111572266
0.939209 0.13244629 0.2925415 0.12133789
0.93847656 0.13287354 0.29034424 0.1315918
0.93756104 0.1348877 0.28753662 0.14178467
0.9368286 0.13647461 0.2841797 0.15148926
0.93640137 0.1362915 0.2805786 0.1607666
0.9364624 0.13391113 0.27661133 0.16925049
0.9368286 0.13049316 0.27209473 0.17687988
0.9373169 0.12799072 0.26708984 0.18371582
0.9379883 0.12512207 0.26141357 0.19012451
0.93896484 0.12213135 0.25494385 0.19610596
0.93981934 0.12030029 0.24810791 0.20166016
0.94085693 0.11834717 0.24066162 0.20709229
0.94177246 0.11785889 0.23278809 0.2119751
0.942749 0.118896484 0.2244873 0.21600342
0.94384766 0.12036133 0.21551514 0.21954346
0.9448242 0.123168945 0.20629883 0.22271729
0.9456787 0.12646484 0.19696045 0.22564697
0.9465332 0.12939453 0.18756104 0.22827148
0.94744873 0.13146973 0.17822266 0.23077393
0.9484253 0.13323975 0.16888428 0.23297119
0.94921875 0.13537598 0.1595459 0.23486328
0.95007324 0.13745117 0.15002441 0.23651123
0.95092773 0.1394043 0.1404419 0.23791504
0.95184326 0.1404419 0.13085938 0.23895264
0.95306396 0.14019775 0.121154785 0.23937988
0.9544678 0.13922119 0.111450195 0.23925781
0.9558716 0.13781738 0.10168457 0.2387085
0.95721436 0.13635254 0.092041016 0.23809814
0.95843506 0.13470459 0.082336426 0.23754883
0.9595947 0.1338501 0.07287598 0.23657227
0.9605713 0.13354492 0.06384277 0.23535156
0.9616699 0.13214111 0.055236816 0.23382568
0.9630127 0.1295166 0.046813965 0.23162842
0.96435547 0.12719727 0.03869629 0.2288208
0.9655762 0.12579346 0.030883789 0.22558594
0.9666748 0.12512207 0.02319336 0.2220459
0.96777344 0.12445068 0.01574707 0.21826172
0.9690552 0.123046875 0.008239746 0.21398926
0.9701538 0.12237549 0.00079345703 0.20928955
0.9710083 0.12347412 -0.0065307617 0.20452881
0.9717407 0.12506104 -0.0134887695 0.1998291
0.97247314 0.12579346 -0.020019531 0.19500732
0.9734497 0.1251831 -0.026062012 0.18988037
0.9744873 0.12384033 -0.031677246 0.1843872
0.97558594 0.122558594 -0.0368042 0.17858887
0.9766846 0.12145996 -0.041625977 0.1720581
0.97784424 0.12060547 -0.046142578 0.16473389
0.9790039 0.12036133 -0.050231934 0.15686035
0.9800415 0.12030029 -0.053955078 0.14868164
0.98101807 0.12036133 -0.057556152 0.1408081
0.98187256 0.12042236 -0.061157227 0.13305664
0.98272705 0.12005615 -0.064697266 0.1251831
0.9835205 0.11987305 -0.068115234 0.117126465
0.98413086 0.1204834 -0.0713501 0.10882568
0.9846802 0.12213135 -0.07434082 0.099975586
0.9850464 0.12475586 -0.07684326 0.09057617
0.98535156 0.12774658 -0.07873535 0.08093262
0.98565674 0.13061523 -0.079956055 0.07110596
0.9859009 0.13342285 -0.08068848 0.06121826
0.98602295 0.13604736 -0.08123779 0.051208496
0.98602295 0.13891602 -0.08190918 0.041503906
0.98583984 0.14215088 -0.0826416 0.032165527
0.98553467 0.14550781 -0.08343506 0.0234375
0.98516846 0.14886475 -0.08392334 0.015319824
0.9849243 0.15106201 -0.0836792 0.0076904297
0.98498535 0.15142822 -0.08258057 0.0005493164
0.9852295 0.15075684 -0.08068848 -0.0056762695
0.9857178 0.1486206 -0.07800293 -0.011169434
0.98638916 0.14544678 -0.07489014 -0.016052246
0.9869995 0.14257812 -0.0715332 -0.020141602
0.98760986 0.1394043 -0.0680542 -0.023620605
0.98828125 0.13568115 -0.064331055 -0.026855469
0.9890137 0.13153076 -0.06085205 -0.030090332
0.989563 0.12774658 -0.057739258 -0.033203125
0.98999023 0.12451172 -0.05529785 -0.036132812
0.99035645 0.12188721 -0.053466797 -0.0390625
0.9906006 0.119506836 -0.05218506 -0.041748047
0.9907837 0.117492676 -0.051330566 -0.044006348
0.9908447 0.11627197 -0.05078125 -0.045654297
0.9909668 0.115356445 -0.050354004 -0.046813965
0.99102783 0.11419678 -0.049682617 -0.047973633
0.99121094 0.11260986 -0.048950195 -0.04937744
0.99139404 0.11071777 -0.048095703 -0.050964355
0.99157715 0.10845947 -0.04724121 -0.052612305
0.9918213 0.10601807 -0.046203613 -0.054016113
0.9920654 0.103515625 -0.04510498 -0.05505371
0.9923096 0.101379395 -0.043823242 -0.055725098
0.9925537 0.099243164 -0.042236328 -0.05609131
0.99279785 0.097351074 -0.04058838 -0.05633545
0.993042 0.095458984 -0.0390625 -0.056640625
0.9932251 0.09362793 -0.037841797 -0.057006836
0.9934082 0.091918945 -0.036865234 -0.057373047
0.9937744 0.08843994 -0.035583496 -0.057922363
0.9939575 0.08648682 -0.03503418 -0.058044434
0.9941406 0.08459473 -0.034301758 -0.058044434
0.99432373 0.08258057 -0.0335083 -0.05810547
0.99450684 0.08074951 -0.03253174 -0.05810547
0.99468994 0.07879639 -0.031433105 -0.05810547
0.9949341 0.07635498 -0.030151367 -0.05822754
0.9951782 0.07354736 -0.028808594 -0.058410645
0.9953613 0.07092285 -0.02746582 -0.058532715
0.99560547 0.068603516 -0.026245117 -0.058410645
0.9957886 0.06652832 -0.025024414 -0.05810547
0.99591064 0.06500244 -0.023986816 -0.057739258
0.9960327 0.064208984 -0.023010254 -0.057250977
0.99609375 0.06359863 -0.022155762 -0.05670166
0.9962158 0.06298828 -0.021484375 -0.056274414
0.9962158 0.062683105 -0.0211792 -0.056030273
0.9962158 0.06274414 -0.0211792 -0.055908203
0.9962158 0.062927246 -0.02130127 -0.055908203
0.9962158 0.06304932 -0.02154541 -0.05596924
0.9962158 0.06317139 -0.021728516 -0.05596924
0.9962158 0.06323242 -0.021972656 -0.05596924
0.9961548 0.06341553 -0.022094727 -0.05596924
0.9961548 0.06359863 -0.022155762 -0.05596924
0.9961548 0.06365967 -0.022216797 -0.056152344
0.99609375 0.06378174 -0.022338867 -0.056396484
0.99609375 0.06427002 -0.022460938 -0.056640625
0.9960327 0.064697266 -0.022583008 -0.056762695
0.9960327 0.064819336 -0.022521973 -0.05670166
0.9960327 0.064819336 -0.022338867 -0.056396484
