0 0 0
0 0 0
0 0 0
0 0 0
0 0 0
0.0625 0 -0.4375
0.125 0 -0.5
0.125 0 -0.5625
0.1875 0 -0.6875
0.25 0 -0.75
0.25 0 -0.8125
0.25 0 -0.875
0.25 0 -0.9375
0.25 0 -1
0.1875 -0.0625 -1.0625
0.1875 -0.125 -1.1875
0.125 -0.25 -1.4375
0.125 -0.3125 -1.625
0.125 -0.375 -1.75
0.125 -0.4375 -1.875
0.125 -0.5 -2.1875
0.125 -0.5625 -2.3125
0.0625 -0.625 -2.5625
0.0625 -0.625 -2.625
0 -0.6875 -2.75
0 -0.6875 -2.875
359.875 -0.75 -3.0625
359.75 -0.75 -3.125
359.6875 -0.75 -3.25
359.625 -0.75 -3.3125
359.4375 -0.8125 -3.5
359.375 -0.8125 -3.6875
359.3125 -0.8125 -3.8125
359.1875 -0.8125 -3.9375
358.875 -0.875 -4.3125
358.6875 -0.9375 -4.5625
358.5625 -0.9375 -4.8125
358.4375 -0.9375 -5
358.25 -0.6875 -5.625
358.25 -0.6875 -5.625
358.125 -0.1875 -6.3125
358.125 0.0625 -6.4375
358.125 0.4375 -6.625
358.25 0.8125 -6.875
358.4375 1.1875 -7.0625
359.1875 1.875 -7.375
359.6875 2.1875 -7.5
0.25 2.5625 -7.6875
0.9375 2.9375 -7.8125
1.625 3.3125 -8.0625
2.375 3.6875 -8.125
3.9375 4.4375 -7.9375
4.8125 4.6875 -7.6875
5.6875 4.875 -7.1875
6.5625 5 -6.4375
7.5 5 -5.25
8.5 4.875 -4.4375
9.625 4.5625 -4.25
10.6875 4.0625 -3.6875
11.6875 3.4375 -3
12.75 2.625 -2.875
13.625 1.8125 -2.5625
14.4375 0.9375 -1.875
15.25 0 -1.9375
15.9375 -0.8125 -1.6875
16.5625 -1.6875 -1.6875
17.0625 -2.5 -1.4375
17.4375 -3.25 -0.4375
17.875 -3.9375 -0.0625
18.375 -4.625 0.375
18.8125 -5.3125 0.9375
19.375 -6.0625 1
19.8125 -6.8125 1.3125
20.125 -7.6875 1.375
20.375 -8.5625 1.625
20.625 -9.4375 2
20.8125 -10.3125 2.3125
21 -11.25 2.625
21.125 -12.1875 2.75
21.3125 -13.0625 3
21.5 -14 3.25
21.5625 -14.9375 3.5
21.625 -15.9375 3.875
21.5 -16.9375 4.25
21.1875 -18 4.5
20.8125 -19.1875 4.6875
20.3125 -20.375 4.6875
19.6875 -21.5625 4.6875
19.125 -22.6875 4.75
18.5 -23.625 5
17.9375 -24.5 5.5625
17.375 -25.1875 6.125
16.75 -25.9375 6.4375
16.0625 -26.625 6.6875
15.3125 -27.25 6.9375
14.5625 -27.8125 7.4375
13.6875 -28.375 8.25
12.75 -29 9.125
11.6875 -29.6875 9.8125
10.4375 -30.4375 10.1875
9.1875 -31.125 10.5
8 -31.6875 11
6.875 -32 11.6875
5.6875 -32.3125 12.5
4.5625 -32.5625 13.25
2.125 -32.9375 14.5
0.8125 -33.125 15
359.4375 -33.25 15.625
359.4375 -33.25 15.625
358.125 -33.3125 16.375
356.75 -33.25 17.1875
355.4375 -33 18.0625
354.0625 -32.6875 19.3125
352.625 -32.3125 20.625
349.875 -32 21.375
349.875 -32 21.375
348.6875 -31.875 21.625
347.5625 -31.6875 21.6875
346.4375 -31.5 21.75
345.25 -31.125 21.9375
344 -30.625 22.25
341.625 -29.375 23.0625
340.5 -28.75 23.1875
339.5 -28.1875 23
339.5 -28.1875 23
337.8125 -26.9375 22.25
337.0625 -26.25 21.875
336.375 -25.5 21.375
335.75 -24.6875 21
335.75 -24.6875 21
334.625 -22.8125 20.3125
334.1875 -21.8125 20.1875
333.8125 -20.6875 20.125
333.4375 -19.5625 20.125
333.125 -18.375 20.1875
332.875 -17.1875 20.25
332.5625 -16.0625 20.125
332.375 -14.9375 20.0625
332.1875 -13.8125 19.9375
332 -12.6875 19.875
331.875 -11.5625 19.75
331.8125 -10.4375 19.5625
331.75 -9.375 19.25
331.8125 -8.375 18.8125
331.9375 -7.375 18.3125
332 -6.375 17.8125
332.125 -5.375 17.375
332.25 -4.375 16.9375
332.25 -4.375 16.9375
332.4375 -3.375 16.6875
332.625 -2.5 16.25
332.9375 -1.6875 15.6875
333.25 -0.9375 15.25
333.6875 -0.125 14.875
334.0625 0.5625 14.5625
334.5625 1.3125 14.3125
335.0625 2.0625 14
336.1875 3.5625 13.6875
336.75 4.3125 13.75
337.3125 5 13.75
337.3125 5 13.75
337.875 5.625 13.5625
338.5625 6.125 13.3125
339.25 6.625 13.125
340 7.0625 12.9375
340.8125 7.4375 12.8125
342.6875 8.125 12.8125
342.6875 8.125 12.8125
343.625 8.4375 12.8125
344.5625 8.6875 12.8125
345.4375 9 12.8125
346.375 9.3125 12.8125
347.375 9.5625 12.9375
348.375 9.8125 13.1875
349.4375 10 13.5625
351.6875 10.125 14.4375
352.875 10.0625 14.875
352.875 10.0625 14.875
354 10 15.25
355.125 9.9375 15.6875
356.25 9.875 16.1875
357.25 9.8125 16.6875
358.1875 9.75 17.125
359.0625 9.5625 17.4375
359.875 9.3125 17.5625
0.625 9 17.5625
1.25 8.625 17.3125
1.8125 8.1875 16.9375
2.3125 7.75 16.625
2.6875 7.3125 16.3125
3.4375 6.4375 15.375
3.4375 6.4375 15.375
3.8125 6.0625 14.9375
4.125 5.75 14.5625
4.5 5.5 14.25
4.8125 5.3125 14
5.0625 5.1875 13.75
5.25 5.125 13.625
5.5 5 13.375
5.5 5 13.375
5.875 4.8125 13
6.0625 4.6875 12.75
6.1875 4.5625 12.4375
6.3125 4.4375 12.125
6.375 4.3125 11.875
6.4375 4.125 11.625
6.4375 3.9375 11.4375
6.5 3.8125 11.1875
6.5625 3.6875 10.9375
6.5625 3.5625 10.75
6.625 3.5 10.5625
6.625 3.4375 10.375
6.625 3.375 10.125
6.625 3.3125 9.875
6.6875 3.25 9.6875
6.6875 3.125 9.4375
6.625 3 9.1875
6.6875 2.875 8.9375
6.6875 2.75 8.5625
6.6875 2.625 8.25
6.6875 2.5 8
6.625 2.375 7.75
6.625 2.25 7.5625
6.5625 2.1875 7.5
6.5 2.0625 7.375
6.4375 2 7.3125
6.375 2 7.3125
6.375 2 7.3125
6.375 2 7.3125
6.375 2 7.3125
6.375 2.0625 7.3125
6.375 2.0625 7.375
6.375 2.0625 7.375
6.375 2.0625 7.375
6.4375 2.125 7.375
6.4375 2.125 7.4375
6.5 2.125 7.5
6.5 2.125 7.5
6.5 2.125 7.5625
