0 0 0
-7.8125 -0.25 -1.6875
-8.3125 -0.25 -4.0625
-6.875 0.4375 -1.6875
-4.75 0.625 -0.375
-6.0625 0.25 -2.25
-8.4375 0.6875 -4.125
-7.4375 1.125 -3.5625
-5.625 0.875 -2.6875
-6.0625 0.875 -1.375
-5.625 -1.0625 -0.8125
-3.5625 -1.5 -0.0625
-1 -0.625 0.875
-4.5625 1.875 1.375
-8.4375 4 2
-13.6875 7.4375 3
-14.375 7.4375 2.5625
-15.5 7.0625 1.125
-14.8125 5.75 -1.375
-13.375 5.5 -0.6875
-15.5 5 0.625
-12.5625 3.1875 1.625
-10 2.1875 1.6875
-9.5 2.125 2.125
-13 2.4375 4.375
-11.4375 1.8125 5.875
-8.25 1 7.1875
-8.1875 0.75 7.875
-10.8125 1.125 8.8125
-10 1.6875 8.875
-10.875 0.9375 7.3125
-13.375 0.1875 6.4375
-14.125 0.0625 12.3125
-15.3125 2 16.25
-21.4375 3.6875 17.125
-25.9375 2.625 15.25
-25.0625 -4.1875 12.875
-28.3125 -8.6875 11.8125
-35.5625 -14.125 8.625
-38.1875 -22.125 4.5
-27.75 -31.6875 3.4375
-16.1875 -36.8125 1.9375
-21.1875 -37.625 -4.9375
-21 -33.75 -24.1875
-17.3125 -31.3125 -33.8125
-17.5 -29.5 -44.125
-16.75 -28.4375 -53.0625
-17.6875 -28.875 -61
-18.8125 -30.375 -69.1875
-10.625 -29.6875 -79.5625
3.8125 -27.125 -80.9375
4.3125 -22.3125 -85.3125
20.0625 -16.1875 -88.0625
40.5 -9.5625 -92.3125
71.25 -2.0625 -96.9375
71.9375 24.6875 -108
12.75 42.9375 -116.4375
49.5 58.8125 -110.3125
58.5625 71.5 -102.125
10.625 84.6875 -103.5625
26.75 93.125 -94.3125
71.9375 94.3125 -81.125
-11.5 97.0625 -84
28.25 91.5 -68.25
-1.25 93.125 -63.0625
33.3125 84.375 -50.25
102.875 77.8125 -35.75
37.8125 73.625 -44.625
57.9375 69.0625 -44.875
59.1875 71.3125 -47.875
14.4375 76.5625 -52.8125
36 78.875 -44.75
15.125 85.3125 -36.6875
29.0625 89.875 -24.875
40.8125 92 -18.25
35.4375 91.9375 -18
30.875 93 -18.75
18.625 95.25 -19.0625
24.9375 94.375 -17.0625
27.25 94.5625 -14.75
29.4375 97.0625 -9.5625
37.1875 100.375 0.5625
29.75 105.0625 12.625
18.8125 113.25 26.4375
-0.125 122.9375 36.875
-15.625 129.25 44.6875
-23.625 127.875 50.25
-21.5625 119.5625 54.4375
-2.625 105.625 57.4375
25.625 91.375 60.875
26.125 83.3125 61.5625
3.5625 80.625 60.75
-13.5 78 61.3125
-11.6875 73.875 67.25
7.6875 70.3125 78.5
29.9375 72.125 91.125
31.5 78.875 100
-0.1875 89.75 105.125
-31.75 96.4375 108.625
-40 91.9375 110.9375
-25.875 79.0625 112.375
-1 60.9375 109.0625
4.8125 56.125 114.9375
-3.0625 51.5625 115.125
-12.875 48.1875 113.875
-19.25 47.875 116.25
-28.25 50.75 121.125
-25.125 49.25 126.625
-12.875 41.4375 129.25
-7.75 33.3125 132.5
4.25 21.625 137.5625
34.1875 13.0625 149.75
36.4375 17.625 153.1875
-30.25 27.1875 134.8125
-48.375 30.875 118.1875
-45.4375 29 104.75
-54.0625 22.4375 95.8125
-50.5625 13.375 98.4375
-45.75 3.8125 108.3125
-33.0625 -6.4375 120.125
-15.25 -15.4375 126
-19.8125 -21.75 120.25
-39.375 -23.5625 108.125
-61.875 -25.6875 92.75
-72.5625 -32.3125 80.1875
-61 -41 74.375
-65.25 -49.375 68.8125
-68.1875 -58.8125 64.8125
-54.125 -66.8125 64.0625
-56.875 -72.875 62.875
-39.5 -82.4375 61.1875
-22 -92.6875 56.875
-17.75 -101.4375 53.25
-1.625 -108.0625 53.5
3.1875 -111.3125 51.875
0.8125 -110.625 48.4375
-9.125 -108.4375 44.125
-11.6875 -108.4375 40.125
-6.75 -109.75 37.9375
-7.625 -111.3125 35.75
-8.4375 -112.25 32.375
-19.0625 -110.8125 26.3125
-32.5 -109.5 17.375
-40.5625 -109.25 8.9375
-45.25 -108.8125 4.1875
-45.5625 -108 3.6875
-46.8125 -107.125 3.8125
-37.5 -107.625 0.5
-29.125 -104.75 -2.5625
-41.0625 -97.375 -7.875
-53.25 -92.5 -16.9375
-49.0625 -91.25 -24.75
-37.875 -91.375 -29.3125
-28.1875 -91.5625 -31.8125
-28.375 -89.3125 -35.5
-36.3125 -88.4375 -41.8125
-27.3125 -91.25 -45.875
-6.875 -93.375 -46.1875
0.4375 -90.75 -45.5625
-8.8125 -83.75 -47.3125
-23.625 -75.75 -52.3125
-31.4375 -69.125 -56.625
-29.5625 -64.9375 -61.625
-27.5625 -62.1875 -70.125
-24.5625 -60.1875 -80
-16.6875 -57.4375 -87.6875
-13.4375 -54.3125 -91.125
-12 -52.4375 -88.1875
-12.1875 -51.75 -86.0625
-16.6875 -51.25 -87.5625
-14.25 -50.875 -89.75
-5.0625 -49.8125 -93.75
7.3125 -48.75 -100.9375
18.6875 -45.75 -108.3125
23.5625 -39.25 -113.0625
22.625 -31.375 -115.5
22.3125 -25.8125 -117.1875
20.75 -24.1875 -118.25
23.6875 -24.6875 -115.375
28.8125 -25.875 -110.5
30.75 -25.4375 -104.0625
31.4375 -20.75 -96.9375
18.5625 -11.5 -91.625
-2.625 -0.3125 -85.3125
-14.5625 11.3125 -75.5
-31.1875 21.625 -66.875
-43.375 28.125 -59
-38.8125 31.6875 -50.625
-41.4375 35.0625 -43.9375
-48.625 37.25 -40.5625
-52.75 35.3125 -40.0625
-49 30.3125 -38.375
-41.3125 23.375 -36.1875
-33.5 15.9375 -34.4375
-31.0625 10.125 -31.75
-25.6875 5.8125 -26.25
-15.5 3.4375 -19.1875
-11.4375 3.5625 -14.125
-15 5.0625 -13.875
-20.25 6.0625 -16.125
-23.875 6.5625 -18.5625
-27.75 7.3125 -19
-30.8125 8.375 -16.4375
-30.5 10 -12.0625
-27.125 12.9375 -7.8125
-26.125 16.9375 -4.75
-23.75 18.1875 -3.75
-23.625 16.3125 -4.3125
-22.625 12.8125 -4.875
-21.375 9.6875 -4.375
-20.4375 7 -3.4375
-21.75 5.5 -2.4375
-23.5 5.4375 -1.1875
-24.875 8.25 -0.6875
-21.875 9.9375 0.3125
-24.4375 12.0625 0.5
-29.75 13.3125 -1.25
-33.8125 13.6875 -2.75
-32.5 13.5 -1.4375
-27.9375 13.375 1.375
-25.4375 12.8125 3.375
-18.4375 12 4.375
-10.125 11 5.25
-7.8125 10.0625 5.6875
-7.4375 7.9375 4.8125
-4 3.8125 2.75
1.0625 0.375 1.0625
2.4375 -1.6875 0.125
1.375 -2.375 -0.125
1.1875 -2.5 0.1875
1.25 -2.3125 0.4375
1.9375 -1.625 0.5625
2.125 -0.8125 -0.1875
1 -0.75 -2
1.6875 -1.375 -3.1875
5.625 -1.5 -2.6875
5.0625 -0.6875 -1.4375
1.3125 0.75 0.75
-0.5625 1.875 3.125
