0 0 0
0 0 0
0 0 0
0 0 0
0 0 0
2.7 -2.78 -1.53
2.71 -1.77 -1.54
2.7 -1.67 -1.39
2.67 -1.6 -1.35
2.64 -1.64 -1.32
2.67 -1.92 -1.2
2.71 -1.67 -1.81
2.85 -1.64 -2.54
2.89 -1.62 -2.47
2.9 -1.65 -2.36
2.94 -2.22 -1.48
2.89 -2.46 -1.32
2.9 -2.65 -1.12
2.89 -1.66 -1.03
2.89 -1.37 -0.98
2.84 -1.32 -0.97
2.77 -1.86 -0.72
2.8 -1.56 -1.02
2.81 -1.22 -1.09
2.79 -1.13 -0.97
2.79 -1.22 -0.89
2.86 -1.4 -1.1
2.84 -1.51 -1.19
2.88 -2.03 -1.26
2.88 -2.2 -1.11
2.9 -1.83 -1.08
2.88 -1.16 -1.09
2.93 -0.12 -1.5
2.93 -1.23 -1.48
2.76 -2.7 -0.25
2.74 -2.65 0.34
2.68 -2.47 0.69
2.47 -3.51 1.63
2.43 -3.68 2.16
2.2 -3.38 2.52
2.2 -4.53 -0.05
2.19 -5.87 -1.25
2.18 -6.66 -2.22
2.22 -7.1 -2.93
2.18 -7.24 -3.35
1.95 -6.97 -2.97
1.72 -6.36 -2.35
1.61 -6.05 -2.28
1.5 -5.31 -2.52
1.58 -4.99 -3
1.5 -4.24 -4.97
1.47 -3.96 -5.68
1.29 -4.19 -6.95
1.42 -4.47 -7.9
1.21 -3.82 -9.72
1.72 -2.87 -10.09
0.71 0.48 -10.35
2.07 3 -9.25
2.07 3 -9.25
0.17 2.67 -4.95
2.5 5.45 -4.45
-1.97 -0.38 -3.66
2.36 6.04 -1.28
-1.06 1.19 -2.18
1.73 3.85 0.84
1.83 0.08 -0.07
1.61 -1.15 -0.38
1.89 -1.09 -1.26
3.01 0.39 -3.53
2.74 0.8 -3.95
2.38 2.63 -4.65
2.47 3.29 -4.61
2.19 3.4 -3.96
2.11 1.64 -3.29
2.17 0.44 -2.62
2.16 0.28 -2.61
2.12 0.71 -2.14
2.19 1.32 -1.45
2.19 1.32 -1.45
2.26 2.65 -1.75
2.04 6.06 -2.12
1.86 7.05 -2.15
1.86 7.79 -2.71
1.48 6.46 -2.21
1.26 5.63 -0.26
1.14 4.73 2.42
1.01 4.22 4.87
0.95 3.4 7.69
0.95 3.4 7.69
1.57 3.49 6.01
2.03 3.76 3.83
2.08 4.56 3.76
2.24 5.87 3.96
2.35 7.09 3.84
2.49 7.6 0.86
2.69 7.02 -0.7
2.74 6.17 -1.4
2.16 3.94 1.7
2.16 3.94 1.7
1.91 2.37 7.14
1.94 -0.37 8.93
2.33 3.74 5.08
2.33 1.9 4.79
2.47 1.39 3.85
2.54 3.03 1.87
2.45 3.13 1.82
2.04 2.74 3.15
1.96 1.5 5.32
1.68 1.69 6.56
1.5 2.25 7.21
1.18 3.09 6.48
1.43 -3.33 0.15
1.59 -6.97 0.08
1.55 -7.09 0.88
1.55 -6.63 2.07
1.57 -2.96 5.48
1.53 0.12 6.35
1.38 2.1 6.97
0.84 1.51 7.41
0.56 -1.24 6.63
0.52 -4.53 5.48
0.49 -6.53 4.44
0.81 -8.05 4.55
0.74 -7.01 5.71
0.67 -5.71 6.08
0.68 -4.62 6.73
0.57 -3.94 6.64
0.34 -3.41 6.11
0.4 -2.88 5.42
-0.03 -3.93 6.62
-0.25 -4.79 6.51
-0.41 -4.51 6.32
-0.41 -3.61 4.7
-0.44 -4.12 3.43
-0.39 -4.27 2.09
-0.28 -4.33 1.54
-0.21 -4.1 2.07
-0.24 -3.87 2.06
-0.19 -3.84 1.98
-0.13 -4.83 1.13
-0.17 -5.75 0.71
-0.23 -6.25 0.6
-0.27 -6.07 0.7
-0.01 -4.09 0.26
0.08 -3.23 0.06
0.1 -3.41 0.01
0.05 -4.81 -0.71
0.16 -4.87 -2.18
0.23 -5.53 -3.07
0.19 -6.39 -2.64
0.11 -5.83 -1.31
-0.02 -5.09 -1.05
-0.08 -4.55 -1.1
0 -5.1 -1.48
-0.06 -5.23 -0.71
-0.14 -4.64 -0.19
-0.2 -3.75 -0.53
0.16 -3.38 -3.42
0.17 -4.06 -4.45
0.28 -4.65 -4.74
0.24 -4.9 -3.95
0.1 -5.68 -3.55
0.1 -6.62 -3.25
0.01 -6.88 -3.19
0.17 -5.24 -3.53
0.27 -3.46 -3.09
0.36 -1.88 -2.52
0.44 -2.66 -2.05
0.43 -3.17 -2.05
0.33 -3.5 -2.25
0.28 -4.13 -2.59
0.21 -5.4 -3.73
0.21 -4.87 -4.61
0.37 -3.94 -5.62
0.46 -2.12 -5.57
0.45 -1.74 -4.5
0.37 -1.02 -3.44
0.4 0.13 -2.78
0.65 1.6 -2.91
0.8 2.27 -3.87
1.09 2.48 -5.36
1.65 3.18 -7.59
1.73 4.05 -7.67
1.81 4.73 -7.53
1.84 4.62 -6.92
1.76 4.51 -4.4
1.77 4.37 -3.6
1.75 3.7 -2.99
1.72 2.01 -0.73
1.71 1.67 0.66
1.78 1.94 1.62
1.86 1.86 2.41
2.2 2.12 2.21
2.41 2.7 1.68
2.56 3.53 0.99
2.84 3.63 -0.72
2.87 2.55 -1.37
2.83 1.39 -1.75
2.79 0.73 -1.95
2.74 0.92 -2
2.73 1.76 -2.12
2.78 2.54 -2.27
2.84 3 -2.86
2.86 2.65 -2.96
2.83 2.29 -2.55
2.84 1.73 -1.69
2.73 1.08 0.14
2.79 1.33 0.46
2.81 1.55 0.47
2.96 1.89 -0.28
2.99 1.83 -0.81
3.01 1.81 -1.31
3.03 1.62 -1.76
2.96 1.4 -2.18
2.92 1.19 -2.34
2.93 0.83 -1.83
2.92 1.3 -1.51
2.92 1.3 -1.51
2.89 2.33 -1.29
2.84 1.72 -1.17
2.82 1.5 -1.04
2.8 1.41 -0.96
2.64 0.95 -0.32
2.57 0.44 0.21
2.57 0.29 0.44
2.59 0.37 0.26
2.69 0.74 -0.41
2.76 0.97 -0.8
2.77 1.01 -1.05
2.74 0.8 -1.37
2.73 0.61 -1.4
2.7 0.37 -1.35
2.7 0.16 -1.23
2.63 0.79 -1.21
2.63 1.17 -1.33
2.65 1.59 -1.49
2.66 2 -1.52
2.61 1.91 -1.36
2.6 1.68 -1.33
