0 0 0
0 0 0
0 0 0
0 0 0
0 0 0
359.9375 0 -0.5
359.875 0 -0.5625
359.875 0 -0.625
359.8125 0 -0.6875
359.875 0 -0.875
359.9375 0 -0.9375
359.9375 0 -1.125
359.9375 0 -1.1875
0 0 -1.3125
0 0 -1.375
0 0 -1.5625
359.9375 0 -1.625
359.9375 0 -1.75
359.9375 0 -1.8125
359.9375 0 -2
359.9375 0 -2
359.9375 0 -2.1875
0.3125 16.375 12.0625
0.3125 16.375 11.875
0.3125 16.375 11.875
0.375 16.375 11.6875
0.375 16.375 11.5625
0.375 16.4375 11.4375
0.375 16.4375 11.25
0.4375 16.5 11.0625
0.4375 16.5625 10.8125
0.4375 16.625 10.625
0.5 16.6875 10.4375
0.625 16.875 10.1875
0.6875 17.0625 10.0625
0.8125 17.3125 9.9375
1 17.625 9.875
1.1875 17.875 9.8125
1.375 18.1875 9.75
1.625 18.4375 9.625
1.875 18.75 9.5625
2.125 19.0625 9.5625
2.5 19.375 9.625
2.875 19.6875 9.8125
3.375 20.0625 10
3.875 20.375 10.25
4.375 20.6875 10.5625
4.875 20.9375 10.9375
5.4375 21.125 11.1875
6.8125 21.375 11.8125
7.5 21.375 12.1875
8.1875 21.4375 12.625
8.875 21.375 13.0625
9.5625 21.25 13.4375
10.25 21.125 13.8125
11.5625 20.6875 14.8125
12.25 20.4375 15.375
13 20.125 15.875
13.75 19.75 16.375
15.25 18.9375 17.25
16 18.5 17.75
16.625 18 18.1875
17.25 17.4375 18.5
17.9375 16.75 18.6875
19.1875 15.1875 19.0625
19.8125 14.375 19.375
20.4375 13.5625 19.75
20.9375 12.8125 20.125
21.375 12.0625 20.5625
22 10.6875 21.6875
22.1875 9.875 22.1875
22.375 9.0625 22.6875
22.5625 7.1875 23.375
22.4375 6.25 23.5625
22.3125 5.375 23.6875
22 4.5 23.75
21.75 3.625 23.8125
21.5625 2.8125 23.8125
21.125 1.0625 23.875
20.8125 0.125 23.875
20.8125 0.125 23.875
20 -1.5 24
20 -1.5 24
19.5 -2.1875 24.0625
19 -2.75 24.1875
18.4375 -3.25 24.375
17.875 -3.625 24.75
17.3125 -3.875 25.1875
16.625 -4.125 25.5625
15.9375 -4.3125 25.875
15.1875 -4.4375 26.1875
14.3125 -4.5625 26.5
13.375 -4.625 26.9375
12.4375 -4.6875 27.3125
11.4375 -4.8125 27.5
10.375 -4.875 27.5625
9.375 -5 27.6875
8.3125 -5.0625 27.8125
7.375 -5.1875 27.9375
6.375 -5.375 28.125
5.3125 -5.5625 28.1875
4.1875 -5.75 28.0625
3.0625 -5.9375 27.8125
1.875 -6.0625 27.5625
0.6875 -6.1875 27.1875
359.4375 -6.25 26.9375
358.25 -6.25 26.6875
357.0625 -6.25 26.4375
355.875 -6.1875 26.125
354.75 -6.1875 25.6875
352.5625 -6 24.625
352.5625 -6 24.625
351.5 -5.875 24
350.4375 -5.6875 23.3125
348.375 -5.125 21.9375
347.375 -4.6875 21.3125
347.375 -4.6875 21.3125
346.375 -4.1875 20.75
345.375 -3.5625 20.4375
344.5 -3 20.0625
343.75 -2.375 19.6875
343 -1.8125 19.25
341.625 -0.8125 18.5
341.625 -0.8125 18.5
340.3125 0.0625 17.4375
339.6875 0.5 16.9375
339.1875 1 16.5
339.1875 1 16.5
338.6875 1.5625 16.0625
337.6875 2.5625 15.25
337.25 3.0625 14.75
337.25 3.0625 14.75
336.875 3.5 14.25
336.5 3.875 13.75
336.1875 4.25 13.1875
335.8125 5.0625 12.0625
335.625 5.5625 11.5625
335.625 5.5625 11.5625
335.4375 6 11.0625
335.3125 6.4375 10.5
335.1875 6.875 9.875
335.125 7.3125 9.25
335.1875 7.75 8.6875
335.25 8.3125 8.125
335.375 8.875 7.75
335.4375 9.5 7.3125
335.5 10.125 6.8125
335.625 10.75 6.25
335.75 11.375 5.875
335.9375 12.0625 5.625
336.125 12.8125 5.5
336.4375 13.5625 5.375
336.6875 14.25 5.1875
336.9375 14.9375 4.9375
337.1875 15.625 4.625
337.5 16.3125 4.3125
337.875 17.0625 4.1875
338.25 17.8125 4.125
338.6875 18.625 4.0625
339.1875 19.375 4
339.625 20 3.875
340.125 20.625 3.75
340.5625 21.25 3.625
341.625 22.375 3.5
342.1875 22.9375 3.5625
342.1875 22.9375 3.5625
342.8125 23.4375 3.6875
343.375 24 3.8125
344 24.4375 3.8125
344.625 24.875 3.875
345.9375 25.625 3.9375
345.9375 25.625 3.9375
346.6875 26 4.125
347.4375 26.375 4.375
348.1875 26.8125 4.75
348.9375 27.125 5.125
349.6875 27.4375 5.4375
350.4375 27.625 5.6875
351.25 27.8125 5.875
352 27.9375 6.125
352.8125 28.125 6.3125
353.625 28.25 6.625
354.4375 28.375 6.875
355.125 28.5 7.125
355.8125 28.5625 7.375
356.5 28.625 7.5
357.1875 28.625 7.625
357.8125 28.625 7.75
358.3125 28.5625 7.875
358.875 28.5625 8.0625
359.4375 28.5 8.125
0.6875 28.375 8.1875
0.6875 28.375 8.1875
1.25 28.3125 8.375
1.8125 28.3125 8.5
2.3125 28.25 8.5625
2.75 28.1875 8.625
3.1875 28.125 8.625
3.6875 27.9375 8.5625
4.125 27.75 8.4375
4.625 27.5625 8.4375
5 27.375 8.375
5.375 27.25 8.3125
5.625 27.1875 8.25
5.75 27.125 8.25
5.9375 27.125 8.3125
6.0625 27.125 8.375
6.25 27.125 8.5
6.4375 27.125 8.625
6.625 27.125 8.75
6.75 27.125 8.8125
6.875 27.0625 8.875
6.9375 27 9
7.25 26.75 8.9375
7.25 26.75 8.9375
7.4375 26.5625 8.8125
7.5625 26.3125 8.625
7.8125 25.8125 8.125
8 25.5625 7.8125
8.125 25.375 7.5
8.25 25.25 7.25
8.375 25.0625 7
8.4375 24.9375 6.6875
8.5 24.8125 6.375
8.5625 24.625 6.0625
8.5625 24.25 5.375
8.5625 24.25 5.375
8.5625 23.9375 4.8125
8.5625 23.9375 4.8125
8.75 23.625 4.25
8.75 23.625 4.25
8.75 23.5 4.125
8.75 23.4375 4
8.8125 23.375 3.9375
8.875 23.3125 3.8125
8.9375 23.3125 3.6875
9 23.25 3.6875
9.0625 23.25 3.625
9.125 23.25 3.5625
9.1875 23.25 3.625
9.1875 23.25 3.625
9.25 23.1875 3.625
9.3125 23.1875 3.5625
9.3125 23.1875 3.5625
9.375 23.1875 3.5625
9.375 23.125 3.5
9.4375 23.125 3.4375
9.4375 23.125 3.375
9.5 23.125 3.375
9.5 23.125 3.3125
9.5 23.125 3.3125
9.5625 23.125 3.25
9.5625 23.125 3.1875
9.6875 23.0625 3
9.6875 23.0625 3
9.6875 23 2.875
9.75 22.9375 2.75
9.8125 22.875 2.625
9.8125 22.8125 2.4375
