0 0 0
-8.3125 0.75 0.6875
-8.625 0.875 0.75
-7.6875 -0.1875 0.3125
-7.75 -0.6875 1.125
-8.5625 -1 2.125
-6.4375 -0.4375 3.8125
-7.4375 0.375 0.875
-8.3125 0.25 -1.875
-7.1875 -1.25 -2.5625
-7.75 -1.4375 -1.8125
-8.8125 -0.9375 -1.5
-6.0625 -0.25 -1.75
-6.6875 0.0625 -1.9375
-8.1875 -0.0625 0
-8.5 0.1875 1.25
-9.125 0.75 1.75
-10.4375 1.125 0.9375
-9.625 0.6875 0.25
-9.0625 0.0625 0.375
-10 -0.1875 0.3125
-8 -0.875 0.625
-9.9375 -0.5 -1
-10.3125 -0.4375 -1.25
-10.0625 -0.5 -0.5625
-9.875 -0.5625 0.125
-15.1875 -0.875 0.9375
-16.9375 -2.625 1.4375
-22.5 -3.625 1.8125
-22.1875 -5.9375 2.1875
-19.75 -8.0625 0.9375
-24.0625 -10.3125 -1.4375
-22.1875 -16.125 -3.3125
-18.125 -22.8125 -5.0625
-17.25 -28.4375 -8.9375
-13.875 -31.6875 -11.9375
-10.3125 -33.1875 -14.5625
-13.3125 -32.6875 -16.875
-18.9375 -32.75 -18.5625
-16.0625 -33.4375 -19.625
-10.8125 -35.5 -24.4375
-4.8125 -39.25 -31.5625
2.25 -42.125 -38
0.5625 -43.1875 -44.5
5.1875 -43.75 -48.625
12.125 -41.6875 -49.4375
11.5625 -36.75 -51.6875
4.4375 -31.25 -57.5625
1.8125 -27.1875 -65.875
6.5 -24 -71.75
11.4375 -20.4375 -73.25
15.0625 -16.8125 -73.75
10.375 -5.25 -71
13.875 -1.75 -71.4375
21.9375 0.8125 -72.9375
27.875 3.75 -74.1875
27.4375 7.8125 -77.1875
20.75 14.5 -83.75
17.125 16.0625 -85.8125
23.75 17.9375 -84.125
27.25 22.6875 -80.375
22.125 29.625 -77.25
0.6875 49.125 -74.6875
-1.3125 56.3125 -77.3125
7.5 61.5 -77.1875
19.6875 62.5 -76.75
28.5 61.125 -74
36 56.875 -60.8125
47.6875 57 -51.625
56.375 62.0625 -43.3125
53.4375 70.375 -39.9375
39.1875 88 -33.8125
35.6875 93.875 -25.1875
25.875 99 -13.5625
14.8125 100.875 -3.5625
4.6875 99.25 5.6875
2.3125 96.125 3.6875
8 96.0625 1.9375
6.375 101 1.125
-0.9375 106.4375 5.75
2.75 106.0625 14.9375
7.9375 101.8125 24.8125
3.6875 95.25 32.25
9.3125 84 37.5
19.75 71.5 40.9375
28.9375 61.625 44.6875
41.8125 54.8125 50.5625
33.0625 51.6875 54.625
26.875 50.8125 61.125
27.25 51.25 69.875
27.4375 53.6875 77.8125
37.1875 52.125 85.3125
29.625 51.875 88.6875
8.125 55.5625 89.375
-0.125 58.875 92.375
3 60.125 93.625
3.8125 59.9375 89
3.4375 61.0625 86.5625
5.9375 64.5 88.1875
-5.375 68.625 89.875
-22.375 72.8125 93.625
-36.1875 74.1875 98.0625
-43.9375 72.875 102.5625
-47.3125 68.875 105.75
-42.5625 62.75 108.5
-36.8125 56.5625 109.0625
-39.375 51.3125 107.1875
-45.875 47.5625 106.125
-55.5625 44 104.5625
-65.875 40.25 101.9375
-71.125 34.875 99.625
-73.75 30.5625 99.1875
-78.375 25.1875 99.0625
-84.0625 17.625 100.5
-81.0625 6 102.625
-74.4375 -7 103.8125
-60.3125 -19.25 104.125
-41.75 -28 102.1875
-40.125 -32 94.4375
-45.625 -33.5 85
-43.125 -33.375 79.75
-39.5 -31.3125 77.5
-44.25 -27.5625 74.375
-55.125 -24.5625 73.5
-53.4375 -26.625 71.5625
-48.8125 -31.75 66.25
-48.5625 -35.875 61.5
-42.5625 -39.3125 59.25
-41.5625 -40.3125 57.25
-42.5625 -38.875 55
-47.125 -36.125 51.75
-47.75 -34.125 47.25
-51.1875 -32.4375 41.4375
-56.0625 -32.3125 35
-56.4375 -35.4375 29.125
-53.4375 -38.875 26.375
-50.5 -41.8125 25.4375
-51.375 -42.25 25
-57.125 -41.5625 23.125
-62.3125 -42.25 18.625
-62.5625 -44.4375 12.3125
-62.875 -48.25 4.125
-56.4375 -54.6875 -1.125
-43.4375 -61.5625 -1.1875
-43.75 -64.4375 -0.375
-54.0625 -63.9375 -1.0625
-56.625 -62.875 -2.125
-45.875 -65.5625 -5.125
-26.625 -73.3125 -11.6875
-17.5 -79.1875 -17.8125
-19.5 -79.875 -20.25
-26.0625 -76.8125 -19.75
-32.25 -72.75 -19.125
-41.875 -70.8125 -21.0625
-39.125 -73.8125 -24
-25.25 -79.875 -29.0625
-21 -83.1875 -35.8125
-20.75 -83 -39.25
-21.25 -79.0625 -39.625
-29.3125 -72.75 -40.3125
-31.75 -67.6875 -41.5
-29.1875 -63.375 -43.4375
-30.875 -60.4375 -46.4375
-24.375 -60.625 -49
-14.875 -61.3125 -51.875
-13.875 -60.75 -55.8125
-13.8125 -57.4375 -57.0625
-23.5 -51.9375 -57.4375
-27.0625 -46.875 -58.125
-28.0625 -43.375 -59.5
-22.4375 -43 -62.625
-17.5625 -44.75 -67.8125
-9.3125 -46.75 -72.0625
-1.25 -47.25 -75.0625
-1.4375 -43.5625 -76.125
-7.25 -36.875 -75.375
-16.25 -29.5625 -74.875
-18.9375 -24.5625 -74.4375
-19.6875 -22.6875 -75.75
-18.25 -23.25 -77.625
-14.6875 -23.6875 -77.6875
-14.0625 -22.875 -75.1875
-11.25 -20.875 -71.25
-14.75 -17.375 -67.75
-21.0625 -11.875 -64.6875
-23.5625 -8.25 -61.625
-19.1875 -6.8125 -58
-11.25 -5.5 -52.6875
-11.9375 -3 -50.125
-19 -1.625 -52.125
-26.6875 -0.8125 -55.8125
-27.4375 -2.5 -58.9375
-17.4375 -4.6875 -57.25
-15.5625 -4.5 -53.25
-17.0625 -3.375 -48.25
-17.8125 -0.125 -42.25
-20.25 4.625 -38.75
-28 10.25 -41.0625
-29.5625 12.75 -44.3125
-21.6875 12.75 -43.1875
-24.6875 12.625 -37.9375
-23.6875 10.125 -29.875
-14.125 6.0625 -20.625
-7.0625 2.6875 -14.875
-5.3125 0.125 -14.375
-2.875 -2.625 -16.875
2.8125 -4.125 -18.625
3.5625 -3.9375 -19.1875
3.0625 -2.6875 -17.9375
0.3125 -0.1875 -15.3125
2 1.4375 -12.75
3.8125 4.3125 -10.8125
-2.8125 8.75 -12.5625
-14.0625 13.25 -14.8125
-16.25 18.375 -12.9375
-23 23.0625 -11.0625
-27.75 25.125 -9.6875
-31.6875 24.8125 -8.9375
-31.75 22.5625 -8.875
-33.1875 19.5625 -9.125
-31.25 16.6875 -7.5
-30.5625 14.6875 -5.6875
-29.9375 15.0625 -0.0625
-28.4375 16.5 3.1875
-30.75 18.5625 5.3125
-31.375 19.875 6.125
-28.875 19.3125 4.1875
-29.5625 19.125 1.6875
-32.1875 17.375 -0.875
-25.25 12.75 -2.25
-14.6875 8.8125 -1.3125
-8.375 6.875 -0.125
-10.75 6.375 -0.6875
-13.1875 5.6875 -2.3125
-10.125 4.125 -4.1875
-7.9375 2.875 -5.125
-6.6875 1.75 -5.4375
-5.25 1.1875 -5.25
-3.125 0.375 -4.8125
0.8125 0 -4.125
0.25 1 -3.75
-5 1.8125 -4.625
-4.3125 1.1875 -4.9375
-1.5 1.3125 -3
-5.3125 2.625 -1.3125
-10 2.4375 -1.25
-6.125 0.5 -1.375
-0.75 -1.5625 -1.5625
-1.75 -1.6875 -1.5
-6.0625 -0.5625 -1.1875
-6 -0.125 -1.1875
-6.6875 0.6875 -1.8125
-9.3125 2.25 -2.5625
-12.5625 4 -2.75
-12.9375 5.3125 -2.5
-13.9375 6.3125 -2.0625
-16.375 7.0625 -1.375
-16.8125 6.6875 -0.75
-13.6875 6.1875 0.3125
