0 0 0
0 0 0
0 0 0
0 0 0
0 0 0
2.62 2.63 -1.11
2.62 2.24 -1.32
2.6 1.09 -1.16
2.62 1.62 -0.9
2.6 2.04 -0.76
2.56 2.49 -1.14
2.52 2.39 -1.26
2.51 2.48 -1.17
2.53 2.77 -1.13
2.57 2.9 -1.12
2.57 2.63 -1.2
2.56 2.28 -1.12
2.57 2.15 -0.98
2.6 2.32 -0.86
2.65 2.39 -0.75
2.65 2.44 -0.85
2.67 2.28 -1.01
-0.11 -0.21 -0.48
-0.14 0.41 -0.21
-0.16 0.59 -0.14
-0.16 0.62 -0.14
-0.24 0.42 0.54
-0.32 0.41 0.86
-0.38 0.36 0.99
-0.56 -0.82 1.77
-0.64 -1.21 2.22
-0.76 -1.45 3.13
-0.76 -1.45 3.13
-1.01 -1.89 3.48
-1.17 -2.59 2.06
-1.24 -2.51 1.42
-1.21 -2.42 0.18
-1.21 -2.42 0.18
-1.28 -2.34 0.15
-1.61 -4.58 0.39
-1.76 -5.29 0.52
-1.82 -5.14 -0.04
-1.87 -5.02 -0.7
-1.84 -3.75 -1.96
-1.85 -3 -3.14
-1.88 -3.11 -4.2
-2.08 -4.59 -5.01
-2.2 -4.87 -4.86
-2.34 -4.21 -4.82
-2.33 -2.63 -5.03
-2.31 -0.93 -5.26
-2.3 -0.18 -5.63
-2.23 -0.04 -5.75
-1.95 -0.96 -4.52
-1.94 -1.05 -4.57
-1.99 -1.06 -4.93
-2.18 -1.6 -4.81
-2.16 -0.9 -4.6
-1.92 1.38 -4.7
-1.74 1.91 -5.45
-1.58 2.13 -6.08
-1.54 2.42 -6.61
-1.6 0.6 -6.64
-1.92 1 -4.73
-2.08 2.11 -1.91
-2.03 3.29 -1.32
-2.02 4.67 -0.95
-1.88 6.95 -2.46
-1.81 6.88 -3.99
-1.92 5.95 -5.12
-2.22 6.16 -5.59
-2.04 8.16 -4
-1.8 9.3 -3.57
-1.54 8.11 -1.54
-1.41 7 -1.02
-1.17 3.19 -0.32
-0.94 3.54 -1.11
-0.53 4.32 -2.05
-0.33 5.84 -1.89
-0.35 8.31 1.57
-0.1 8.49 2.76
0.05 7.89 3.84
0.06 6.46 6.19
0.25 6.3 6.14
0.25 6.11 5.41
0.43 7.14 4.32
0.85 7.39 2.31
0.97 8 1.42
1.12 8.47 0.65
1.28 7.32 -0.39
0.82 6.65 1.41
0.99 6.07 0.39
1.13 4.88 -1.13
0.88 4.33 -1.15
0.63 2.99 -0.69
0.66 1.48 -0.52
0.61 2.45 -1.21
0.65 3.22 -1.61
0.6 3.59 -1.61
0.49 4.21 -1.38
0.1 4.33 0.46
-0.07 4.04 1.46
-0.24 3.45 2.57
-0.52 2.59 4.01
-0.58 1.63 3.97
-0.53 1.19 3.68
-0.56 1.32 3.45
-0.6 1.06 3.17
-0.66 0.69 3.31
-0.67 0.7 3.68
-0.76 1.36 4.02
-0.75 1.55 4.52
-0.89 1.91 5.48
-1.03 2.06 6.55
-1.25 1.14 7.29
-1.31 0.54 6.63
-1.38 -0.39 5.33
-1.33 -2.69 2.3
-1.36 -2.53 1.34
-1.32 -1.33 0.51
-1.29 -0.49 -0.21
-1.16 -0.13 -0.89
-1.29 0.45 -0.15
-1.5 -0.02 1.09
-1.65 -1.36 1.8
-1.72 -0.99 1.65
-1.7 -0.42 1.14
-1.67 -0.13 0.43
-1.41 -0.32 -1.11
-1.4 -0.85 -1.34
-1.38 -1.26 -1.21
-1.3 -1.86 -0.74
-1.25 -1.9 -0.11
-1.23 -1.7 0.57
-1.2 -0.86 0.9
-1.02 0.07 0.63
-1.01 0 0.15
-1.03 -0.54 0
-0.95 -2.23 0.69
-1.03 -2.91 1.22
-1.07 -3.22 1.59
-1.19 -2.46 2.32
-1.19 -2.46 2.32
-1.06 0.29 0.72
-1.06 0 -0.13
-1.15 -1.16 -0.14
-1.39 -2.2 1.07
-1.6 -2.92 1.9
-1.58 -2.49 1.52
-1.14 0.02 -0.87
-1.08 0.74 -1.45
-1.03 0.71 -1.59
-1.03 0.71 -1.59
-1.51 -1.16 1.16
-1.73 -1.92 1.2
-1.81 -2.08 0.19
-1.63 -0.22 -2.35
-1.56 0.46 -3.49
-1.57 0.44 -4.09
-1.61 0.17 -3.67
-1.77 -0.19 -3.3
-1.89 -0.46 -2.75
-2.11 -0.38 -1.98
-2.12 -0.78 -2.36
-2.03 -0.34 -2.94
-1.91 0.47 -3.93
-1.59 0.84 -4.49
-1.54 0.66 -4.3
-1.59 0.22 -3.69
-1.72 -0.41 -2.8
-1.89 -1 -1.99
-1.87 -0.5 -2.2
-1.77 0.06 -2.99
-1.35 1.76 -5.07
-1.3 2.09 -5.48
-1.23 2.16 -5.16
-1.25 2.16 -4.44
-1.33 1.5 -2.54
-1.34 1.71 -1.99
-1.23 2.44 -2.08
-0.97 4.14 -2.55
-0.89 4.4 -2.93
-0.71 4.42 -3.47
-0.57 4.54 -3.75
-0.52 4.59 -2.79
-0.47 4.75 -2.3
-0.31 5 -2.36
-0.23 4.26 -2.51
-0.28 2.2 -1.87
-0.35 1.87 -1.43
-0.42 2.16 -0.69
-0.41 4.59 -0.97
-0.34 5.2 -1.51
-0.25 5.71 -2.19
-0.23 6.02 -2.73
-0.23 4.09 -3.82
-0.23 2.68 -3.79
-0.34 2.62 -2.73
-0.27 5.22 -1.29
-0.25 6.37 -0.49
-0.29 7.11 0.45
-0.34 7.15 0.96
-0.34 7.15 0.96
-0.6 3.3 0.49
-0.66 2.42 0.36
-0.5 2.81 -0.64
-0.47 3.36 -1.12
-0.44 3.9 -1.52
-0.45 4.29 -1.76
-0.6 4.08 -1.68
-0.66 3.6 -2.17
-0.63 2.71 -2.79
-0.66 3.44 -2.85
-0.63 4.02 -2.75
-0.64 3.95 -2.18
-0.72 3.71 -1.37
-0.98 3.09 0.18
-0.95 2.8 0.49
-0.89 2.84 0.7
-0.94 3.51 0.26
-0.89 3.52 -0.18
-0.79 3.83 -0.69
-0.69 3.99 -1.18
-0.6 3.55 -1.82
-0.54 2.37 -1.66
-0.5 1.14 -1.16
-0.45 1.19 -0.98
-0.44 1.27 -0.21
-0.39 1.62 0.43
-0.26 2.68 0.06
-0.19 2.61 -0.38
-0.19 2.29 -0.72
-0.27 1.87 -0.49
-0.32 1.96 -0.47
-0.35 2.32 -0.47
-0.39 2.59 -0.42
-0.42 3.02 -0.64
-0.45 3.14 -0.74
-0.47 3.29 -0.94
-0.45 3.06 -1.23
-0.52 3.08 -0.93
-0.57 3.38 -0.73
-0.53 3.9 -0.91
-0.54 3.64 -0.84
-0.61 3.33 -0.36
-0.64 3.21 0
-0.56 3.28 -0.62
-0.5 3.44 -1.12
-0.51 3.43 -1.25
-0.55 3.22 -1.25
-0.5 3 -1.64
-0.51 3.14 -1.83
-0.51 3.3 -1.83
-0.59 3.47 -1.52
-0.6 3.5 -1.42
-0.6 3.46 -1.24
-0.6 3.46 -0.98
-0.62 3.16 -1.03
-0.57 2.94 -1.23
