0 0 0 0
0 0 0 0
0 0 0 0
0 0 0 0
0 0 0 0
1 -0.0048828125 0.000061035156 0.00048828125
1 -0.00592041 0.000061035156 0.0010986328
1 -0.0065307617 0.000061035156 0.001159668
1 -0.0072631836 0.000061035156 0.0009765625
0.99993896 -0.008605957 -0.000061035156 0.0005493164
0.99993896 -0.009277344 -0.00018310547 0.00036621094
0.99993896 -0.010681152 -0.00024414062 0.00012207031
0.99993896 -0.011169434 -0.00024414062 0
0.99993896 -0.011779785 -0.00024414062 -0.00018310547
0.99993896 -0.013061523 -0.00024414062 -0.00024414062
0.9998779 -0.013793945 -0.00024414062 -0.00012207031
0.9998779 -0.014587402 -0.00018310547 0
0.9998779 -0.0154418945 -0.00012207031 0.000061035156
0.9998779 -0.017089844 0 0.000061035156
0.9998169 -0.0178833 0 0.000061035156
0.9998169 -0.018737793 0 0.000061035156
0.9998169 -0.01940918 -0.000061035156 0.00012207031
0.98443604 0.10095215 -0.14398193 -0.0029907227
0.9844971 0.10021973 -0.1439209 -0.0032348633
0.9845581 0.099365234 -0.1439209 -0.0033569336
0.9847412 0.09753418 -0.1439209 -0.003540039
0.9848633 0.09625244 -0.14404297 -0.0036621094
0.98498535 0.0947876 -0.14422607 -0.0037231445
0.9851074 0.09289551 -0.14453125 -0.00390625
0.9852295 0.09100342 -0.14508057 -0.0040283203
0.9852905 0.08935547 -0.14575195 -0.004272461
0.98535156 0.087402344 -0.14654541 -0.004760742
0.9852905 0.08557129 -0.14788818 -0.005432129
0.9851074 0.084106445 -0.14971924 -0.006225586
0.9848633 0.08276367 -0.15203857 -0.007385254
0.9845581 0.081726074 -0.15460205 -0.0087890625
0.9841919 0.08105469 -0.15722656 -0.010375977
0.9838257 0.08013916 -0.15985107 -0.012207031
0.9834595 0.07879639 -0.16241455 -0.014221191
0.98309326 0.07763672 -0.16503906 -0.016296387
0.982605 0.07702637 -0.16778564 -0.018676758
0.98205566 0.07702637 -0.1708374 -0.02166748
0.98132324 0.077697754 -0.17407227 -0.025024414
0.9805908 0.07824707 -0.17736816 -0.0289917
0.97979736 0.07928467 -0.1807251 -0.03326416
0.97888184 0.08093262 -0.18383789 -0.03741455
0.9780884 0.08258057 -0.18658447 -0.041809082
0.97735596 0.083740234 -0.18878174 -0.046691895
0.97662354 0.08483887 -0.19055176 -0.05230713
0.9758301 0.08642578 -0.19207764 -0.058288574
0.9750366 0.08850098 -0.1932373 -0.06427002
0.97424316 0.09082031 -0.19415283 -0.070251465
0.97283936 0.09515381 -0.19458008 -0.081726074
0.97216797 0.097473145 -0.19421387 -0.087402344
0.97143555 0.10046387 -0.19372559 -0.09301758
0.9707031 0.104003906 -0.19299316 -0.09863281
0.9691162 0.11114502 -0.19042969 -0.1105957
0.96832275 0.11437988 -0.18865967 -0.11694336
0.9675293 0.117248535 -0.18664551 -0.123535156
0.9666748 0.12072754 -0.18463135 -0.12988281
0.9658203 0.12445068 -0.18225098 -0.13574219
0.9651489 0.12780762 -0.17926025 -0.14141846
0.96447754 0.13232422 -0.17059326 -0.15228271
0.9642334 0.1340332 -0.16516113 -0.15802002
0.96398926 0.13653564 -0.1593628 -0.16345215
0.963501 0.14001465 -0.15362549 -0.1687622
0.96221924 0.1482544 -0.1428833 -0.17810059
0.9614868 0.152771 -0.13806152 -0.1819458
0.9607544 0.15814209 -0.13348389 -0.18481445
0.95996094 0.16412354 -0.12872314 -0.18688965
0.9588623 0.17547607 -0.11706543 -0.19000244
0.9585571 0.18035889 -0.11004639 -0.19104004
0.95843506 0.18499756 -0.10266113 -0.19128418
0.9586792 0.18884277 -0.09484863 -0.1906128
0.9597168 0.19421387 -0.07897949 -0.18707275
0.96032715 0.19616699 -0.07110596 -0.18493652
0.9609375 0.19781494 -0.06335449 -0.18304443
0.9613037 0.19989014 -0.055725098 -0.18121338
0.9616699 0.20196533 -0.047668457 -0.17938232
0.9621582 0.20349121 -0.0390625 -0.17712402
0.9626465 0.20526123 -0.030761719 -0.17407227
0.96307373 0.20733643 -0.023010254 -0.17022705
0.96362305 0.20892334 -0.01586914 -0.16589355
0.9640503 0.21081543 -0.00982666 -0.16137695
0.96429443 0.21331787 -0.005004883 -0.15673828
0.96435547 0.2164917 -0.0012207031 -0.15197754
0.9642334 0.22058105 0.0018310547 -0.14685059
0.96429443 0.22393799 0.0045776367 -0.14141846
0.96447754 0.2267456 0.0072631836 -0.13549805
0.96466064 0.22961426 0.009765625 -0.12884521
0.9649048 0.23248291 0.012329102 -0.12145996
0.9649658 0.23614502 0.014526367 -0.11352539
0.9650879 0.23913574 0.016723633 -0.105285645
0.9656372 0.24041748 0.019348145 -0.09686279
0.96624756 0.24102783 0.022277832 -0.088134766
0.96673584 0.24188232 0.025268555 -0.07928467
0.96710205 0.24279785 0.028320312 -0.07080078
0.9673462 0.24365234 0.031555176 -0.062438965
0.96746826 0.24468994 0.034973145 -0.053955078
0.96777344 0.24481201 0.03869629 -0.045166016
0.9682617 0.24353027 0.04284668 -0.035888672
0.96899414 0.2411499 0.04699707 -0.026245117
0.9697876 0.23809814 0.050964355 -0.016174316
0.97052 0.23480225 0.05456543 -0.00592041
0.97106934 0.23181152 0.057556152 0.0043945312
0.9713745 0.22924805 0.060058594 0.0146484375
0.9717407 0.22650146 0.06213379 0.024658203
0.9720459 0.22320557 0.06390381 0.034484863
0.9725342 0.21905518 0.06536865 0.044189453
0.9730835 0.2140503 0.06652832 0.053710938
0.9736328 0.20855713 0.06732178 0.062927246
0.9741821 0.20288086 0.06768799 0.072021484
0.97473145 0.19683838 0.06756592 0.08105469
0.97528076 0.19036865 0.06677246 0.09008789
0.975708 0.1842041 0.06500244 0.099121094
0.9760132 0.17871094 0.062194824 0.10797119
0.9760132 0.17443848 0.05847168 0.11657715
0.975708 0.17175293 0.05419922 0.12475586
0.97540283 0.16918945 0.049804688 0.13226318
0.9752197 0.16619873 0.045288086 0.13897705
0.9749756 0.16333008 0.040893555 0.14526367
0.9746094 0.16070557 0.0368042 0.15130615
0.97436523 0.15765381 0.032958984 0.15722656
0.9741211 0.15362549 0.029174805 0.16308594
0.97387695 0.14978027 0.02532959 0.1687622
0.9735718 0.1463623 0.0211792 0.17388916
0.97332764 0.14294434 0.016784668 0.17858887
0.9729614 0.14013672 0.012145996 0.18304443
0.9725952 0.13739014 0.007507324 0.1873169
0.972229 0.13458252 0.0029907227 0.19140625
0.9719238 0.13128662 -0.0012817383 0.19525146
0.9716797 0.12792969 -0.005432129 0.1987915
0.9714966 0.12420654 -0.009399414 0.20178223
0.97143555 0.12011719 -0.013366699 0.20428467
0.97143555 0.11608887 -0.017578125 0.2062378
0.97143555 0.11236572 -0.021911621 0.20794678
0.9713745 0.10888672 -0.026489258 0.20953369
0.97125244 0.10534668 -0.03112793 0.21105957
0.97125244 0.10131836 -0.0357666 0.21246338
0.9713135 0.09692383 -0.04046631 0.21343994
0.97143555 0.0925293 -0.04534912 0.21386719
0.97161865 0.088256836 -0.050476074 0.21356201
0.97180176 0.08459473 -0.05596924 0.21282959
0.97180176 0.08215332 -0.061828613 0.21209717
0.97180176 0.079711914 -0.067871094 0.21142578
0.9717407 0.076416016 -0.07409668 0.21057129
0.9717407 0.07287598 -0.08026123 0.20965576
0.9716797 0.0703125 -0.08642578 0.2084961
0.9714966 0.06951904 -0.09283447 0.20690918
0.97125244 0.06958008 -0.09954834 0.20483398
0.9710083 0.06951904 -0.10632324 0.20251465
0.97076416 0.06890869 -0.11291504 0.20019531
0.97058105 0.06762695 -0.11932373 0.19787598
0.970459 0.06561279 -0.12573242 0.1953125
0.97021484 0.06384277 -0.13226318 0.19250488
0.96990967 0.06341553 -0.13909912 0.18945312
0.9696045 0.06341553 -0.14605713 0.18579102
0.9692993 0.0635376 -0.1529541 0.18188477
0.9689331 0.06347656 -0.1595459 0.17791748
0.96868896 0.06274414 -0.16571045 0.17382812
0.96850586 0.061706543 -0.17150879 0.1696167
0.96832275 0.06085205 -0.17687988 0.1652832
0.9682007 0.05987549 -0.18200684 0.16070557
0.9680786 0.059448242 -0.18707275 0.15600586
0.9678345 0.05987549 -0.1920166 0.15124512
0.96759033 0.060424805 -0.19683838 0.14611816
0.9674072 0.060913086 -0.20141602 0.14093018
0.96728516 0.06060791 -0.20562744 0.13555908
0.96728516 0.059936523 -0.20947266 0.13012695
0.96728516 0.059143066 -0.2130127 0.12451172
0.9672241 0.058898926 -0.2164917 0.118774414
0.9671631 0.059143066 -0.2199707 0.11273193
0.96698 0.060180664 -0.22351074 0.10638428
0.9667969 0.061950684 -0.22698975 0.099975586
0.96655273 0.06365967 -0.23016357 0.09350586
0.96643066 0.064819336 -0.23278809 0.08703613
0.9664917 0.06512451 -0.23492432 0.080444336
0.96661377 0.06524658 -0.2366333 0.07385254
0.9666748 0.06530762 -0.23822021 0.06713867
0.96673584 0.06549072 -0.2397461 0.060302734
0.96673584 0.065979004 -0.24133301 0.053527832
0.96661377 0.066467285 -0.24285889 0.046936035
0.96655273 0.06707764 -0.24420166 0.040771484
0.9664917 0.06732178 -0.2453003 0.034851074
0.96655273 0.0670166 -0.24597168 0.029052734
0.96661377 0.066345215 -0.24633789 0.023498535
0.9666748 0.06604004 -0.24658203 0.018310547
0.96673584 0.066223145 -0.24676514 0.01373291
0.96673584 0.06628418 -0.24676514 0.009399414
0.9668579 0.0657959 -0.24658203 0.004699707
0.96698 0.0647583 -0.24639893 -0.0004272461
0.96710205 0.06378174 -0.24627686 -0.00579834
0.967041 0.0635376 -0.24633789 -0.010864258
0.96698 0.06335449 -0.24639893 -0.015563965
0.96691895 0.06298828 -0.24639893 -0.019897461
0.96691895 0.06237793 -0.24615479 -0.023742676
0.967041 0.061523438 -0.2454834 -0.027282715
0.96728516 0.06011963 -0.24438477 -0.031188965
0.96759033 0.058654785 -0.24304199 -0.035339355
0.9678345 0.057800293 -0.24169922 -0.039245605
0.9680786 0.05657959 -0.24041748 -0.042785645
0.9682617 0.05529785 -0.23931885 -0.045654297
0.9683838 0.05456543 -0.2387085 -0.047607422
0.9684448 0.05432129 -0.23834229 -0.048950195
0.9683838 0.05419922 -0.23828125 -0.050231934
0.9682617 0.054260254 -0.23840332 -0.051696777
0.9680786 0.054870605 -0.23864746 -0.053222656
0.9678955 0.055541992 -0.2388916 -0.0546875
0.96777344 0.05609131 -0.2390747 -0.056152344
0.96765137 0.05645752 -0.23901367 -0.057373047
0.96765137 0.056884766 -0.23883057 -0.058410645
0.96765137 0.057434082 -0.23846436 -0.059143066
0.96777344 0.057495117 -0.2376709 -0.0602417
0.9680176 0.05670166 -0.23638916 -0.061645508
0.9683838 0.055725098 -0.23474121 -0.062927246
0.9689331 0.05419922 -0.23272705 -0.064208984
0.9694824 0.052246094 -0.23046875 -0.06542969
0.97003174 0.049926758 -0.22821045 -0.06665039
0.97058105 0.047668457 -0.22613525 -0.06793213
0.9713745 0.04284668 -0.22271729 -0.070373535
0.9713745 0.04284668 -0.22271729 -0.070373535
0.9717407 0.04058838 -0.22131348 -0.0713501
0.97247314 0.035705566 -0.21850586 -0.07269287
0.9729004 0.033447266 -0.21697998 -0.07287598
0.97332764 0.030944824 -0.215271 -0.07293701
0.9738159 0.028320312 -0.21343994 -0.07293701
0.97424316 0.026000977 -0.21166992 -0.07312012
0.9746704 0.02368164 -0.20996094 -0.07342529
0.9750366 0.021118164 -0.20831299 -0.074035645
0.97528076 0.019165039 -0.20709229 -0.074645996
0.97546387 0.018066406 -0.2062378 -0.07501221
0.97558594 0.01739502 -0.20562744 -0.07513428
0.975708 0.016540527 -0.20501709 -0.07537842
0.9758301 0.015563965 -0.20446777 -0.075805664
0.9758911 0.014831543 -0.20404053 -0.076293945
0.9758911 0.014282227 -0.20373535 -0.07684326
0.9758911 0.013793945 -0.20355225 -0.07745361
0.9758911 0.0134887695 -0.20343018 -0.077941895
0.9758301 0.013305664 -0.20343018 -0.078430176
0.9758301 0.013427734 -0.20343018 -0.07873535
0.9758301 0.0134887695 -0.2033081 -0.07904053
0.9758301 0.013183594 -0.203125 -0.07952881
0.9758301 0.012939453 -0.20300293 -0.08001709
0.9758301 0.012878418 -0.20288086 -0.08026123
0.9758911 0.012451172 -0.20263672 -0.08050537
0.9758911 0.011657715 -0.20233154 -0.08074951
0.9758911 0.011169434 -0.20227051 -0.08099365
0.9758911 0.011169434 -0.20239258 -0.08111572
0.9758301 0.010986328 -0.20257568 -0.08129883
0.9758301 0.010559082 -0.20251465 -0.08148193
0.9758301 0.010070801 -0.20245361 -0.08166504
0.9758301 0.009521484 -0.20233154 -0.081970215
0.9758301 0.008850098 -0.2020874 -0.082336426
0.9758911 0.007873535 -0.20166016 -0.08276367
0.9760132 0.0068969727 -0.20117188 -0.08319092
0.9760742 0.00579834 -0.20050049 -0.083618164
0.9761963 0.0045166016 -0.1998291 -0.083984375
0.97631836 0.0031738281 -0.19915771 -0.084350586
0.9764404 0.0020751953 -0.19854736 -0.08453369
