0 0 0
0 0 0
0 0 -0.625
0 0 -0.75
0 0 -0.8125
90.375 45.625 -35
90.5 45.625 -35.1875
90.5 45.625 -35.25
90.5625 45.625 -35.4375
90.625 45.625 -35.5
90.6875 45.625 -35.625
90.75 45.625 -35.8125
90.8125 45.625 -35.875
90.875 45.625 -36
90.9375 45.625 -36.125
91 45.625 -36.25
91.0625 45.625 -36.375
91.125 45.625 -36.4375
91.125 45.625 -36.5
91.1875 45.625 -36.6875
91.3125 45.625 -36.8125
91.3125 45.625 -36.875
91.4375 45.625 -37
91.4375 45.625 -37.0625
91.5 45.625 -37.125
91.5625 45.625 -37.25
91.625 45.625 -37.375
91.6875 45.625 -37.375
91.75 45.625 -37.4375
91.75 45.625 -37.5
91.875 45.625 -37.625
91.9375 45.625 -37.6875
92 45.625 -37.75
92.0625 45.625 -37.875
92.125 45.625 -37.875
92.1875 45.625 -38
92.25 45.625 -38.0625
104.1875 45.625 -38.125
104.3125 45.625 -38.1875
104.375 45.625 -38.25
104.375 45.625 -38.3125
104.6875 45.625 -38.375
104.75 45.625 -38.4375
104.8125 45.625 -38.5
104.9375 45.625 -38.5625
105 45.625 -38.625
105.0625 45.625 -38.6875
105.125 45.5625 -38.6875
105.25 45.5625 -38.75
105.3125 45.5625 -38.8125
105.3125 45.5625 -38.875
105.4375 45.625 -38.9375
105.5 45.625 -39
105.5625 45.5625 -39
105.625 45.5625 -39
105.6875 45.5625 -39.0625
105.8125 45.5625 -39.125
105.9375 45.5625 -39.1875
106 45.5625 -39.1875
106 45.5625 -39.1875
106 45.5625 -39.25
106.125 45.5625 -39.3125
106.3125 45.625 -39.3125
106.3125 45.5625 -39.3125
106.4375 45.5625 -39.375
106.5 45.5625 -39.375
106.5 45.5625 -39.375
106.5625 45.5625 -39.4375
106.625 45.5625 -39.4375
106.6875 45.5625 -39.4375
106.8125 45.5625 -39.5
106.875 45.5625 -39.5
106.875 45.5625 -39.5
106.9375 45.625 -39.5625
107.0625 45.5625 -39.5625
107.1875 45.5625 -39.5625
107.1875 45.5625 -39.5625
107.3125 45.5625 -39.5625
107.375 45.5625 -39.625
107.4375 45.5625 -39.625
107.5625 45.5625 -39.625
107.625 45.625 -39.625
16.5625 44.375 -39.875
15.4375 42.875 -39.6875
14.4375 41.5 -39.4375
12.25 38.6875 -38.9375
11.0625 37.1875 -38.8125
8.6875 34.9375 -39.0625
7.625 34.375 -39.375
6.75 34 -40.375
7.75 34.875 -40.75
8.875 36 -40.8125
10.3125 37.5 -40.75
13.25 40.25 -40.5625
14.3125 41.1875 -40.5625
15.125 41.9375 -40.9375
14.875 41.6875 -41.1875
14.9375 41.5625 -41.0625
15 41.4375 -40.75
15 41.4375 -40.8125
15.125 41.5625 -41.125
15.1875 41.625 -41.3125
15.3125 41.6875 -41.5625
15.375 41.6875 -41.625
15.375 41.625 -41.625
15.5 41.5625 -41.25
15.625 41.5625 -41.125
15.75 41.625 -41.0625
15.8125 41.625 -41.0625
15.9375 41.625 -41
16 41.625 -40.875
16.0625 41.6875 -40.8125
16.1875 41.75 -40.75
16.4375 41.5 -40.125
16.9375 40.375 -38.3125
17 39.875 -37.3125
17 38.9375 -35.8125
17.125 38.1875 -35.4375
17.1875 38 -35.4375
17.25 37.8125 -35.5625
17.3125 37.6875 -35.5625
17.375 37.75 -35.9375
16.9375 37.5 -37.625
16.875 37.5 -38.1875
16.6875 37.3125 -38.9375
16.5625 37.1875 -39
16.4375 37.0625 -38.9375
16.3125 36.75 -38.875
16.1875 36.75 -39.25
15.9375 36.75 -40.9375
15.8125 36.625 -42.0625
15.375 35.75 -43.9375
15.0625 35 -44.5625
14.625 34.375 -45
13.625 33.3125 -45.75
13.4375 33 -46.125
13.3125 32.75 -46.5
13 31.625 -47.5
12.5 29.375 -48.1875
11.875 27.5 -48.4375
10.4375 23.9375 -48.1875
9.875 21.0625 -47.6875
10.0625 19.8125 -47.4375
10.5625 18.25 -47.125
10.625 16.8125 -47.125
10.4375 15.6875 -47.1875
151.6875 14.375 -47.25
158.4375 11.4375 -47.375
162.5 9.75 -47.25
168.8125 7.375 -46.8125
171.9375 6.3125 -47
173 5.9375 -47.125
174.375 5.4375 -47.1875
177.6875 4.25 -47.5
179.4375 3.6875 -47.8125
182.4375 2.875 -48.8125
183.375 2.625 -49.25
184.125 2.4375 -49.625
183.625 2.625 -49.6875
182.5 3.125 -49.5625
181.9375 3.375 -49.5
180.625 3.9375 -49.375
180.3125 4.0625 -49.4375
179.9375 4.1875 -49.625
179.6875 4.25 -49.625
178.5625 4.625 -49.6875
177.625 4.9375 -49.6875
174.75 5.875 -49.375
172.875 6.4375 -49.25
168.375 7.875 -48.875
166.5 8.5625 -48.875
164.4375 9.3125 -48.8125
159.75 11.3125 -48.875
155.8125 13.125 -49
153.6875 14.125 -49
149.875 15.8125 -49
148.4375 16.4375 -49
145.9375 17.5 -49.0625
145.0625 17.875 -49.125
143.3125 18.6875 -49.375
141.875 19.3125 -49.6875
141.3125 19.5625 -49.8125
140.8125 19.625 -49.5
140 19.6875 -49.25
138.9375 20 -49.375
138.25 20.25 -49.4375
137.5 20.625 -49.5625
137.0625 20.6875 -49.1875
136.75 20.875 -49.1875
10.25 21.1875 -49.1875
10.25 21.625 -49.3125
10.25 21.75 -49
10.25 21.875 -49.125
10.3125 22.5625 -49.25
10.6875 23.5 -48.8125
10.875 24.0625 -48.5
11.0625 25.25 -48.6875
11.5 26.0625 -48.875
11.6875 26.375 -48.875
11.875 27 -48.875
11.9375 27.25 -48.9375
12.0625 27.125 -49.25
12.125 26.9375 -49.3125
12.0625 26.875 -49.4375
12 25.875 -50
11.875 24.75 -50.5
135.6875 22.125 -51
138.75 20.5625 -50.5625
139.75 20.0625 -50.3125
142.9375 18.75 -50.4375
145.6875 17.5625 -50.625
148.25 16.375 -50.625
151.5625 14.75 -50.125
153.625 13.75 -49.875
154.625 13.375 -49.875
158 12.1875 -49.875
159.875 11.5 -49.8125
162.625 10.4375 -49.75
163.75 10 -49.9375
166.1875 9.0625 -50.625
167.5625 8.5625 -50.9375
168.625 8.25 -51.25
171.5 7.375 -51.75
174.625 6.375 -52.25
176 5.9375 -52.875
176.1875 5.875 -53.1875
174.9375 6.3125 -53.375
173.5 6.875 -53.375
169.5 8.5625 -53
166.875 9.625 -52.75
160.75 12.1875 -52.25
157.75 13.5625 -52.1875
153.8125 15.5 -52.625
152.875 15.9375 -52.875
152.125 16.3125 -53.0625
151 16.75 -53.125
149.8125 17.1875 -53.0625
149.125 17.4375 -53.125
148.375 17.8125 -53.25
146.3125 18.75 -53.5625
145.125 19.3125 -53.75
143.125 20.3125 -53.9375
142.5625 20.625 -54.0625
142.1875 20.8125 -54.125
141.6875 21.125 -54.25
141.5 21.1875 -54.25
141.1875 21.375 -54.3125
140.625 21.6875 -54.3125
140.3125 21.875 -54.375
139.5 22.375 -54.4375
138.375 22.9375 -54.6875
137.4375 23.25 -54.25
136.5 23.5625 -53.875
135.75 23.8125 -53.4375
135 24.0625 -52.625
135.4375 23.9375 -52.75
136.25 23.625 -52.875
138.0625 22.8125 -52.5
138.9375 22.4375 -52.5
139.5625 22.1875 -52.625
138.9375 22.3125 -51.875
138.8125 22.375 -51.9375
138.6875 22.4375 -52.125
138.875 22.4375 -52.25
139.3125 22.25 -52.375
142.25 21.1875 -53
146.125 19.5 -53.3125
147.375 18.875 -53.3125
148.375 18.4375 -53.3125
150.5 17.5 -53.5
152.625 16.6875 -53.6875
153.5625 16.3125 -53.75
155.75 15.375 -54
157.3125 14.6875 -54.3125
159.3125 13.8125 -54.6875
163.5625 12 -55.125
164.875 11.5 -55.25
166 11.0625 -55.3125
166 11.0625 -55.375
165.875 11.125 -55.4375
165.375 11.375 -55.375
165.25 11.4375 -55.375
165.4375 11.3125 -55.4375
165.6875 11.1875 -55.5625
165.9375 11.0625 -55.875
165.875 11.0625 -56
165.375 11.125 -55.1875
164.9375 11.25 -54.75
163.4375 11.75 -53.8125
162.3125 12.1875 -53.375
159.9375 13.0625 -52.5
157.875 13.9375 -52.4375
157.125 14.3125 -52.5
155.875 14.9375 -52.6875
155.1875 15.1875 -52.875
155.3125 15.1875 -53.0625
156.0625 14.9375 -53.4375
156.375 14.8125 -53.5
156.3125 14.875 -53.5625
156.25 14.9375 -53.625
155.9375 15.125 -53.75
155.5 15.375 -53.75
153.75 16.125 -53.75
150.75 17.4375 -53.4375
149.1875 18.1875 -53.375
142.375 19.9375 -53.4375
137.9375 22.375 -53.375
135.75 23.6875 -53.4375
133.6875 24.875 -53.5
132.375 25.5 -53.1875
131.6875 25.625 -52.9375
130 26.0625 -52.3125
129.6875 26.1875 -52.1875
129.8125 26.25 -52.25
14 26.1875 -51.375
14.125 26.25 -50.875
14.375 26.3125 -49.75
14.5 26.375 -49.25
14.75 26.5 -48.4375
14.875 26.5625 -48.0625
15.0625 26.8125 -47.1875
15.375 27 -46.625
15.4375 26.875 -47.0625
15.5 26.25 -48.5625
15.5 25.875 -49.0625
15.5625 25.3125 -49.25
15.5625 24.9375 -49.25
15.4375 23.3125 -49.625
139 22.1875 -50
145.125 19.375 -50.75
146.125 18.875 -50.8125
147.125 18.5 -50.875
148.375 18.0625 -51
150.625 17.25 -51.375
151.25 17.0625 -51.5625
151.8125 16.875 -51.6875
153.0625 16.375 -52.1875
154.625 15.875 -52.75
155.875 15.5 -53.0625
157.125 15.1875 -53.3125
158.9375 14.75 -53.9375
160.0625 14.4375 -54.3125
162.0625 13.8125 -55
163.8125 13.3125 -55.75
164.375 13.125 -56.25
165.4375 12.8125 -56.875
168.1875 12.1875 -58.125
169.25 11.8125 -58.6875
170.0625 11.625 -59.5625
170.25 11.625 -60
170.875 11.625 -60.9375
171.4375 11.5625 -61.5
173 11.125 -62.9375
173.875 10.875 -63.75
175 10.5625 -65.3125
175.3125 10.5 -66
175.1875 10.75 -67.3125
174.875 11.0625 -68.5
174.8125 11.1875 -69.0625
175 11.3125 -69.6875
175.5 11.375 -71.0625
175.625 11.4375 -71.8125
175.375 11.5625 -73.1875
174.8125 11.8125 -74.4375
174.625 11.9375 -75
174.5625 12 -76.125
174.5 12.0625 -76.6875
174.375 12.1875 -77.9375
174.375 12.3125 -78.5625
174.3125 12.4375 -79.125
174.1875 12.625 -79.75
173.9375 12.8125 -80.75
173.9375 12.875 -81.125
174.0625 12.8125 -81.9375
173.6875 13 -82.875
173.625 13.125 -83.3125
173.6875 13.1875 -84.1875
173.625 13.3125 -84.625
173.5 13.375 -85.0625
173.1875 13.5 -85.8125
173.25 13.5 -86.5625
173.1875 13.5 -87
172.9375 13.5625 -87.8125
172.75 13.625 -88.125
172.6875 13.6875 -88.4375
172.9375 13.625 -88.9375
173.25 13.5625 -89.5
173.25 13.5 -89.8125
173.125 13.5 -90.3125
172.9375 13.5625 -90.8125
172.8125 13.5625 -90.5625
172.625 13.625 -90.3125
172.3125 13.6875 -90.3125
172.3125 13.75 -90.4375
172.3125 13.75 -90.625
172.375 13.6875 -90.8125
172.5 13.625 -91.25
172.5 13.5625 -91.5
172.5625 13.5 -91.6875
172.625 13.4375 -91.625
172.625 13.4375 -92
172.625 13.375 -92.1875
172.625 13.375 -91.5625
172.5625 13.4375 -91.25
172.625 13.375 -90.625
172.6875 13.3125 -90.25
172.75 13.25 -89.9375
172.8125 13.1875 -89.375
173 13.0625 -89.5
173.0625 13.0625 -89.5625
173.125 13 -89.6875
173.0625 13 -89.75
173.375 12.9375 -89.8125
173.625 12.875 -89.8125
173.9375 12.75 -90
174.1875 12.5625 -90.1875
174.3125 12.5 -90.25
174.4375 12.4375 -90.4375
174.5625 12.375 -90.5
174.625 12.375 -90.6875
174.6875 12.3125 -90.375
174.875 12.125 -89.625
174.9375 12.0625 -89.3125
175.0625 11.875 -88.8125
175.0625 11.8125 -88.5625
175 11.75 -88.3125
174.9375 11.75 -88.5625
174.8125 11.75 -88.6875
170.8125 11.8125 -88.875
170.75 11.8125 -88.9375
170.75 11.75 -89
167.625 11.6875 -89.125
167.6875 11.625 -89.25
167.75 11.6875 -89.0625
164.375 11.6875 -89.125
164.375 11.6875 -89.1875
164.375 11.75 -89.25
161.5 11.6875 -89.25
161.625 11.625 -89.3125
161.8125 11.5625 -88.5625
158.8125 11.5 -87.9375
158.875 11.5 -87.625
158.9375 11.4375 -87
159 11.4375 -86.6875
156.1875 11.375 -86.125
156.3125 11.3125 -85.875
156.5 11.1875 -85.9375
153.875 11.1875 -85.9375
153.9375 11.0625 -85.4375
154 11.0625 -85.1875
151.5 11 -84.625
151.375 11 -83.9375
151.3125 11 -83.625
148.75 11 -82.75
148.5 11 -82.375
147.875 11.125 -81.6875
147.3125 11.1875 -81.375
144.8125 11.3125 -81.0625
143.4375 11.5 -80.25
142.5625 11.6875 -79.8125
139.0625 12 -78.8125
138.3125 12.1875 -78.3125
137.0625 12.4375 -77.25
136.625 12.5 -76.625
136.3125 12.5625 -75.9375
135.75 12.625 -74.375
135.5 12.625 -73.5
135.0625 12.625 -71.5625
134.875 12.6875 -70.5
134.125 13 -68.375
132.5625 13.75 -66.6875
131.5 14.25 -65.9375
129 15.3125 -64.6875
127.8125 15.75 -64.125
126.125 16.5 -63.125
125 17.125 -62.1875
124.25 17.5 -61.625
123.3125 17.9375 -61.125
121.625 18.75 -60.1875
120.125 19.5625 -59.25
119.5625 19.875 -58.75
119.0625 20.125 -58.25
118.8125 20.375 -57.0625
119 20.375 -56.5625
119.125 20.4375 -56.25
119.1875 20.4375 -56
119.0625 20.5 -55.4375
118.875 20.5625 -55.125
118.875 20.5625 -54.875
118.9375 20.5625 -54.625
118.8125 20.6875 -54.5625
118.125 21.0625 -54.4375
118 21.125 -54.375
118.0625 21.0625 -54.25
118.125 21.0625 -54
117.875 21.125 -54
116.9375 21.5625 -54.125
116.0625 22 -54.1875
114.75 22.5 -54.125
114.0625 22.8125 -54.0625
112.4375 23.625 -53.9375
111.0625 24.25 -53.75
107.875 25.8125 -53.375
351.125 28.25 -52.875
351.5625 29.8125 -52.8125
351.625 31.625 -52.875
351.6875 36.125 -53.375
352.0625 38.5625 -53.75
352.5 40.6875 -54.3125
353.25 42.75 -55.3125
353.375 41.1875 -54.125
353.5 40.0625 -52.8125
353.375 38.5 -50.9375
353.1875 38.1875 -50.875
352.9375 38.375 -51.4375
352.4375 38.9375 -52.75
352.0625 38.875 -53.375
351.875 38.625 -53.375
351.4375 38.1875 -53.4375
351.1875 38 -53.5625
350.875 37.875 -53.8125
350.3125 37.0625 -54.375
349.8125 36 -54.4375
349.625 35.4375 -54.375
349.125 34.1875 -54.25
348.4375 32.625 -53.9375
347.9375 31.6875 -53.8125
347.25 30.6875 -53.625
346.4375 29.75 -53.5
97.4375 28.0625 -53.25
98.4375 27.1875 -53.1875
100.5 25.75 -53
102.375 24.375 -52.8125
103.375 23.625 -52.75
105.1875 22.25 -52.625
106.1875 21.5625 -52.5625
107.25 20.875 -52.5
108.3125 19.875 -52
108.5 19.4375 -51.8125
108.0625 19.375 -51.1875
107.125 19.875 -51.4375
104.4375 21.3125 -52.875
103.25 22.1875 -53.875
102.0625 23.125 -54.8125
97.6875 26.625 -56.125
94.6875 28.9375 -56.1875
346.6875 33.3125 -55.375
348.6875 35.375 -55.25
352.125 40.1875 -56.5
354.25 43.3125 -57.5
86.125 45.625 -59.375
89.8125 49.25 -62.8125
92.375 52.4375 -65
93 53.3125 -65.1875
93.1875 53.6875 -65.125
92.75 53 -64.125
92.25 52.1875 -63.5625
91.375 50.5625 -62.875
91 50.0625 -62.75
90.75 49.875 -62.8125
90.9375 50.3125 -63.4375
91.375 50.8125 -63.875
92.1875 51.75 -64.8125
92.4375 52.0625 -65.25
92.5625 52.25 -65.5625
92.6875 52.3125 -65.75
92.9375 52.3125 -64.625
92.9375 52.1875 -64.5625
92.9375 52.0625 -64.5
93.125 52.1875 -64.8125
93.5 52.5 -64.125
93.875 52.8125 -63.5
94 52.875 -63.75
93.9375 52.875 -64.125
93.875 52.6875 -64.5
94.0625 52.8125 -64.5
94.9375 53.5625 -64.25
95.25 53.875 -64.25
95.1875 54 -64.75
95.25 53.9375 -65.0625
95.3125 53.9375 -65.3125
95.5625 53.9375 -65.5625
95.8125 54.1875 -64.6875
96.5625 54.6875 -62.875
96.875 54.8125 -62
97.3125 54.9375 -60.5625
97.375 54.9375 -60.6875
97.5625 55.0625 -60.9375
98.1875 55.4375 -59.5625
98.4375 55.625 -58.875
98.9375 55.75 -57.4375
99.1875 55.8125 -56.875
99.5 56.375 -57.8125
99.75 57.0625 -59.1875
99.75 57.6875 -60.9375
99.375 57.9375 -64.375
100.0625 58.4375 -65.625
99.375 58.125 -64.6875
97.5625 56.75 -62.6875
96.75 56.125 -61.6875
95.8125 55.125 -60.9375
95.5625 54.625 -61.0625
94.5625 53 -61.4375
93.9375 52.3125 -61.1875
93.375 51.4375 -60
92.875 50.6875 -59.5625
92.75 50.5625 -59.5625
92.8125 50.6875 -59.6875
92.8125 50.5625 -59.8125
92.8125 50.4375 -59.9375
92.625 50.5 -60.25
92.4375 50.6875 -60.5625
92.0625 51.3125 -61.75
90.8125 50.3125 -63.875
90.1875 49.6875 -64.375
88.8125 48.3125 -64.4375
87.4375 46.9375 -63.5
87.125 46.4375 -63
86.1875 45.1875 -62.375
355.4375 44.625 -62
354.5 44.3125 -61.0625
355.0625 43.9375 -60.4375
356.125 43.75 -59.8125
356.5 44.9375 -59.4375
355.5 44.4375 -59.875
354.375 42.125 -60.0625
354.3125 41.8125 -59.5625
354.5625 41.9375 -58
354.6875 42.125 -57.3125
355 42.5 -56.3125
355.0625 42.1875 -55.5625
355.25 41.8125 -53.6875
354.5625 41.375 -52.5
354.3125 41.3125 -52.125
354.375 41.4375 -51.875
354.5625 41.6875 -51.9375
354.75 41.9375 -51.9375
355.5625 42.5625 -51.4375
356.875 43.25 -50.25
357.5 43.5 -49.75
358.375 43.75 -49
358.5 43.6875 -49.0625
358.625 43.875 -50.1875
358.9375 44.4375 -51.6875
90.6875 46.75 -55.1875
92.4375 48.75 -57.8125
97.4375 54.5625 -62.5625
100.3125 57.6875 -64.625
104.9375 62.6875 -67.875
106.5625 64.25 -68.4375
108.25 65.5 -67.5
108.3125 65.3125 -66.4375
107 63.5625 -65
106.9375 63.1875 -64.875
109.3125 65.375 -64.3125
112 68.0625 -64.375
117.125 73.25 -67.875
119.4375 75.875 -72.1875
123.1875 79.6875 -86.1875
124.5 80.6875 -92.5
125.125 81.0625 -93.125
124.8125 80.3125 -79.875
122.0625 77.25 -67.4375
120.75 75.625 -64.1875
119.625 73.8125 -64.875
118.8125 72.875 -67.9375
118.5 73.3125 -74.75
119.0625 74.0625 -79.0625
121.625 76 -87.1875
123.125 77.25 -91.8125
124.4375 78.375 -96.4375
125.75 78.375 -94.4375
125.8125 77.1875 -88.375
126.3125 74.8125 -76.75
127.0625 74.4375 -72.9375
128.6875 74.75 -69.625
129.9375 75.6875 -69.875
131.4375 76.6875 -70.125
132.5625 76.0625 -72.25
132.5 75.125 -73.125
132.4375 74.875 -73.125
132.6875 74.9375 -73.5625
132.9375 74.8125 -72.875
132.6875 74.25 -71.9375
132.0625 73.125 -69.75
132 73 -69.5625
132.125 73.25 -71.1875
133.25 74.375 -74.1875
133.875 75 -75.1875
134.25 75.75 -79.6875
134.625 76.5 -84.625
136.625 78.25 -89.5
137.9375 79.1875 -91.0625
139.875 80.5625 -97.3125
140.6875 80.9375 -100.6875
141.25 80.8125 -106.625
141.4375 80.5625 -107.5
142.0625 80.6875 -106.75
144.875 82.0625 -107.5
148.6875 83.6875 -174.375
150.75 83 -127.5625
152.1875 78.75 -137.8125
152.1875 78.1875 -135.8125
150.9375 77.25 -133.6875
148.875 75.9375 -127.125
148.1875 75.3125 -125.3125
146.75 73.5 -125
145.9375 72.4375 -124.8125
144.1875 70.875 -123.625
143.1875 70.375 -122.875
142.0625 69.875 -121.8125
139.375 68.875 -119.5625
136.625 67.5 -117.25
135.25 66.6875 -116.0625
132.5625 64.875 -112.6875
131.75 64.1875 -110.8125
130.6875 63.3125 -106.125
130.3125 62.8125 -103.1875
130 62.25 -98.0625
129.6875 61.125 -93.6875
129.5 60.5625 -91.8125
128.8125 58.75 -88.5625
128.375 57.6875 -87.3125
128 57 -87.125
127.3125 55.875 -87.1875
127.375 57.25 -90.375
127.0625 57.375 -90.8125
126.5625 57.5625 -91.375
126.5625 57.5625 -91.4375
126.625 57.125 -91.375
126.875 56.875 -91.3125
127.6875 56.5 -91.25
128 56.3125 -91.3125
128.75 56.3125 -91.875
129.6875 56.9375 -93.75
130.1875 57.3125 -95.1875
130.5 57.625 -96.5
130.875 57.625 -98.5625
130.625 56.5625 -97.6875
130.6875 56.3125 -97.5
130.75 56.0625 -97.375
131.125 56.125 -98.3125
131.25 56.25 -99.0625
130.5625 55.4375 -99.375
129.75 54.375 -98.8125
128.0625 51.75 -97.3125
127.25 50.5 -96.6875
126.0625 48.6875 -95.5625
125.6875 48.3125 -95.25
125.5625 48.375 -95
125.5625 48.6875 -95.0625
125.75 49.6875 -95.25
125.8125 50.25 -95.25
125.875 51.5 -95.1875
125.9375 52.1875 -95.25
126.25 53.875 -95.25
126.375 54.5 -94.375
116.3125 47.9375 -91.125
114.625 40.8125 -90.3125
123.5 23.25 -90.375
127.1875 15.4375 -89.5
130.625 11.25 -86.6875
130 12.625 -86
125 17.375 -84.625
121.6875 20.6875 -82.25
121.6875 21 -80.3125
121.75 21.25 -79.5
121.8125 21.6875 -78.25
121.625 22 -77.875
120.6875 23.0625 -77.4375
119.375 24.125 -77.1875
115.875 26.8125 -76.4375
114.4375 28.4375 -75.125
114.0625 28.9375 -74.25
113.75 29.6875 -72.75
113.9375 29.9375 -71.8125
114.1875 29.9375 -71.8125
114.625 29.875 -72.0625
114.625 29.875 -72.3125
114.4375 30.0625 -72.75
113.9375 30.8125 -74.6875
112.8125 31.9375 -75.9375
112.5 34.4375 -78
113.1875 35.25 -78.0625
114.3125 36.5 -76.9375
113.9375 37 -75.75
113.125 38.125 -73.8125
112.9375 38.6875 -73.3125
112.75 39.125 -73.875
112 40.4375 -75.125
113.25 40.6875 -75.75
114 40.5625 -76
114.75 39.75 -76.25
114.25 40 -76.375
112.875 40.875 -77.375
112.3125 40.9375 -77.9375
111.6875 41.125 -78.6875
111.8125 41.4375 -80.375
114.375 40.4375 -80.8125
115.75 39.9375 -80.625
117.125 39.4375 -79.9375
118.1875 39.3125 -79.5625
119.5 39.9375 -78.6875
119.5625 40.6875 -78.0625
118.5625 42.5625 -75.875
26.0625 43.1875 -74.375
117.75 45.5 -72
27.5625 44.9375 -69.875
27.0625 43.9375 -70.125
26.8125 43.375 -70.75
120.5 41.4375 -71.4375
124.875 38.375 -72
126 37.5 -72.4375
127.5625 35 -69.625
128.5625 34.0625 -68.125
129.75 32.8125 -64.4375
131.0625 32.125 -63.0625
135.875 30.5625 -62
137.875 29.9375 -61.4375
141.625 28.5625 -59.5
144.125 27.25 -56.0625
143.9375 26.875 -53.8125
144.6875 24.3125 -51.0625
147.5 21.125 -50
17.8125 17.0625 -47.5
17.625 17.0625 -46.5
17.3125 17 -45.9375
17.375 17 -46.1875
17.625 17.0625 -46.625
18.0625 17.1875 -47.4375
18.25 17.25 -47.375
152.8125 17.25 -47.75
153.625 17.0625 -48.9375
154.4375 16.875 -49.875
155.875 16.125 -51.6875
156.25 15.8125 -52.0625
158.1875 14.8125 -52.0625
159.75 14.0625 -51.75
161.4375 13.25 -51.5
165.5 11.5625 -50.9375
168 10.5625 -50.5
170.5625 9.6875 -50
170.4375 9.75 -49.8125
170.375 9.9375 -49.5625
170.375 10.0625 -49.625
170.5625 10.25 -50.125
170.75 10.375 -50.625
171.1875 10.5 -51.625
171.375 10.5625 -52.0625
171.5 10.6875 -52.375
171.5 10.9375 -52.3125
171.3125 11 -51.875
171.25 11 -51.75
171.375 11.0625 -52
171.5625 11.25 -52.5
171.9375 11.875 -54.375
170.8125 12.8125 -55.8125
170.5 13.0625 -56.1875
170.5625 13.1875 -56.1875
170.75 13.125 -56
171.75 12.75 -55.3125
172.25 12.625 -55.125
172.8125 12.625 -55.3125
172.6875 12.75 -55.375
172.375 13 -55.25
171.9375 13.3125 -54.875
172.75 12.625 -52.4375
173.4375 12.125 -51.25
172.875 12.3125 -50.375
172 12.6875 -49.625
170 13.5625 -48.375
168.3125 14.25 -47.875
167.8125 14.4375 -47.8125
167.375 14.8125 -48
167.6875 15.0625 -48.3125
166.8125 15.5 -47.5
29 16.3125 -45.0625
29.625 16.625 -44
30.3125 17.1875 -40.75
31.4375 17.75 -40.375
33.9375 20.375 -40.125
35.1875 22 -40.125
36.4375 24.1875 -40.375
36.125 23.8125 -40.3125
35.875 23.1875 -40.125
35.375 21.25 -42.0625
35 20.1875 -42.3125
34.5 18.9375 -42.625
33.1875 15.8125 -43.75
33.0625 15.6875 -43.625
33.875 16.0625 -43.3125
34.375 16.25 -42.875
34.0625 16.1875 -42.375
33.5625 16.0625 -41.3125
32.625 15.875 -38.4375
32.0625 15.9375 -36.5625
31.375 16 -36.25
30.625 16.0625 -36.5
28.9375 16 -37.3125
28.125 16.0625 -37.875
26.8125 16.4375 -39.1875
26.0625 16.9375 -39.8125
25.75 18.125 -40.5
26 20.125 -41.8125
25.625 19.9375 -42.25
24.6875 19.4375 -42.75
24.3125 19.25 -42.8125
23.9375 19.0625 -43.25
23.6875 18.875 -43.5
23.375 18.75 -43.8125
22.6875 18.5 -43.0625
21.8125 18.125 -42
20.5625 17.6875 -40.375
19.1875 17.125 -38.1875
18.1875 16.6875 -37.1875
16.8125 16.125 -33.6875
16.875 16.25 -32.5
17.375 16.5625 -31.9375
19.5 17.75 -30.9375
20.9375 18.625 -30.1875
24.0625 20.4375 -28.6875
25.375 21.625 -28.375
27.5 23.9375 -28.3125
28.75 25.25 -28.375
28.8125 25.4375 -28.375
28.8125 25.4375 -28.3125
28.875 25.3125 -28.0625
28.8125 25.0625 -27.6875
29.125 24.9375 -27.625
29.625 24.375 -27.25
30.1875 24 -26.9375
30.9375 23.75 -26.625
32.5 23.875 -25.6875
33.8125 24 -24.9375
34.75 24.1875 -24.5
38.3125 24.5625 -22.3125
39.875 24.625 -21.25
41 24.8125 -20.625
42.375 25.3125 -20.125
43.875 25.875 -19.625
44.625 26.25 -19.375
46.6875 27.375 -18.75
49.25 28.625 -17.75
50.5 29 -17.125
52.75 30.125 -16.25
53.9375 30.6875 -15.8125
55.8125 31.6875 -15.1875
56.4375 32.0625 -15.0625
57.1875 32.5 -14.8125
58.625 31.625 -12.75
59.125 32.5 -13.1875
59.125 33.25 -13.9375
58.9375 34.5 -15.4375
58.4375 34.375 -15.8125
58.0625 34.25 -16.125
56.9375 33.8125 -16.875
55.9375 33.4375 -17.625
55.75 33.375 -17.8125
55.75 33.3125 -17.9375
55.8125 33.3125 -18
55.875 33.3125 -18.125
55.9375 33.25 -18.1875
56.1875 31.875 -16.5
56.375 30.5625 -15
56.5 29.9375 -14.25
56.625 29.3125 -13.5625
56.8125 28.0625 -12.25
56.9375 27.5 -11.6875
57.25 26.375 -10.4375
58.4375 25.8125 -9.4375
60.25 25.3125 -8.125
62.4375 25 -6.8125
63 24.875 -6.5
63.375 24.875 -6.3125
63.8125 24.875 -6.25
64.0625 24.8125 -6.125
64.5 24.8125 -6
64.875 24.75 -5.875
67.9375 24.9375 -4.4375
71.375 25.5625 -3
72.625 25.75 -2.5
74.625 26 -1.6875
75.5625 26.125 -1.3125
76.75 26.25 -0.9375
77.3125 26.25 -0.6875
78 26.3125 -0.4375
79 26.4375 -0.0625
79.6875 26.5 0.125
82 26.75 1.0625
83.625 26.875 1.6875
85.375 27.0625 2.4375
86.3125 27.125 2.8125
87.1875 26.4375 3.4375
89.375 26.5625 4.3125
90.6875 26.625 4.875
93.8125 26.75 6.25
95.3125 26.75 6.875
96.5 26.75 7.4375
98.25 26.6875 8.125
99.125 26.8125 8.3125
99.5625 26.125 8.5
100.4375 25.4375 8.8125
102.5 25.125 9.625
103.625 25.0625 10.0625
105.5 25 10.75
106 24.9375 10.9375
106.375 24.9375 11.0625
106.75 24.875 11.0625
107 23.5 11
107.0625 23.5 10.9375
107.4375 23.5 11
108.25 23.4375 11.1875
108.5625 23.4375 11.125
108.9375 23.375 11.25
109.4375 23.375 11.375
110.1875 23.3125 11.5
110.5 23.25 11.5625
110.8125 23.25 11.5625
111.5 22.5625 11.6875
112.5625 21.3125 11.875
113.0625 21.25 11.9375
114.3125 21.125 12.25
115 20.5 12.3125
115.8125 20.4375 12.4375
116.0625 20.375 12.5
116.5 19.8125 12.4375
116.75 19.75 12.4375
117.125 19.75 12.375
117.3125 19.6875 12.375
117.5 18.625 12.1875
117.5625 18.125 12.125
117.75 17.125 11.9375
117.8125 16.6875 11.875
117.9375 15.8125 11.6875
117.9375 15.375 11.625
118.0625 14.5625 11.4375
118.125 14.1875 11.375
118.5625 14.1875 11.3125
119.0625 13.75 11.25
119.25 13.75 11.25
119.3125 13.75 11.1875
119.4375 13.375 11.0625
119.5625 12.6875 10.9375
119.625 12.375 10.875
119.8125 12 10.75
120.1875 12 10.75
120.9375 11.6875 10.75
121.1875 11.625 10.75
121.4375 11.625 10.625
121.5625 11.3125 10.625
121.6875 10.75 10.5
121.8125 10.5 10.4375
122.3125 9.9375 10.4375
122.5625 9.4375 10.4375
122.6875 9.1875 10.375
122.8125 8.75 10.3125
122.9375 8.5625 10.3125
123.0625 8.125 10.25
123.1875 7.875 10.25
123.875 7.875 10.1875
124.125 7.875 10.125
124.875 7.5 10.125
125.5 7.5 10.125
126.9375 7.4375 10.1875
127.6875 7.375 10.125
127.75 7.375 10.0625
127.8125 7.375 9.9375
127.9375 7 9.9375
128.4375 6.6875 9.9375
128.6875 6.5625 9.9375
129.0625 6.5625 9.875
129.6875 6.5 9.8125
129.9375 6.5 9.6875
129.9375 6.5 9.5625
130 6.5 9.4375
130.375 6.5 9.4375
131.1875 6.5 9.3125
131.625 6.4375 9.3125
132.9375 6.4375 9.3125
134.1875 6.375 9.375
134.6875 6.3125 9.25
135.3125 6.3125 9.1875
135.6875 6.3125 9.125
136.25 6.3125 9
136.3125 6.25 8.9375
136.3125 6.25 8.8125
136.375 6.125 8.8125
136.375 5.875 8.8125
136.4375 5.75 8.875
135.875 5.5 8.8125
135.3125 5.4375 8.8125
134 5.5 8.5
133.4375 5.5 8.375
132.375 5.5 8.125
131.0625 5.5625 7.9375
129.125 5.5625 7.625
128.6875 5.5625 7.5
127.5 5.625 7.25
126.6875 5.625 7.0625
125.8125 5.5625 6.875
123.1875 5.5625 6.4375
120.4375 5.5 6.125
117.625 5.4375 5.8125
114 5.3125 5.3125
111.875 5.25 5
110.75 5.1875 4.8125
110.25 5.1875 4.6875
109.1875 5.125 4.4375
108.3125 5.0625 4.25
107.6875 5.0625 4.125
106.8125 5 3.9375
104.5 4.875 3.625
102.625 4.75 3.375
100 4.5625 3
98.375 4.4375 2.75
97.3125 4.3125 2.625
94.625 4.125 2.3125
92.875 4 2.0625
89.5625 3.6875 1.75
87.1875 3.4375 1.4375
85.9375 3.3125 1.3125
85.3125 3.25 1.1875
84.8125 3.1875 1
84.8125 3.1875 0.9375
84.75 3.1875 0.75
84.5625 3.1875 0.6875
84.375 3.125 0.5
83.375 3 0.3125
80.1875 2.625 0.0625
79 2.5 0
78.125 2.375 -0.0625
76.5625 2 -0.375
75.9375 1.8125 -0.625
74.25 1.4375 -1
73.3125 1.4375 -0.9375
73.375 1 -1.5625
73.4375 0.4375 -2.25
73.625 -0.6875 -3.75
72.25 -1.125 -4.1875
70.875 -1.375 -4.25
69.3125 -1.625 -4.375
65.6875 -2.125 -4.5625
61.6875 -2.75 -4.6875
59.5625 -3.125 -4.75
56.375 -3.625 -4.8125
55.6875 -3.75 -4.875
54.375 -3.9375 -5
53.8125 -4 -5.0625
53 -4 -4.6875
52.5625 -3.8125 -4.5
51.0625 -3.6875 -4.1875
49.75 -4 -4.375
49.0625 -4.25 -4.5625
48.25 -4.5625 -4.8125
46.375 -5.0625 -5.0625
45.5 -5.25 -5.1875
43.6875 -5.5625 -5.1875
42.0625 -5.625 -4.75
41.6875 -5.5 -4.25
41.0625 -5 -3.3125
40.4375 -5 -3.1875
38.375 -5.125 -3
37.6875 -5.1875 -3
37.0625 -5.1875 -3
37 -5.0625 -2.9375
37.0625 -5.375 -3.4375
37.0625 -5.5 -3.6875
36.625 -5.9375 -4.125
35.5 -6.25 -4.25
33.875 -6.5 -4.3125
33.5625 -6.5625 -4.375
33.4375 -6.4375 -4.125
33.4375 -6.4375 -4.1875
32.1875 -6.625 -4.25
31.25 -6.8125 -4.25
29.8125 -7 -4.25
29.4375 -7.0625 -4.3125
29.1875 -7.0625 -4.4375
29.1875 -7.0625 -4.5
29.1875 -6.9375 -4.1875
28.8125 -6.625 -3.625
28.25 -6.25 -2.875
28.125 -6.0625 -2.75
28.0625 -6.0625 -2.8125
27.875 -6 -2.6875
27.75 -5.875 -2.375
27.625 -5.5 -1.75
27.5625 -5.3125 -1.4375
27.875 -4.9375 -0.875
28.25 -4.625 -0.5
28.4375 -4.6875 -0.625
28.5625 -4.6875 -0.6875
28.4375 -4.625 -0.625
28.25 -4.5625 -0.4375
27.625 -4.5 -0.125
27.375 -4.4375 0
27 -4.5625 -0.1875
26.875 -4.5625 -0.25
26.8125 -4.375 0.0625
26.8125 -4.25 0.25
26.75 -4.0625 0.5625
26.75 -3.9375 0.75
26.75 -3.8125 0.875
26.75 -3.6875 1.1875
26.6875 -3.5 1.5
26.6875 -3.4375 1.625
27 -3.3125 1.8125
27.625 -3.25 1.875
28.6875 -3.0625 1.9375
29.0625 -3.0625 1.8125
29.875 -3 1.6875
30.1875 -3 1.5625
30.4375 -3 1.4375
30.4375 -3 1.375
30.4375 -3 1.1875
30.375 -3 1.125
30.0625 -3 0.9375
29.75 -3.0625 0.75
29.8125 -3.0625 0.625
30.125 -3 0.5
30.375 -3 0.375
30.8125 -2.9375 0.1875
31.125 -2.9375 0.125
31.625 -2.875 0
31.875 -2.875 -0.0625
32.25 -2.625 0
31.9375 -2.6875 0
30.9375 -2.75 -0.0625
28.25 -2.9375 -0.125
25.9375 -3.125 -0.125
24.8125 -3.1875 -0.1875
23.25 -3.375 -0.3125
21.5625 -3.25 -0.125
19.875 -3.1875 0.0625
18.125 -3 0.3125
14.9375 -2.9375 0.6875
10.9375 -3.25 0.8125
9.5625 -3.625 0.5
8.75 -4.125 0
6.875 -4.875 -0.625
4.75 -5.0625 -0.6875
3.875 -5.125 -0.75
2.1875 -5.3125 -0.8125
2 -5.3125 -0.9375
2.0625 -5.3125 -1.0625
1.3125 -5.4375 -1.1875
1 -5.4375 -1.1875
0.8125 -5.4375 -1.3125
0.8125 -5.4375 -1.4375
0.6875 -5.5 -1.625
0.625 -5.5 -1.6875
1.3125 -5.375 -1.875
2.3125 -5.25 -2
3 -5.1875 -2.375
2.375 -5.1875 -4.3125
2.125 -4.5 -6.9375
1.3125 -4.25 -8
359.9375 -3.9375 -9.5
357 -3.8125 -12.25
355.75 -3.9375 -13.875
354.3125 -4.625 -18.9375
354.125 -5 -22.375
353.9375 -5.4375 -26.3125
353.125 -5.9375 -25.3125
352.5625 -6.0625 -23.3125
351.1875 -6.3125 -19.3125
348.875 -6.75 -13.6875
347.5 -7 -10.8125
345.8125 -7.25 -7.625
342.6875 -7.6875 -2.3125
341.3125 -7.8125 -2.25
338.4375 -8.1875 -2.125
335.375 -8.5625 -1.9375
334.25 -8.6875 -1.9375
333.3125 -8.75 -1.875
330.75 -8.5625 -1.1875
328.25 -8.1875 -0.3125
327.25 -7.875 0.125
325.5625 -7.5 0.4375
326.9375 -7.25 -3.8125
330.3125 -6.875 -8.625
330.375 -6.875 -9.5625
329.8125 -7.25 -10.125
329.6875 -7.375 -10.25
329.5625 -7.5 -10.1875
328.8125 -7.75 -9.8125
328.1875 -8 -9.6875
325.625 -8.9375 -9.6875
324 -9.25 -9.8125
321.25 -9.6875 -10.0625
319.8125 -9.75 -10.1875
319.1875 -9.75 -10.3125
317.6875 -10.0625 -10.8125
316.4375 -10.625 -11
314.4375 -11.5 -11
309.6875 -13.6875 -11.125
304.75 -17.0625 -10.375
302.625 -18.5 -10.25
300.75 -19.75 -10.3125
297.0625 -22.5625 -10.25
295.75 -23.625 -10.25
294.125 -25.125 -10.4375
292.25 -26.625 -10.625
291.3125 -27.3125 -10.75
290.125 -27.8125 -11.4375
289.625 -27.875 -11.875
290 -26.3125 -14.9375
290.1875 -25.625 -16.3125
290.1875 -25.5625 -17.4375
289.1875 -26.25 -18.6875
288.5625 -26.9375 -19.4375
286.625 -28.5 -21.1875
285.0625 -29.3125 -22.3125
283.9375 -29.5 -23.5
282.875 -29.4375 -24.4375
282.5625 -29.25 -25
282.6875 -28.875 -25.3125
282.9375 -28.25 -25.6875
283.75 -26.25 -25.6875
284.1875 -24.6875 -25.5625
284.25 -20.875 -25.25
284.3125 -18.125 -25.25
284.1875 -16 -25.8125
283.6875 -11.125 -26.875
283.375 -8.75 -27.4375
282.75 -4.5 -28.25
285.3125 -0.625 -32.0625
287.75 0.1875 -35.25
288 -0.25 -38.375
291.3125 2 -39.75
296.25 4.625 -40.5
308.1875 1.75 -42.875
310.3125 2.3125 -40.375
308.75 5.5625 -37.5
308 6.4375 -36.8125
307.75 6.6875 -37.3125
307.875 6.125 -38
308.125 5.25 -37.9375
308.375 3.0625 -38
308.0625 2.1875 -38.4375
307.6875 1.6875 -38.875
306.375 1.9375 -39.875
305.6875 2.125 -40.625
305.125 2.375 -41.5
304.25 3 -43.5
116.375 2.5625 -46
119.0625 1.5625 -47.3125
122.5625 0.375 -48.4375
128.8125 -1.6875 -50.0625
130 -1.9375 -50.375
130.625 -1.8125 -50.4375
130.5 -1.625 -50.5625
129.75 -1.125 -51.1875
128.25 -0.375 -51.5625
125.5625 0.75 -51.9375
121.375 2.75 -52.6875
120.8125 3.1875 -53.0625
122.9375 3.0625 -53.25
125.0625 2.8125 -52.6875
128.4375 2.9375 -51.5625
128.875 3.4375 -51.3125
129 4.9375 -51.3125
129.6875 6.3125 -51.5
130.3125 6.9375 -51.8125
130.75 7.625 -52.375
131.0625 9.3125 -53.9375
132.6875 10.625 -54.9375
134.125 11 -55.25
137.9375 11.3125 -55.4375
140 11.375 -55.25
143.125 11.625 -54.25
144.1875 11.8125 -53.4375
146.1875 12.125 -51.5625
146.9375 12.3125 -50.625
147.875 12.375 -49.6875
150.3125 12.0625 -47.125
5.375 12 -43.875
6.75 12.375 -43.0625
8.4375 13.375 -42.6875
9.0625 14.125 -42.625
9.9375 15 -42.375
12.5 15.5625 -41.25
13.9375 15.0625 -39.25
14.25 14.125 -37.5
14.625 12.875 -35.5625
14.9375 11.375 -33.8125
14.375 8.3125 -30.75
14.3125 8.0625 -29.4375
14.375 7.3125 -27.75
14.875 5.875 -25.5
15.125 5.25 -24.625
15.3125 4.75 -23.875
15.625 4.4375 -23.375
15.75 4.4375 -23.375
15.5 4.4375 -23.25
14.375 4 -22.6875
15.1875 4.9375 -21.5
15.625 5.3125 -21.0625
17.875 7.25 -19.5625
22.3125 10.9375 -17.25
24.625 12.25 -16.4375
28.9375 14.625 -15.875
31.125 15.8125 -15.8125
35.375 18.4375 -14.6875
37.625 19.875 -14.125
41.8125 22.375 -13.3125
43.625 23.3125 -12.8125
45.375 24 -11.9375
49.4375 25.5625 -10.4375
54.75 28.1875 -7.8125
57.3125 29.5625 -6.3125
59.6875 31.125 -4.875
62.375 33.3125 -3.9375
63 33.9375 -4
63.0625 34 -4.25
63.125 33.9375 -4.4375
64.75 34.9375 -4.1875
70.25 37 -2.1875
72.8125 37.625 -1.4375
77.3125 38.875 0.0625
78.75 39.625 0.25
79.5625 40.375 -0.0625
78.875 40.75 -1
78.375 40.75 -1.625
77.9375 40.6875 -2.125
77.5 40.5 -2.9375
77.5625 40.3125 -3.25
78.1875 39.5625 -3.875
78.5 39.25 -4.1875
78.875 39.125 -4.5625
79.6875 38.8125 -6.0625
79.9375 38.6875 -7.25
80.625 38.4375 -10.4375
80.75 38.1875 -11.4375
80.5625 37.625 -12.6875
80.5625 37.1875 -13.375
80.6875 36.125 -15
80.8125 34.8125 -16.625
80.8125 34.3125 -17.1875
80.75 33.5 -17.9375
80.875 33.0625 -18.25
82.4375 32.9375 -17.6875
83.5 33.1875 -17.3125
84.75 32.875 -17.3125
85.125 32.5 -17.5625
85.75 31.5625 -17.625
85.875 30.875 -17.75
85.6875 29.9375 -17.875
85.9375 28.3125 -16.6875
86.9375 28.0625 -15.0625
89.875 28.3125 -10.6875
90.875 28.0625 -10.125
94 28.25 -7.875
95.5625 28.375 -6.4375
97.6875 28.0625 -4.25
98.4375 27.625 -3.5625
98.8125 26 -3.4375
98.875 24.6875 -3.75
99.0625 24.3125 -3.75
99.3125 24.375 -3.5625
99.375 24.375 -3.5
99.375 24.3125 -3.6875
99.25 24.1875 -4
98.5625 24.0625 -4.8125
97.875 24.0625 -5.3125
95.625 24 -6.5625
93.3125 24.4375 -7.6875
92.3125 24.75 -8.375
90.375 25.5625 -9.9375
89.5 26 -10.875
88.6875 26.5 -12
87.375 27.1875 -14.5
86.75 27.6875 -16.6875
86.625 28 -17.625
86.625 28.375 -18.25
87.125 29.6875 -19
87.375 30.375 -19.3125
87.875 31.75 -19.625
88.125 32.3125 -19.875
88.5 33.75 -20.125
88.8125 34.5625 -20.125
89.1875 35.4375 -20
89.875 37.5 -19.0625
90.375 38.4375 -18.3125
91.375 39.75 -16.9375
91.8125 40.25 -16.375
92.5 41.375 -15.1875
93.1875 42.625 -13.5625
93.5625 43.3125 -12.4375
94 44 -11.1875
184.875 45.375 -8.4375
185.4375 46 -6.125
186.6875 47.4375 0.4375
186.8125 47.875 3.4375
186.3125 47.9375 7.9375
185.6875 47.6875 9.25
185 47.375 10.25
183.5625 46.625 11.375
181.75 45.75 11.25
180.6875 45.1875 10.9375
89.4375 44.4375 10.0625
86.8125 42.9375 8
85.5625 42.25 7.125
83.875 41.125 5.3125
82.9375 40.375 3.25
82.6875 40 2.25
82.1875 39.25 0.75
82.25 38.875 0.0625
82.4375 38.8125 -0.8125
82.3125 38.625 -3.0625
82.1875 37.9375 -5
82.3125 38 -5.75
82.375 38.25 -6.5625
82.625 39.125 -7.75
82.625 39.4375 -8.0625
82.5625 40.875 -7.875
82.5 41.5625 -7.6875
82.625 42.125 -7.0625
82.6875 42.5625 -6.875
82.3125 43.4375 -6.375
81.375 43.5 -6.3125
78.125 41.9375 -5.5625
75.9375 40.25 -4.9375
73.75 35.6875 -3.75
73.5 34.9375 -3.8125
73.4375 34.75 -4
73.375 34.75 -3.8125
73.4375 34.875 -3.5
73.5625 35 -3.375
73.75 35.125 -3.1875
73.9375 35.0625 -3.1875
74.4375 34.875 -3.375
74.625 34.9375 -3.4375
75.1875 35.625 -3.5
76.0625 36.5 -3.375
76.5625 36.8125 -3.25
78.3125 37.5 -2.625
79.5625 38 -2.25
82.75 39.0625 -1.25
85.9375 41.375 0.8125
86.8125 42.5625 1.6875
87.9375 43.5 3.25
89.8125 44.6875 6.625
90.3125 44.9375 7.3125
180.9375 45.0625 8.25
182.9375 46.125 11.8125
184.25 46.8125 13.4375
187.9375 47.9375 15.5625
189.625 48.25 14.6875
192.25 48.4375 11.125
193 48.375 9.125
193.5625 48.3125 7.6875
194.5 48.5 6.0625
195 48.75 6.25
195.3125 49.1875 6.8125
197 49.8125 8.375
198.6875 50.0625 9.4375
201.5 50.6875 11.125
202.4375 50.9375 11.875
203.75 51.5 12.9375
204.3125 51.8125 13.5625
205 52.125 14.375
207 52.125 16.3125
208.25 51.9375 17.25
210.1875 51.6875 17.8125
210.875 51.6875 17.75
212.4375 51.875 17.5625
213.125 52.0625 17.9375
213.8125 52.25 18.25
214.5625 52.1875 18.5
214.625 52 18.25
214.5625 51.6875 17.3125
214.0625 51.875 14.875
213.75 52 13.0625
213.3125 52.125 11.0625
213.3125 52.25 11.1875
213.4375 52.75 12.125
213.25 52.9375 12.375
212.5 53.1875 12.25
212.0625 53.375 11.875
211.6875 53.5 11.4375
211.0625 53.75 10.3125
210.3125 54.1875 8.875
210.5625 54.4375 8.75
203 55.4375 8.9375
202.875 56.5 9.6875
202.9375 56.9375 10.1875
196.125 57.0625 10.0625
195.4375 56.4375 8.25
194.9375 56.0625 7.0625
187.25 54.5625 4.5
186.75 53.4375 3.375
185.9375 50.625 1.5625
185.6875 49.0625 0.8125
178.8125 46.0625 -0.25
88.8125 44 -0.1875
88.625 39.5625 -0.3125
82 37.75 -0.375
81.875 34.0625 -0.125
81.6875 32.5625 -0.25
81.9375 30.5 -0.3125
82.625 29.6875 -0.625
83.5 27 -1.625
83.625 24.6875 -0.25
83.9375 24.0625 0.125
84.625 23.875 0.4375
85 23.875 0.5625
85.3125 23.9375 0.5625
85.75 23.9375 0.625
85.875 23.9375 0.625
86.0625 23.9375 0.5625
86.0625 23.875 0.4375
85.9375 23.3125 0.5625
85.8125 22.6875 0.8125
85.125 22.4375 0.4375
84.75 22.4375 0.1875
83.8125 22.375 -0.3125
82.4375 22.125 -1
80.25 22 -2.125
78.75 21.75 -2.8125
77.875 21.625 -3.25
77.625 21.5625 -3.375
77.9375 21.25 -3.25
80.5625 21.6875 -2.4375
82.4375 21.9375 -1.8125
84.75 22.25 -1
86.8125 22.5625 -0.375
87.4375 22.625 -0.1875
88.125 22.6875 -0.0625
88.0625 22.6875 -0.1875
87.8125 22.625 -0.375
87.0625 22.4375 -0.875
85.4375 21.9375 -2
84.375 21.5625 -2.625
81.6875 20.3125 -4.5625
81.1875 19.6875 -5.375
86 21.3125 -2.9375
85.4375 21.5 -2.9375
84.375 21.5 -3.375
83.9375 21.5625 -3.5
76.1875 21.5625 -3.75
76 21.625 -3.75
78.375 22.375 -2.75
80.5 22.75 -1.875
81.875 23 -1.375
83.125 23.125 -1
77.6875 23.25 -0.875
77.75 23.25 -0.9375
77.75 23.25 -1.0625
77.8125 23.1875 -1.1875
71.75 23.125 -1.3125
71.9375 23.125 -1.4375
72.0625 23.125 -1.4375
66.5625 23.125 -1.5625
66.8125 23.125 -1.6875
66.9375 23.0625 -1.8125
61.5625 23.0625 -1.875
61.6875 23.0625 -2
61.875 22.4375 -1.5625
62.0625 21.875 -1.1875
57.1875 20.6875 -0.4375
57.4375 19.6875 0.1875
57.625 19.125 0.5
53.1875 18.6875 0.875
53.8125 18.8125 0.9375
54.1875 18.375 1.25
50.25 18.4375 1.375
51 18.5 1.4375
51.125 18 1.6875
47.1875 17 2.1875
47.25 17.0625 2.125
47.3125 17.0625 2
47.5625 17.0625 2
44.5625 16.1875 2.5625
44.875 15.8125 2.8125
45.375 14.9375 3.25
42.3125 14.5625 3.5
42.75 13.8125 3.875
42.9375 13.4375 4
43.125 13.0625 4.1875
41.375 12.4375 4.6875
42.0625 12.5 4.75
43.125 12.5 4.875
40.9375 12.5625 4.9375
41.5625 12.5625 5
42.9375 12.625 5.125
43.9375 12.625 5.25
43.5 12.6875 5.625
44.3125 12.6875 5.6875
45.75 12.75 5.875
43.8125 12.75 5.875
44.75 12.75 5.9375
45 12.75 5.9375
43.125 12.75 5.875
43.375 12.75 5.8125
43.6875 12.0625 6.0625
41.6875 11.4375 6.1875
41.75 10.8125 6.375
41.8125 10.5625 6.4375
41.8125 10.25 6.5
39.8125 9.75 6.625
39.8125 9.5 6.6875
39.875 9 6.75
38.0625 8.75 6.8125
38.125 8.3125 6.875
38.1875 7.875 7
36.5625 7.6875 7
36.625 7.3125 7.125
36.625 6.9375 7.1875
35.1875 6.8125 7.1875
35.1875 6.4375 7.3125
35.25 6.3125 7.3125
33.875 6 7.375
33.9375 5.875 7.375
33.9375 5.75 7.4375
34 5.4375 7.5
32.6875 5.3125 7.5
32.75 5.125 7.5625
32.75 4.875 7.5625
31.6875 4.8125 7.5625
31.6875 4.625 7.625
31.75 4.4375 7.625
30.75 4.375 7.625
30.75 4.3125 7.625
30.75 4.1875 7.625
30.75 4.125 7.625
29.8125 4 7.625
29.8125 3.9375 7.5625
29.8125 3.8125 7.5625
28.875 3.75 7.5625
28.875 3.625 7.5625
28.875 3.625 7.5
28 3.5 7.5
28 3.5 7.5
28.0625 3.375 7.4375
27.125 3.3125 7.4375
27.1875 3.25 7.375
27.1875 3.25 7.375
27.1875 3.1875 7.3125
26.4375 3.125 7.3125
26.4375 3.125 7.3125
26.4375 3.0625 7.25
26.4375 3.0625 7.1875
26.0625 3 7.125
26.3125 3 7.125
26.375 2.9375 7.0625
26 2.9375 7.0625
26.25 2.875 7
26.3125 2.875 7
25.9375 2.875 7
26.25 2.8125 6.9375
26.25 2.8125 6.9375
25.6875 2.75 6.9375
25.6875 2.75 6.9375
25.6875 2.6875 6.875
25.1875 2.6875 6.875
25.1875 2.625 6.875
25.25 2.625 6.875
25.25 2.5625 6.875
24.75 2.5625 6.875
24.75 2.5 6.875
24.75 2.5 6.8125
24.3125 2.5 6.8125
24.625 2.4375 6.8125
24.9375 2.4375 6.8125
24.8125 2.4375 6.8125
25.3125 2.375 6.8125
25.9375 2.375 6.8125
26.4375 2.375 6.8125
26.8125 2.375 6.875
26.8125 2.3125 6.875
26.875 2.3125 6.8125
26.8125 2.3125 6.75
27.125 2.3125 6.6875
27.125 2.3125 6.625
26.875 2.3125 6.4375
26.9375 2.25 6.5
26.9375 2.1875 6.5625
26.9375 2.1875 6.625
26.8125 2.1875 6.4375
27.125 2.1875 6.375
27.625 2.1875 6.25
27.6875 2.1875 6.1875
29.0625 2.1875 6.0625
29.625 2.1875 6
29.8125 2.25 5.9375
30 2.25 5.8125
30.375 2.25 5.75
31 2.25 5.625
31 2.25 5.5625
31.4375 2.25 5.4375
31.5 2.25 5.375
31.375 2.1875 5.5625
31.4375 2.1875 5.6875
31.4375 2.125 5.875
31.4375 2.125 5.75
32.6875 2.125 5.6875
33.125 2.125 5.625
34 2.1875 5.5
34.5625 2.1875 5.4375
36.1875 2.1875 5.5
36.75 2.1875 5.4375
36.9375 2.1875 5.3125
36.9375 2.1875 5.25
37 2.1875 5.125
37.1875 2.1875 5.0625
37.3125 2.1875 5.1875
37.75 2.25 5.1875
39.0625 2.25 5.0625
39.625 2.3125 5.0625
41 2.3125 4.9375
41.625 2.375 4.875
42.5 2.375 4.8125
43.25 2.375 5.125
43.5 2.3125 5.25
44.0625 2.3125 5.5625
44.375 2.3125 5.6875
45.1875 2.3125 5.9375
45.5625 2.25 6
45.875 2.25 6.125
46.6875 2.25 6.3125
47.625 2.25 6.5
47.875 2.1875 6.5625
48.5 2.125 6.75
48.8125 2.125 6.8125
49.5625 2.0625 7
50.5625 2.0625 7.125
51.125 2.0625 7.1875
51.5625 2.0625 7.125
52 2.0625 7
52.125 2.0625 6.9375
52.25 2 6.9375
52.3125 1.9375 7.0625
52.375 1.9375 7.125
52.5625 1.875 7.25
52.6875 1.875 7.3125
52.875 1.875 7.4375
52.9375 1.8125 7.5625
52.8125 1.8125 7.625
52.8125 1.75 7.6875
52.875 1.75 7.75
52.9375 1.6875 7.8125
52.9375 1.6875 7.875
53 1.6875 7.875
53 1.625 7.9375
52.75 1.625 7.9375
52.75 1.625 8
52.75 1.625 8
52.5 1.5625 8
52.5 1.5625 8.0625
52.5 1.5625 8.0625
52.4375 1.5625 8.125
52.375 1.5 8.125
51.375 1.5 7.9375
48.0625 1.5625 7.625
46.75 1.5625 7.5
45.5 1.625 7.4375
43 1.625 7.1875
39.8125 1.625 7
37.75 1.625 6.875
35.9375 1.625 6.75
33.25 1.625 6.5625
31.9375 1.625 6.4375
29.25 1.5625 6.25
27.8125 1.5625 6.0625
27.5 1.5 6
26.9375 1.5 5.875
25.5 1.5 5.6875
24.875 1.5 5.625
23.75 1.4375 5.4375
23.0625 1.4375 5.3125
21.6875 1.375 5.375
20.375 1.3125 5.4375
19.5625 1.3125 5.3125
18.125 1.25 5.125
17.625 1.25 5.0625
17.125 1.25 4.9375
16 1.1875 4.75
15.375 1.1875 4.6875
14.75 1.125 4.5
14.3125 1.125 4.4375
12.9375 1.0625 4.4375
11.375 0.9375 4.25
10.875 0.9375 4.1875
10.5 0.9375 4
10.375 0.9375 3.9375
10.1875 0.9375 4
10.125 0.9375 4.125
9.5 0.9375 4.4375
9.1875 0.9375 4.5
8.75 0.9375 4.6875
8.3125 1 4.875
8.1875 1.0625 5.0625
8.125 1.125 5.1875
8.125 1.125 5.375
8.125 1.125 5.4375
7.9375 1.1875 5.625
7.9375 1.1875 5.6875
7.9375 1.1875 5.8125
7.875 1.1875 5.875
7.8125 1.25 5.9375
7.5625 1.1875 6.0625
7.25 1.25 6.125
6.9375 1.25 6.1875
6.875 1.25 6.1875
6.8125 1.3125 6.25
6.8125 1.3125 6.25
6.6875 1.3125 6.3125
6.6875 1.3125 6.375
6.6875 1.3125 6.375
6.6875 1.375 6.4375
6.875 1.375 6.4375
7.0625 1.375 6.5
7.1875 1.375 6.5
7.4375 1.375 6.5625
7.6875 1.4375 6.625
7.75 1.4375 6.625
8.25 1.4375 6.625
8.625 1.4375 6.625
9.25 1.5 6.625
9.5625 1.5 6.6875
10.1875 1.5 6.6875
10.625 1.5 6.6875
10.875 1.5 6.6875
11.125 1.5 6.75
11.1875 1.5 6.75
11.25 1.5 6.8125
11.25 1.5 6.8125
11.25 1.5 6.8125
11.125 1.5 6.8125
11.25 1.5 6.875
11.3125 1.5 6.875
11.4375 1.5 6.875
11.4375 1.5 6.875
11.4375 1.5 6.875
11.5 1.5 6.875
11.375 1.5 6.9375
11.4375 1.5 6.9375
11.4375 1.5 6.9375
11.4375 1.5 6.9375
11.4375 1.5 6.9375
11.4375 1.5 6.9375
11.1875 1.5 6.9375
11.1875 1.5 6.9375
11.1875 1.5 6.9375
11.1875 1.5 6.9375
11.25 1.5 6.9375
11.3125 1.5 6.9375
11.375 1.5 6.9375
11.375 1.5 6.9375
11.4375 1.5 6.9375
11.4375 1.5 6.875
11.4375 1.5 6.875
11.4375 1.5 6.875
11.4375 1.5 6.875
11.4375 1.5 6.875
11.375 1.5 6.875
11.375 1.5 6.875
11.375 1.5 6.875
11.1875 1.5 6.875
11.1875 1.5 6.875
11.3125 1.5 6.875
11.3125 1.5 6.875
11.3125 1.5 6.875
11.3125 1.5 6.875
11.125 1.5 6.875
11.125 1.5 6.875
11.1875 1.5 6.875
11.3125 1.5 6.875
11.375 1.5 6.875
11.4375 1.5 6.875
11.4375 1.5 6.875
11.3125 1.5 6.875
11.3125 1.5 6.875
11.3125 1.5 6.875
11.3125 1.5 6.875
11.3125 1.5 6.9375
11.3125 1.5 6.9375
11.25 1.5 6.9375
11.25 1.5 6.9375
11.25 1.5 6.9375
11.25 1.5 6.9375
11.25 1.5 6.9375
11.25 1.5 6.9375
11.25 1.5 6.9375
11.25 1.5 6.9375
11.25 1.5625 6.9375
11.1875 1.5625 6.9375
11.1875 1.5625 6.9375
11.1875 1.5625 6.9375
11.1875 1.5625 6.9375
11.25 1.5625 6.9375
11.25 1.5625 6.9375
11.25 1.5625 6.9375
11.3125 1.5625 6.9375
11.3125 1.5625 6.9375
11.3125 1.5625 6.9375
11.3125 1.5625 6.9375
11.3125 1.5625 6.9375
11.3125 1.5625 6.9375
11.3125 1.5625 6.9375
11.3125 1.5625 6.9375
11.3125 1.5625 6.9375
11.3125 1.5625 6.9375
11.1875 1.5625 6.9375
11.1875 1.5625 6.9375
11.1875 1.5625 6.9375
11.1875 1.5625 6.9375
11.1875 1.5625 6.9375
11.1875 1.5625 6.9375
11.1875 1.5625 6.9375
11.1875 1.5625 6.9375
11.1875 1.5625 6.9375
11.1875 1.5625 6.9375
11.1875 1.5625 6.9375
11.1875 1.5625 6.9375
11.1875 1.5625 6.9375
11.125 1.5625 7
11.125 1.5625 7
11.125 1.5625 7
11.1875 1.5625 7
11.1875 1.5625 7
11.1875 1.5625 7
11.1875 1.5625 6.9375
11.1875 1.5625 6.9375
11.25 1.5625 6.9375
11.25 1.5625 6.9375
11.25 1.5625 6.9375
11.25 1.5625 6.9375
11.25 1.5625 6.9375
11.25 1.5625 6.9375
11.3125 1.5625 6.9375
11.3125 1.5625 6.9375
11.3125 1.5625 6.9375
11.3125 1.5625 6.9375
11.3125 1.5625 6.9375
11.3125 1.5625 6.9375
11.3125 1.5625 6.9375
11.3125 1.5625 6.9375
11.3125 1.5625 6.9375
11.3125 1.5625 6.9375
11.3125 1.5625 6.9375
11.3125 1.5625 6.9375
11.3125 1.5625 6.9375
11.3125 1.5625 6.9375
11.375 1.5625 6.9375
11.375 1.5625 6.9375
11.375 1.5625 6.9375
11.375 1.5625 6.9375
11.375 1.5625 6.9375
11.375 1.5625 6.9375
11.375 1.5625 6.9375
11.375 1.5625 6.9375
11.375 1.5625 6.9375
11.375 1.5625 6.9375
11.375 1.5625 6.9375
11.375 1.5625 6.9375
11.375 1.5625 6.9375
11.375 1.5625 6.9375
11.375 1.5625 6.9375
11.375 1.5625 6.9375
11.375 1.5625 6.9375
11.375 1.5625 6.9375
11.375 1.5625 6.9375
11.375 1.5625 6.9375
11.375 1.5625 6.9375
11.4375 1.5625 6.9375
11.4375 1.5625 6.9375
11.4375 1.5625 6.9375
11.4375 1.5625 6.9375
11.4375 1.5625 6.9375
11.4375 1.5625 6.9375
11.4375 1.5625 6.9375
11.4375 1.5625 6.9375
11.4375 1.5625 6.9375
11.4375 1.5625 6.875
11.4375 1.5625 6.875
11.4375 1.5625 6.875
11.4375 1.5625 6.875
11.4375 1.5625 6.875
11.375 1.5625 6.875
11.25 1.5625 6.875
11.1875 1.5625 6.875
11.125 1.5625 6.875
10.9375 1.5625 7.0625
10.8125 1.5625 7.4375
10.5 1.5625 8.375
10.25 1.5625 8.75
9.75 1.5625 9.625
9.5 1.625 10.0625
9.3125 1.625 10.5
8.8125 1.8125 11.9375
8.1875 2.25 13.5
7.9375 2.625 14.1875
7.5625 3 15
7.125 3.9375 16.3125
7.1875 4.375 16.9375
7.125 5 17.9375
7.0625 5.25 18.375
6.5625 5.625 19.3125
6.0625 5.875 19.875
4.875 6.5 21.5
4.5625 7 22.5625
4.25 7.6875 24.625
4.1875 8.125 25.8125
4.25 8.75 28.0625
4.1875 9.1875 29.3125
3.8125 10.125 32.3125
3.625 10.625 33.9375
3.5 11.125 35.625
3.3125 12.0625 38.9375
3.375 12.5625 40.75
3.6875 13.625 44.625
4 14.25 46.5625
5.25 15.4375 50.875
6 15.9375 53
6.75 16.375 55.25
8.3125 16.8125 59.5625
8.875 16.875 61.375
9.4375 16.9375 63.125
10 16.875 64.75
11.25 16.5 67.6875
11.8125 16.3125 68.9375
13 15.8125 71.5625
14.5625 15.25 74.1875
16.1875 14.4375 76.4375
17 14 77.3125
18.0625 13.3125 78.625
18.4375 12.9375 79.875
18.6875 12.8125 80.5625
19.6875 12.3125 82.1875
20.0625 12.125 82.8125
19.9375 11.875 83.625
19.875 11.6875 83.9375
20.5 10.9375 84.9375
20.8125 10.5625 85.5
21.1875 10.0625 86.4375
21.5625 9.75 87.3125
21.875 9.5 89.625
22.375 9.3125 91.375
22.6875 9 91.875
23 8.75 92.4375
23.6875 8.375 93.5
24 8.1875 93.8125
24.3125 8.0625 94
24.3125 8.0625 94.0625
24 8.25 94.375
23.8125 8.3125 94.625
23.75 8.375 95.25
23.8125 8.3125 95.6875
24.25 8.0625 96.625
24.4375 8 96.875
24.4375 8 97.9375
24.4375 8 98.4375
23.9375 8.25 98.75
23.375 8.5625 98.5625
22.5625 8.875 97.875
22.4375 8.9375 97.4375
22.25 9.0625 97.125
22.125 9.1875 96.625
22.125 9.1875 96.4375
22 9.25 96.3125
22.25 9.125 96.3125
22.625 8.9375 96.25
22.625 8.875 96.1875
22.4375 9 95.8125
22.3125 9.125 95.5625
22 9.25 95.0625
21.875 9.3125 94.75
21.625 9.5 94.125
21.3125 9.625 93.625
20.25 10.25 92
19.625 10.625 91
18.5625 11.375 88.4375
17.6875 11.9375 87
17.25 12.375 85.5
16.4375 13.3125 82.625
16.125 13.6875 81.3125
15.6875 14 78.0625
15.625 14.125 75.6875
15.4375 14.3125 73.3125
15.3125 14.5625 68.5
15.8125 14.6875 62.5625
16.3125 14.8125 59.75
16.6875 14.9375 55.4375
16.5 14.9375 53.5625
16.4375 14.6875 49.75
16.25 14.5 46.5
16.125 14.625 44.8125
15.8125 14.9375 42.8125
14.5 15.75 39.6875
12.8125 16.4375 37.5
12.375 16.9375 36.6875
11.9375 17.4375 35.8125
11.25 17.6875 33.1875
11 17.625 31.75
10.75 17.3125 30.25
10.625 16.6875 27.6875
10.6875 16.375 26.5625
10.25 16.8125 24.375
10.125 16.8125 22.3125
9.9375 16.875 21.375
9.375 16.75 20.25
8.0625 17 18.1875
6.8125 17.5625 17.0625
6.75 14.9375 13.9375
6.9375 14.0625 13.0625
7.25 13.1875 11.75
7.5 12 10.6875
7.625 11.375 10.25
7.8125 10.625 9.75
8.5 9 8.75
9.5 7.3125 7.5
10.25 6.4375 6.6875
11.9375 4.6875 4.5625
12.625 3.375 3.3125
14.375 -0.25 -0.3125
14.625 -0.4375 -3.4375
14.4375 -0.5 -6.5625
14.375 -0.5 -7.6875
14.375 -0.5 -7.8125
14.4375 -0.5 -8
14.4375 -0.5 -8.0625
14.4375 -0.5 -8.1875
14.4375 -0.4375 -7.8125
14.4375 -0.4375 -7.3125
14.4375 -0.3125 -6.375
14.4375 -0.25 -5.875
14.4375 -0.1875 -5.0625
14.4375 -0.0625 -4.25
14.4375 0 -3.875
14.4375 0 -3.125
14.4375 0.0625 -2.4375
14.4375 0.125 -2.0625
14.4375 0.1875 -1.4375
14.4375 0.25 -0.8125
14.4375 0.25 -0.5625
14.4375 0.3125 0
14.4375 0.375 0.1875
14.4375 0.4375 0.6875
14.4375 0.4375 0.9375
14.5 0.5 1.375
14.5 0.5625 1.8125
14.5 0.5625 2
14.5 0.5625 2.25
14.5 0.625 2.625
14.5 0.625 2.75
14.5 0.6875 3.125
14.5 0.6875 3.3125
14.5 0.75 3.625
14.5 0.75 3.75
14.5 0.75 4.0625
14.5 0.8125 4.1875
14.5 0.8125 4.4375
14.5 0.8125 4.5625
14.4375 0.875 4.8125
14.4375 0.875 4.9375
14.4375 0.875 5
14.4375 0.875 5.25
14.4375 0.875 5.3125
14.3125 0.875 5.4375
13.875 0.9375 5.625
13.8125 0.9375 5.6875
13.75 0.9375 5.875
13.75 1 6
13.75 1 6.0625
13.75 1 6.125
13.75 1 6.25
13.75 1 6.25
13.75 1.0625 6.375
13.75 1.0625 6.4375
13.75 1.0625 6.5
13.75 1.0625 6.5625
13.625 1.0625 6.5625
13.125 1.0625 6.5625
12.8125 1.0625 6.5625
12.5625 1.0625 6.625
12.4375 1.0625 6.625
12.3125 1.0625 6.6875
12.1875 1.0625 6.6875
12 1.0625 6.75
11.9375 1.125 6.8125
11.75 1.125 6.8125
11.625 1.125 6.875
11.5625 1.125 6.875
11.4375 1.125 6.9375
11.3125 1.125 6.9375
11.0625 1.125 7
10.9375 1.125 7
10.75 1.1875 7
10.5 1.1875 7
10.4375 1.1875 7
10.375 1.1875 7
10.375 1.1875 7.0625
10.375 1.1875 7.0625
10.375 1.1875 7.0625
10.125 1.25 7.125
10.0625 1.25 7.0625
10 1.25 7.0625
10 1.25 7.0625
10 1.25 7.0625
10 1.25 7.0625
10 1.25 7.0625
10 1.25 7.0625
9.875 1.25 7.125
9.625 1.25 7.125
9.625 1.25 7.0625
9.5625 1.25 6.875
9.5 1.25 6.875
9.1875 1.25 6.8125
8.8125 1.25 6.6875
8.75 1.25 6.625
8.75 1.25 6.5625
8.75 1.25 6.5
8.75 1.25 6.4375
8.8125 1.3125 6.5
8.8125 1.3125 6.5
8.75 1.3125 6.5
8.6875 1.3125 6.5625
8.6875 1.3125 6.625
8.6875 1.3125 6.6875
8.6875 1.3125 6.75
8.6875 1.3125 6.8125
8.6875 1.3125 6.8125
8.75 1.3125 6.875
8.75 1.3125 6.875
8.75 1.3125 6.875
8.8125 1.375 6.875
9 1.375 6.9375
9.0625 1.375 6.9375
9.25 1.375 6.9375
9.3125 1.375 6.9375
9.5625 1.375 7
9.625 1.375 7
9.6875 1.375 7.0625
9.6875 1.375 7.0625
9.6875 1.375 7.125
9.6875 1.375 7.125
9.6875 1.375 7.125
9.6875 1.375 7.125
9.6875 1.375 7.1875
9.75 1.375 7.1875
9.75 1.375 7.1875
9.75 1.375 7.1875
9.75 1.375 7.1875
9.875 1.3125 7.25
10.1875 1.3125 7.25
10.3125 1.3125 7.3125
10.9375 1.375 7.4375
11.5 1.375 7.4375
12.4375 1.375 7.3125
12.75 1.375 7.125
12.75 1.375 7.0625
12.75 1.375 7
12.75 1.375 6.9375
12.75 1.375 6.875
12.75 1.375 6.875
12.75 1.375 6.9375
12.75 1.375 7
12.75 1.375 7
12.75 1.3125 7.0625
12.75 1.3125 7.125
12.75 1.3125 7.125
12.75 1.3125 7.125
12.75 1.3125 7.1875
12.6875 1.3125 7.1875
12.6875 1.3125 7.1875
12.6875 1.375 7.1875
12.6875 1.375 7.25
12.6875 1.375 7.25
12.6875 1.375 7.25
12.6875 1.375 7.25
12.6875 1.375 7.25
12.6875 1.375 7.25
12.6875 1.375 7.3125
12.6875 1.375 7.3125
12.6875 1.375 7.3125
12.75 1.3125 7.25
12.6875 1.375 7.25
12.6875 1.375 7.3125
12.625 1.375 7.25
12.125 1.4375 7.1875
11.875 1.4375 7.125
11.1875 1.375 6.9375
10.3125 1.3125 6.75
9.625 1.1875 6.5
9.25 1.125 6.375
8.6875 1.5 6.375
8.4375 2.4375 6.125
8.4375 3.0625 6.125
8.5625 4.625 5.9375
8.1875 5.75 5.8125
7.8125 6.8125 5.625
7.5625 8.125 4.9375
7.625 9.0625 4.5
7.6875 9.5625 4.4375
7.8125 11.1875 4.375
7.4375 12.4375 4.5
5.8125 16 4.9375
4.75 18.5625 4.9375
4.8125 23.125 4.0625
5.0625 25.125 3.375
6.125 27.5625 2.375
6.875 29.5 1.3125
7.1875 30.3125 1.125
7.625 32.0625 1.25
7.625 33 1.5
7.5 34.75 1.9375
7.125 35.25 1.0625
6.5 36.625 0.0625
6.375 37.5625 0.0625
6.0625 39.8125 0.3125
6 40.875 0.4375
6.4375 42.8125 1.0625
6.8125 43.8125 1.5625
97.6875 45.6875 2.5
98 46.25 2.8125
98.0625 46.75 2.8125
98 46.8125 2.625
97.9375 47.0625 2.5625
97.875 46.9375 2.0625
97.75 46.75 1.6875
97.6875 46.5 1.375
97.75 46 1.0625
97.75 45.75 0.875
97.875 45.5 0.75
98.0625 45.125 0.5
8.125 44.9375 0.375
8.3125 44.625 0.75
8.375 44.5 0.875
8.625 44.375 1
8.875 44.375 1.125
9.25 44.4375 1.3125
9.5 44.4375 1.5
9.5 44.4375 1.5625
9.6875 44.625 1.875
9.875 44.75 2.0625
10.125 44.875 1.9375
10.1875 44.875 1.8125
100.375 45 1.9375
100.4375 45 1.6875
100.5 45.0625 1.6875
100.5 45.0625 1.75
100.625 45.25 2
100.75 45.3125 2.1875
101 45.625 2.375
101.1875 45.6875 2.4375
101.375 45.75 2.4375
101.9375 46.0625 2.5
102.25 46.375 2.5
102.75 47.125 2.5
102.6875 48.6875 2.3125
102.75 49.25 2.5
102.875 50.3125 2.9375
102.875 50.8125 3.0625
102.625 51.5625 2.8125
102.4375 51.8125 2.5625
102.3125 51.9375 2.125
102.25 52 2
102.125 52.3125 1.75
101.9375 53.125 2.125
102 53.5 2.25
102.125 54.125 2.1875
102.25 54.375 2.1875
102.3125 54.6875 2.25
102.3125 55.1875 2.125
102.375 55.625 2.25
102.4375 55.8125 2.1875
102.6875 56.125 2.375
102.875 56.3125 2.625
103.25 56.4375 3.0625
103.4375 56.5 3.25
103.5625 56.5625 3.375
103.75 56.6875 3.75
103.75 56.625 3.6875
103.75 56.75 3.875
103.75 56.6875 3.9375
103.75 56.6875 3.9375
103.8125 56.5 3.9375
103.875 56.25 4
103.875 56.0625 4.125
103.8125 55.875 4.0625
103.5625 55.375 3.5625
103.3125 55 3.1875
102.75 54.1875 2.125
102.5 53.6875 1.6875
101.8125 52.5625 0.5625
101.5 51.8125 0
101.4375 51.625 -0.0625
101.4375 51.5625 -0.125
101.5 51.5625 -0.3125
101.5625 51.625 -0.125
101.6875 51.625 0.0625
101.75 51.625 0.25
101.6875 51.625 0.375
101.75 51.5625 0.4375
101.9375 51.375 0.6875
102.3125 51.1875 1.0625
102.375 50.9375 1.0625
102.375 50.3125 0.875
102.375 50.0625 0.9375
102.1875 49.3125 0.9375
102.125 48.9375 0.875
102.125 48.5625 0.625
102.125 48.625 0.5625
102.1875 48.875 0.5
102.4375 49.25 0.6875
102.5 49.5 0.8125
102.625 49.6875 0.9375
102.875 50.3125 1.3125
103.125 50.6875 1.625
103.625 51.375 2.3125
103.75 52.3125 2.875
103.875 52.6875 3.25
104.125 53 3.75
104.5 53.5625 4.125
104.75 53.9375 4.0625
104.8125 54.625 4.1875
104.875 54.75 4.375
104.8125 55.3125 4.375
104.6875 55.6875 4.1875
104.375 56.4375 3.9375
104.3125 56.875 3.9375
104.3125 57.625 4.125
104.3125 57.9375 4.1875
104.375 58.375 4.375
104.375 58.8125 4.5
104.4375 59.0625 4.8125
104.5 59.625 5.375
104.5 59.875 5.5
104.5 60.5 6.25
104.5625 61 6.9375
104.6875 61.6875 7.875
104.8125 61.875 8.125
104.875 62.5 8.75
104.875 63.0625 9.25
104.9375 64.25 10.4375
104.875 65.25 11.125
104.75 65.8125 11.375
104.5 67 12
104.375 67.625 12.5
104.25 68.375 13.1875
103.8125 69.9375 14.375
103.5625 70.625 14.75
103.25 71.8125 15.4375
102.875 72.875 16.0625
102.75 73.375 16.4375
102.5625 73.875 17
102.3125 74.875 18.75
102.0625 75.625 20.3125
101.8125 75.9375 21
101.3125 76.5 21.5
101 76.6875 21.4375
100.4375 76.875 20.5625
100.375 77 21
100.375 77.4375 22.125
100.3125 77.5625 22.5625
100.3125 77.6875 22.8125
100.375 78 23.3125
100.5 78.0625 23.3125
100.5 78.25 22.3125
100.125 78.625 21.25
100.0625 78.875 21.375
100 79.3125 21.875
100 79.4375 21.9375
100 79.6875 22.0625
100.25 79.8125 23.5
100.4375 79.8125 24.3125
100.8125 79.8125 26
101.0625 79.75 26.5
101.25 79.625 26.5
101.625 79.4375 25.625
101.8125 79.125 23.9375
101.875 79 23.1875
102.0625 78.875 22.6875
102.1875 78.875 22.5625
102.5 78.8125 23.1875
102.6875 78.75 23.3125
102.8125 78.625 23.25
103.125 78.5625 23.375
103.25 78.5625 23.625
103.5 78.5 24
103.625 78.5 24.125
103.875 78.375 24.25
104 78.3125 24.1875
104.375 78.125 24.0625
104.6875 77.9375 24.25
104.8125 77.875 24.5625
105 77.8125 24.875
105.3125 77.625 24.8125
105.4375 77.5 24.5625
105.6875 77.3125 24
105.8125 77.1875 23.5625
106 76.9375 22.9375
106.125 76.8125 22.75
106.3125 76.6875 22.625
106.6875 76.3125 22.125
106.875 76.0625 21.75
107.25 75.5 20.875
107.4375 75.125 20.375
107.5 74.1875 18.5
107.5 73.5625 17.125
107.1875 72 13.625
106.9375 71.0625 11.8125
106.625 69.9375 9.6875
105.875 67 5.9375
105.3125 63.75 3
105.1875 62 2.875
104.8125 58.75 2.5625
104.5625 57.4375 2.25
104.3125 55 1.9375
104.5 53.625 2.0625
104.9375 50.4375 1.9375
105.1875 48.9375 1.875
105.3125 48.375 1.8125
105.5625 47 1.625
105.75 46.125 1.5
16.375 44.5 1.375
16.625 43.6875 1.25
17.3125 41.75 1.125
17.5 40.75 1.0625
17.5625 38.9375 0.875
17.625 38.3125 0.8125
18 37.25 0.6875
18.1875 36.75 0.625
18.75 35.1875 0.4375
19 34.3125 0.375
19.125 31.875 0.25
19.125 30.5 0.1875
19.125 28.25 0.0625
19.0625 27.3125 0
19 26.5625 -0.0625
18.9375 25.1875 0.0625
18.4375 23.3125 0.375
18.1875 21.8125 0.625
17.8125 16.625 1.6875
16.75 11.5625 2.5625
16.75 9.625 2.875
17.0625 7.6875 3.0625
17.125 7.625 3
17.25 7.6875 2.9375
17.4375 7.8125 2.8125
17.4375 7.875 2.625
17.375 7.875 2.5625
17.3125 7.9375 2.4375
16.875 7.6875 2.3125
16 7.4375 2.25
15.625 7.125 2.3125
14.75 5.5 3.0625
14.75 5 3.25
14.75 4.375 3.5625
14.25 3.3125 3.9375
14.1875 3.3125 3.8125
14.25 3.3125 3.6875
14.25 3.3125 3.625
14.9375 3.3125 3.5
15.375 3.375 3.4375
16.375 3.4375 3.375
17.125 3.5 3.25
17.1875 3.5 3.1875
17.1875 3.5 3
17.1875 3.5 2.9375
17.1875 3.5 2.875
17.1875 3.375 2.9375
17.125 3.3125 3.125
17.125 3.25 3.4375
17.125 3.1875 3.5625
17.125 3.125 3.6875
17.1875 3.0625 4
17.1875 3 4.125
17.25 2.9375 4.1875
19.0625 3.0625 4.125
20.3125 3.0625 4
21.5 2.9375 3.875
23.25 2.25 3.5
24.75 1.0625 3.1875
25.375 0.375 3.125
25.8125 -0.3125 3.1875
26.125 -1.8125 3.4375
26.0625 -3.4375 3.5
26.0625 -4.5 3.4375
26 -6.8125 3.5625
25.875 -8.125 3.8125
25.75 -9.5625 4.1875
25.375 -12.4375 5.375
25.1875 -13.875 6
25 -16.5625 7.375
24.75 -17.875 8.0625
24.9375 -20.3125 9.0625
25.5 -21.5625 9.5625
27.3125 -23.625 10.5625
28.9375 -24.4375 9.625
29.9375 -24.25 8.75
31.75 -23.75 6.875
32.75 -24.125 6.0625
34.3125 -24.875 4.25
35.3125 -25.375 3.0625
36.375 -26.25 0.3125
37.0625 -26.625 -2
37.5625 -26.5625 -3.375
38.1875 -26.625 -5.0625
38.4375 -26.5 -5.4375
38.625 -26.5 -5.5
39 -26.5625 -5.625
39.125 -26.5 -5.6875
39.3125 -26.375 -5.875
39.25 -26.375 -5.9375
39.0625 -26.5 -5.4375
39 -26.625 -5.1875
38.8125 -26.875 -4.75
38.5 -27.0625 -4.3125
38.375 -27.125 -4.125
38.25 -27.1875 -3.9375
38.125 -27.25 -3.6875
37.9375 -27.375 -3.3125
37.6875 -27.5625 -3
37.3125 -27.875 -2.6875
37.0625 -28.0625 -2.5625
36.625 -28.5 -2.1875
36.4375 -28.75 -2.0625
36.0625 -29.1875 -1.8125
35.875 -29.4375 -1.6875
35.6875 -29.6875 -1.5625
35.375 -30.0625 -1.25
35.25 -30.4375 -1.0625
35.1875 -30.6875 -0.9375
35 -31.3125 -0.6875
34.8125 -31.5 -0.3125
34.375 -31.375 0.0625
32.8125 -30.875 1.25
32.125 -30.5625 1.8125
31.1875 -29.125 2.6875
30.875 -29.1875 2.9375
29.5 -29.375 4.1875
28.8125 -27.75 5.25
28.875 -27.3125 5.375
28.8125 -26.25 5.4375
28.4375 -25.75 5.375
29.125 -23.875 3.625
30.125 -22.5625 2.8125
31.0625 -21.0625 2.0625
31.5 -20.375 1.875
32.625 -18.9375 1.75
33.125 -18.375 1.6875
33.625 -17.625 1.4375
33.5625 -17.4375 1.3125
33.4375 -17.3125 1.1875
32.75 -17.375 1.1875
32.3125 -17.5625 1.3125
31.5625 -18.125 1.4375
31.3125 -18.5625 1.3125
30.9375 -19.75 1.4375
30.75 -20.375 1.625
30.375 -21.8125 2.1875
30 -23.5625 2.5
29.75 -24.5 2.625
29.25 -26.375 2.875
29.0625 -27.3125 2.9375
28.9375 -29 2.8125
29.1875 -29.6875 2.6875
30 -31.1875 2.25
30.5 -32.625 1.875
30.5625 -33 1.75
30.4375 -33 1.6875
30.4375 -33 1.6875
30.5 -33 1.625
30.6875 -33.4375 1.25
31.0625 -34.1875 0.875
31.1875 -34.75 0.8125
31.5625 -36.0625 0.625
31.75 -36.8125 0.4375
31.9375 -37.75 0.125
32.125 -37.6875 0.1875
32.8125 -37.375 -0.125
34.125 -37.25 -1.25
34.75 -37.1875 -1.75
35.375 -37.1875 -2.6875
35.5625 -37.5625 -3.3125
35.6875 -37.8125 -3.5
35.75 -38.0625 -3.625
36.0625 -38.5 -4
36.25 -38.6875 -4.3125
36.6875 -39.125 -5
36.875 -39.375 -5.25
36.75 -39.75 -5.625
36.5 -40 -5.8125
36 -40.625 -5.75
35.875 -40.9375 -6.0625
35.9375 -41.75 -6.875
36.6875 -42.5 -7.3125
37 -42.875 -7.4375
37.125 -43.1875 -7.5
37 -43.6875 -7.6875
36.8125 -44.1875 -7.875
36.75 -44.5625 -8
306.875 -45.375 -8.3125
307 -45.75 -8.4375
306.875 -46.4375 -8.75
306.6875 -46.875 -8.875
306.875 -47.9375 -9.1875
307.25 -48.9375 -9.4375
307.375 -49.3125 -9.625
307.4375 -49.6875 -9.9375
307.375 -49.8125 -10.0625
307.1875 -50 -9.6875
307.1875 -50.25 -9.9375
307.125 -50.375 -10
306.75 -50.5625 -9.25
306.5 -50.6875 -8.875
306 -50.9375 -8.1875
305.75 -51.1875 -7.875
305.5625 -51.4375 -7.625
305.4375 -52.25 -7.9375
305.4375 -52.75 -8.125
305.6875 -53.9375 -8.5625
305.8125 -54.5625 -8.75
306 -56 -9.25
306 -57.5625 -9.8125
306 -58.375 -10.125
306 -59 -10.5
305.9375 -60 -10.9375
305.875 -60.4375 -11.25
305.75 -60.625 -11.5
305.25 -61.125 -10.75
305 -61.3125 -10.375
304.625 -61.75 -9.8125
304.4375 -61.9375 -9.5625
303.9375 -62.5625 -9.75
303.375 -62.875 -9.875
303.0625 -62.9375 -9.9375
302.75 -63.0625 -10
302.375 -63.25 -9.5
301.6875 -63.4375 -8.375
301.4375 -63.5625 -7.875
301.125 -63.6875 -7.1875
301 -63.75 -6.875
300.8125 -63.75 -6.3125
300.6875 -63.75 -5.9375
300.375 -63.875 -5.3125
300.1875 -63.9375 -5
299.9375 -64.0625 -4.75
299.4375 -64.125 -4.375
299.25 -64.1875 -4.1875
299 -64.1875 -3.75
298.8125 -64.125 -3.3125
298.6875 -64.125 -3.125
298.3125 -64.1875 -2.8125
298.125 -64.25 -2.6875
297.6875 -64.25 -2.3125
297.4375 -64.3125 -2
297.0625 -64.5 -1.4375
296.875 -64.5625 -1.3125
296.625 -64.6875 -1.0625
296.25 -64.625 -0.75
296.125 -64.5 -0.625
295.75 -64.375 -0.4375
295.625 -64.25 -0.3125
295.5 -64.1875 -0.25
295.3125 -64.0625 -0.0625
295.1875 -64 0
294.875 -63.875 0.0625
294.625 -63.875 0.125
294.25 -64 0.1875
294.1875 -64.125 0.125
294 -64.375 0.0625
293.875 -64.5 0
293.6875 -64.8125 0
293.5625 -65.3125 0
293.625 -65.6875 -0.1875
293.8125 -66.125 -0.5625
294.0625 -67.5625 -1.75
294.0625 -68.375 -2.1875
294 -69.625 -2.9375
293.9375 -69.9375 -3.125
293.875 -70 -3.1875
293.6875 -69.9375 -3.125
293.5625 -69.8125 -2.875
293.4375 -69.75 -2.625
293.25 -69.5625 -2.125
293.1875 -69.5 -1.9375
293.25 -69.5 -1.875
293.3125 -69.4375 -1.875
293.3125 -69.4375 -1.9375
293.1875 -69.375 -1.8125
293 -69.25 -1.5
293.125 -69.25 -1.5625
293.375 -69.3125 -2.0625
293.625 -69.3125 -2.8125
293.625 -69.3125 -3
293.375 -69.375 -3.0625
293.1875 -69.375 -2.9375
292.9375 -69.375 -2.6875
292.3125 -69.4375 -2
291.875 -69.5 -1.375
291.75 -69.5 -1.1875
291.5625 -69.4375 -1
291.4375 -69.375 -0.9375
291.375 -69.25 -0.8125
291.1875 -69 -0.75
291.125 -68.875 -0.75
291 -68.75 -0.8125
290.5625 -68.1875 -0.875
290.3125 -67.9375 -0.875
290.3125 -67.5625 -1.0625
290.3125 -67.3125 -1.3125
290.1875 -66.375 -2.3125
290 -65.875 -2.875
289.8125 -64.8125 -3
289.75 -63.5625 -2.6875
289.75 -62.625 -2.8125
289.9375 -59.8125 -3.5625
290.25 -58 -3.875
290.8125 -53.875 -4.5
290.75 -51.125 -4.8125
289.875 -45.1875 -4.5
19.375 -42.5625 -3.8125
18.6875 -37.5625 -2.4375
18.3125 -34.875 -1.8125
17.875 -32.0625 -1.3125
16.75 -26.4375 -0.25
16.0625 -23.8125 0.25
14.4375 -18.75 0.75
13.25 -16.6875 1
12.0625 -16.3125 2.0625
12 -16.5625 2.4375
12.8125 -17.4375 2.9375
13.25 -17.125 2.6875
13.6875 -16.875 2.5625
14.1875 -12.4375 2.0625
14.25 -10.0625 1.5
14 -7.375 1.6875
13.9375 -5.8125 1.8125
13.875 -5.0625 1.875
13.8125 -4.3125 1.9375
13.75 -3.125 1.9375
13.75 -2.625 1.9375
13.75 -2.1875 1.875
13.75 -2.1875 1.8125
13.8125 -2.1875 1.625
13.75 -2.1875 1.5625
13.6875 -2.125 1.5
13.5 -2 1.6875
13.3125 -1.625 2.375
13.25 -1.0625 2.875
13.25 -0.5 3.4375
13.625 0.25 4.0625
13.75 0.5625 4.3125
14.0625 0.6875 4.25
14.125 0.6875 4.125
14.125 0.6875 4.4375
14.125 0.75 4.5625
14.125 0.75 4.8125
14.125 0.8125 5
13.8125 0.875 5.25
13.6875 0.875 5.375
13.5 1.125 5.125
13.4375 1.25 5
13.4375 1.5625 4.6875
13.4375 1.6875 4.75
13.4375 1.9375 4.8125
13.5 2.1875 4.75
13.8125 2.75 4.5625
13.9375 3.125 4.4375
14.3125 3.9375 4.0625
14.4375 4.3125 3.9375
14.3125 4.8125 3.875
13.5625 6.625 4.0625
12.8125 8.125 4.3125
8.875 14.375 3.25
5.875 22.6875 0.8125
5.3125 25.6875 0.125
3.6875 31.375 -0.625
2.375 34.4375 -2.0625
2.8125 39.1875 -3.3125
4.875 42.125 -1.6875
6.125 43.375 -0.875
98.375 45.3125 0.4375
99.5 47.1875 1.1875
99.5625 47.8125 1.5
98.8125 48.625 1.3125
98.4375 49.1875 1.25
97.0625 50.875 1.6875
96.4375 51.625 1.75
95.9375 52.625 1.875
95.9375 53.25 2.1875
96.25 54.6875 3.25
96.375 55.5 3.875
96.5625 56.3125 4.625
96.9375 57.9375 6.3125
97.1875 58.75 7.5
97.8125 59.9375 9.125
98.0625 60.4375 9.625
98.25 60.8125 10
98.5625 61.25 10.625
99 61.875 11.5
99.125 62.25 12.0625
99.375 62.8125 12.8125
99.5 63.0625 13
99.8125 63.1875 13
100 63.1875 12.75
100.1875 63.1875 12.5
100.1875 63.5625 12.875
100.25 63.75 13.125
100.25 63.8125 13.25
100.25 63.75 13.125
100.25 63.625 13
100.25 63.5625 13.0625
100.375 63.625 13.375
100.5 63.5 13.5
100.5625 63.375 13.375
100.6875 63.0625 13.25
100.75 63 13.25
100.875 63 13.25
101.125 63.0625 13.8125
101.4375 63.25 15
101.4375 63.375 15
101.5 63.5 14.875
101.5 63.5 14.75
101.5625 63.5625 14.75
101.6875 63.8125 14.8125
101.75 63.9375 14.875
102 64 15.4375
102.5 63.9375 16.5
102.6875 63.6875 16.1875
102.75 63.5 16.0625
102.8125 63.25 15.875
102.875 63.125 15.6875
102.875 62.5625 15.0625
102.875 61.75 14.1875
102.75 61.25 13.5625
102.5625 60.1875 12.1875
102.25 58.875 10.6875
102.125 58.25 10.0625
101.8125 57.5 9.125
101.0625 55.9375 7
100.625 55 5.8125
99.6875 52.875 3.3125
99.25 51.875 2.375
98.875 51 1.6875
98.25 49.4375 0.625
98.0625 48.1875 0.875
98.3125 47.75 1.4375
98.75 46.8125 2.4375
98.625 45.5 2.375
98.625 45.1875 2.4375
8.75 44.625 2.9375
8.6875 44.375 3.1875
8.6875 43.875 3.625
8.75 43.5 3.8125
8.75 42.75 4
8.625 42.25 3.9375
8.125 41.6875 3.375
5.75 39.9375 1.125
4.4375 39.3125 0.1875
3.0625 38.25 -0.6875
2.625 36.9375 -1.0625
2.5625 36.25 -1.0625
2.5625 34.4375 -1.3125
2.9375 33.0625 -1.1875
3.625 30.8125 -0.8125
3.75 30.5625 -0.625
3.6875 30.5 -0.5625
3.625 30.1875 -0.6875
3.6875 29.9375 -0.6875
3.8125 29 -0.625
4 28.3125 -0.4375
4.4375 26.5625 0
4.625 25.5625 0.25
4.5625 24.5 0.25
4.3125 22.5625 0.375
4.4375 21.5625 0.625
4.6875 20.5 0.9375
5.625 17.625 2
6.375 15.8125 2.875
8.375 11.75 4.5
9.625 9.6875 5.125
12.0625 5.9375 5.375
15 2.875 5.0625
16.375 1.625 5.125
17.75 0.3125 5.25
20.375 -1.8125 5.4375
21.5 -3.125 6.125
21.4375 -3.125 6.375
21.3125 -3.0625 6.75
21.375 -3.1875 6.875
21.5 -3.3125 7
21.4375 -3.625 7.25
21.375 -3.8125 7.3125
21.375 -3.875 7.25
21.625 -4.25 7.0625
21.75 -4.5625 7.0625
21.875 -5.1875 7.125
21.875 -5.4375 7.1875
21.5625 -5.6875 7.5
21.375 -5.5 8
21.25 -5.3125 8.125
21.25 -4.8125 7.9375
21.25 -4.5 7.8125
21.3125 -4.1875 7.625
21.1875 -3.5 7.5625
21.125 -3.75 7.625
21.125 -3.9375 7.625
21.3125 -4.3125 7.5
21.4375 -4.4375 7.4375
21.4375 -4.375 7.3125
21.375 -4.375 7.125
21.375 -4.75 7
21.375 -4.9375 6.875
21.5 -5.125 6.75
21.4375 -5.375 6.625
21.5 -5.5625 6.375
21.4375 -5.75 6.1875
21.5625 -6.625 5.375
22.25 -6.875 4.1875
22.625 -7.0625 3.625
22.375 -7.25 3.375
22.6875 -7.4375 3.3125
23.1875 -7.5625 3.125
24.0625 -7.625 2.625
24.3125 -7.5625 2.375
24.5 -7.5 1.4375
24.625 -7.5 0.6875
24.9375 -7.625 -0.4375
25.0625 -7.6875 -0.8125
25.1875 -7.875 -1.1875
25.75 -8.3125 -0.125
26.25 -8.375 -0.0625
26.875 -8.4375 -0.125
28.0625 -8.625 0.1875
28.625 -8.8125 0
28.6875 -8.875 -0.125
28.625 -8.875 -0.125
28.5625 -8.875 -0.0625
28.5625 -8.875 -0.0625
29.0625 -8.9375 -0.125
29.5625 -9.0625 -0.25
30.375 -9.625 -0.5
30.6875 -9.875 -0.625
31.1875 -10.3125 -0.8125
31.1875 -10.4375 -0.9375
31.25 -10.5 -1.3125
31.25 -10.4375 -1.4375
31.25 -10.0625 -1.8125
31.25 -9.375 -2.3125
31.3125 -8.9375 -2.5625
31.5 -8 -2.75
31.6875 -7.125 -2.75
31.8125 -6.8125 -2.75
31.8125 -6.5 -3
31.75 -6.4375 -3.3125
31.5625 -6.3125 -3.875
31.5 -6.25 -4.25
31.5 -6.0625 -5.375
31.6875 -5.9375 -6
32.5 -5.4375 -7.875
33.1875 -5.125 -9.0625
33.75 -4.6875 -10.9375
33.6875 -4.4375 -10.9375
33.5 -4.0625 -11
33.3125 -4 -11.125
33 -3.75 -11.25
32.9375 -2.875 -11.25
33 0.5625 -11.75
32.8125 1.625 -11.8125
32.375 1.875 -11.9375
32 1.75 -12.125
31.875 1.75 -12.1875
31.625 1.75 -12.3125
31.5 1.6875 -12.375
31.625 1.6875 -12.5625
31.8125 1.75 -12.625
31.5625 1.875 -11.125
31.625 1.875 -10.5625
31.5625 2.0625 -10.5
31.625 2.1875 -10.4375
31.625 2.3125 -9.125
31.75 2.5625 -7.8125
31.875 2.6875 -7.75
32 2.8125 -7.6875
32.3125 3 -7.125
32.375 3 -6.625
32.375 3.25 -5.375
32.3125 3.5625 -5.0625
32.25 3.6875 -5.1875
32.25 3.6875 -5.25
32.25 3.6875 -5.3125
32.3125 3.625 -4.9375
32.3125 3.5 -4.125
32.3125 3.4375 -3.75
32.375 3.3125 -3
32.375 3.25 -2.625
32.5 3.1875 -1.9375
32.5625 3.0625 -1.3125
32.5625 3 -1
32.5625 2.9375 -0.375
32.5625 2.875 -0.125
32.4375 2.8125 0.375
32.375 2.6875 0.875
32.3125 2.6875 1.125
32.25 2.5625 1.6875
32.25 2.5625 1.9375
32.3125 2.5 2.125
32.375 2.5 2.25
32.5625 2.5 2.1875
32.875 2.5 2.375
32.9375 2.5 2.1875
32.9375 2.5 2.125
33 2.5 2.3125
33.4375 2.4375 2.8125
33.5625 2.375 3.0625
33.625 2.3125 3.375
33.6875 2.3125 3.25
33.75 2.3125 3.1875
33.875 2.3125 3.375
34.1875 2.25 3.625
34.5 2.25 3.8125
35 2.25 4.125
35.375 2.25 4
35.5625 2.25 3.9375
35.75 2.25 4.0625
36.25 2.3125 3.9375
36.5 2.3125 3.875
37.125 2.3125 4.125
37.375 2.3125 4.3125
38.3125 2.3125 4.5625
38.6875 2.375 4.5
39.25 2.375 4.375
39.625 2.375 4.3125
39.75 2.375 4.1875
39.8125 2.375 4.0625
39.8125 2.375 4
39.8125 2.375 3.875
39.8125 2.375 4
39.8125 2.3125 4.125
39.875 2.25 4.375
39.875 2.25 4.5
39.875 2.1875 4.75
39.875 2.1875 4.875
39.875 2.125 5.0625
39.8125 2.0625 5.0625
39.5 2.0625 5
38.1875 2 4.8125
37.375 2 4.6875
36.5 1.9375 4.5625
34.375 1.8125 4.375
33.6875 1.8125 4.3125
32.625 1.75 4.125
31.6875 1.6875 4
31.0625 1.6875 4.0625
29.5625 1.5625 4.125
28.1875 1.5 4.0625
25.375 1.375 3.875
22.5 1.1875 3.625
21.4375 1.125 3.5625
19.9375 1.0625 3.5625
19 1 3.375
18.75 0.9375 3.3125
18.1875 0.9375 3.375
17.3125 0.9375 3.625
16.9375 0.9375 3.75
16.6875 1 4
16.625 1.0625 4.125
16.625 1.0625 4.3125
16.625 1.125 4.4375
16.625 1.125 4.5625
16.625 1.125 4.8125
16.4375 1.0625 4.9375
16 1.125 5.125
15.6875 1.125 5.3125
15.5 1.125 5.375
15.0625 1.125 5.5625
14.8125 1.125 5.5625
14.5 1.1875 5.625
14.1875 1.25 5.6875
14 1.25 5.8125
14 1.25 5.8125
14 1.3125 5.875
14 1.3125 6
13.875 1.3125 6.125
13.6875 1.3125 6.125
13.5625 1.3125 6.1875
13.5625 1.3125 6.25
13.5 1.375 6.3125
13.5 1.375 6.3125
13.375 1.375 6.375
13.1875 1.375 6.4375
12.5625 1.375 6.4375
12.5 1.375 6.5
11.75 1.3125 6.5
11.5625 1.3125 6.5
11.375 1.3125 6.5
10.9375 1.3125 6.5
10.5625 1.375 6.5
10.3125 1.375 6.5625
9.75 1.375 6.5625
9.4375 1.375 6.5625
8.875 1.375 6.5625
8.75 1.375 6.5
8.625 1.375 6.5
8.1875 1.375 6.5625
7.9375 1.375 6.5625
7.5 1.375 6.5625
7.3125 1.375 6.5625
7.125 1.4375 6.625
6.875 1.4375 6.625
6.75 1.4375 6.625
6.6875 1.4375 6.625
6.5 1.4375 6.625
6.3125 1.4375 6.6875
6.25 1.4375 6.6875
6.125 1.4375 6.6875
6.0625 1.4375 6.6875
5.9375 1.4375 6.6875
5.9375 1.4375 6.6875
5.9375 1.4375 6.6875
5.9375 1.4375 6.75
5.9375 1.4375 6.75
5.9375 1.5 6.75
5.9375 1.5 6.75
5.9375 1.5 6.75
5.9375 1.5 6.8125
5.9375 1.5 6.8125
5.875 1.5 6.8125
5.75 1.5 6.8125
5.6875 1.5 6.8125
5.625 1.5 6.8125
5.5625 1.5 6.8125
5.5625 1.5 6.8125
5.5 1.5 6.8125
5.4375 1.5625 6.875
5.1875 1.6875 6.8125
4.9375 1.75 6.75
4.4375 1.9375 6.6875
4.25 2.0625 6.5625
4 2.1875 6.5
3.9375 2.25 6.5
3.9375 2.25 6.5
3.9375 2.25 6.5625
3.9375 2.125 6.625
3.9375 2 6.6875
3.9375 1.9375 6.75
4 1.875 6.8125
4 1.8125 6.8125
4 1.8125 6.8125
4.0625 1.8125 6.8125
4.0625 1.8125 6.875
4.0625 1.8125 6.875
4.0625 1.8125 6.875
4.0625 1.8125 6.875
4.125 1.8125 6.875
4.1875 1.8125 6.875
4.5 1.8125 6.875
4.6875 1.8125 6.875
4.8125 1.8125 6.875
4.9375 1.8125 6.9375
5.1875 1.875 6.875
5.375 1.875 6.875
5.6875 1.875 6.875
5.875 1.9375 6.875
6.125 1.9375 6.8125
6.3125 2 6.75
6.5625 2.0625 6.6875
6.6875 2.125 6.625
6.9375 2.125 6.625
7 2.125 6.5625
7.0625 2.25 6.5625
7.0625 2.3125 6.5625
7.125 2.375 6.375
7.25 2.375 6.375
7.25 2.375 6.3125
7.3125 2.3125 6.1875
7.3125 2.3125 6.25
7.3125 2.3125 6.25
7.3125 2.3125 6.3125
7.3125 2.3125 6.375
7.375 2.3125 6.375
7.4375 2.25 6.4375
7.375 2.25 6.5
7.25 2.1875 6.5
7.0625 2.25 6.5
7.0625 2.25 6.5
7.0625 2.3125 6.5
7.0625 2.3125 6.4375
7.0625 2.375 6.5
7 2.375 6.5
6.8125 2.3125 6.4375
6.375 2.3125 6.3125
5.625 2.25 6.3125
5.0625 2.125 6.1875
4.8125 2.125 6.125
4.125 2.1875 6.0625
3.8125 2.3125 6.0625
3.5625 2.3125 6.0625
3.0625 2.375 6
2.625 2.4375 6
2.25 2.5625 5.9375
1.5 2.6875 5.8125
359.8125 2.75 5.5625
358.375 2.5 5.5
357.5625 2.4375 5.4375
356.125 2.0625 5.4375
355.125 1.6875 5.5625
354.5 1.625 5.625
353.375 1.625 5.6875
352.875 1.625 5.6875
352.5 1.5625 5.75
352 1.5625 5.8125
351.875 1.625 5.875
351.8125 1.625 6
351.8125 1.5625 6.0625
351.8125 1.625 6.125
351.8125 1.625 6.25
351.875 1.625 6.25
351.9375 1.625 6.375
351.9375 1.625 6.375
351.9375 1.625 6.4375
352.0625 1.625 6.5
352.0625 1.625 6.5
352.1875 1.625 6.625
352.25 1.625 6.625
352.3125 1.625 6.6875
352.3125 1.625 6.6875
352.375 1.625 6.75
352.375 1.625 6.8125
352.4375 1.5625 6.8125
352.5 1.5625 6.875
352.5625 1.5625 6.875
352.625 1.5625 6.9375
352.6875 1.5625 6.9375
352.6875 1.5625 6.9375
352.8125 1.5625 7
352.875 1.5625 7
352.9375 1.5625 7
353 1.5625 7
353.0625 1.5625 7.0625
353.125 1.5625 7.0625
353.125 1.5625 7.125
353.125 1.5625 7.125
353.125 1.5 7.125
353.0625 1.5 7.125
353 1.4375 7.1875
353 1.4375 7.1875
352.9375 1.5 7.1875
352.9375 1.5 7.1875
352.875 1.5 7.1875
352.875 1.5 7.1875
352.875 1.5 7.1875
352.875 1.5 7.1875
352.8125 1.4375 7.1875
352.8125 1.5 7.1875
352.8125 1.5 7.25
353.125 1.5 7.125
353.6875 1.5625 7.0625
355.4375 1.75 6.875
356.3125 1.75 6.8125
358.125 1.8125 6.625
0.125 1.8125 6.5625
1.125 1.8125 6.5
3.0625 2 6.3125
3.875 2.0625 6.25
5.25 2.1875 6.1875
5.8125 2.25 6.125
6.6875 2.25 6.3125
7.1875 2.25 6.375
8.4375 2.25 6.5625
9.0625 2.25 6.625
10.1875 2.25 6.625
10.9375 2.25 6.75
11.3125 2.25 6.8125
11.5 2.25 6.875
11.625 2.25 6.9375
11.6875 2.25 6.9375
11.6875 2.25 6.875
11.6875 2.1875 6.875
11.75 2.25 6.8125
11.8125 2.25 6.75
11.8125 2.25 6.6875
11.875 2.3125 6.5625
11.875 2.3125 6.4375
11.9375 2.3125 6.4375
11.9375 2.3125 6.5
11.9375 2.3125 6.5
11.9375 2.3125 6.5
11.9375 2.3125 6.5
11.9375 2.3125 6.5625
11.9375 2.25 6.5625
11.875 2.25 6.625
11.6875 2.125 6.75
11.625 2.0625 6.75
11.5 2 6.8125
11.3125 1.9375 6.875
11.1875 1.9375 6.875
11.0625 1.8125 6.9375
10.875 1.8125 6.9375
10.25 1.75 7
9.875 1.75 7
9.5 1.75 7
8.5625 1.75 6.9375
6.8125 1.8125 6.8125
5.9375 1.8125 6.75
3.9375 1.875 6.5
2.8125 1.875 6.375
2.3125 1.9375 6.375
2 1.875 6.3125
1.75 1.875 6.25
1.375 1.875 6.125
0.75 1.875 6.0625
0.5 1.875 6
0.3125 1.875 5.875
0.25 1.875 5.875
0.25 1.8125 6
0.25 1.8125 6
0.3125 1.8125 6.0625
0.3125 1.8125 6.125
0.3125 1.8125 6.125
0.375 1.8125 6.1875
0.5 1.8125 6.25
0.5 1.8125 6.25
0.5625 1.8125 6.3125
0.5625 1.8125 6.375
0.625 1.8125 6.375
0.6875 1.8125 6.4375
0.6875 1.8125 6.4375
0.75 1.8125 6.5
0.75 1.8125 6.5
0.875 1.8125 6.5625
0.9375 1.8125 6.5625
1.1875 1.8125 6.5625
1.375 1.8125 6.625
2.0625 1.8125 6.625
2.375 1.8125 6.6875
2.8125 1.75 6.75
3 1.75 6.75
3.25 1.75 6.8125
3.375 1.75 6.8125
3.5 1.75 6.8125
3.5 1.75 6.8125
3.5 1.75 6.875
3.5625 1.75 6.875
3.5625 1.6875 6.875
3.5625 1.6875 6.9375
3.5625 1.6875 6.9375
3.5625 1.6875 6.9375
3.5625 1.6875 6.9375
3.5625 1.6875 6.9375
3.5625 1.6875 6.9375
3.5625 1.6875 7
3.5625 1.6875 7
3.625 1.6875 7
3.625 1.6875 7
3.625 1.6875 7
3.625 1.6875 7
3.625 1.6875 7
3.625 1.6875 7
3.625 1.6875 7
3.625 1.6875 7.0625
3.625 1.6875 7.0625
3.625 1.6875 7.0625
3.625 1.6875 7.0625
3.625 1.6875 7.0625
3.625 1.6875 7.0625
3.625 1.6875 7.0625
3.625 1.6875 7.0625
3.625 1.6875 7.0625
3.625 1.6875 7.0625
3.625 1.6875 7.0625
3.6875 1.6875 7.0625
3.6875 1.6875 7.0625
3.6875 1.6875 7.0625
3.6875 1.6875 7.0625
3.6875 1.6875 7.0625
3.6875 1.6875 7.0625
3.6875 1.6875 7.0625
3.6875 1.6875 7.0625
3.6875 1.6875 7.0625
3.6875 1.6875 7.0625
3.6875 1.6875 7.0625
3.6875 1.6875 7.0625
3.6875 1.6875 7.0625
3.6875 1.6875 7.0625
3.6875 1.6875 7.0625
3.6875 1.6875 7.0625
3.6875 1.6875 7.0625
3.6875 1.6875 7.0625
3.75 1.6875 7.0625
3.75 1.6875 7.125
3.8125 1.6875 7.0625
3.875 1.6875 7.0625
4 1.625 7.0625
4.0625 1.625 7.0625
4.0625 1.6875 7.0625
4.0625 1.6875 7.0625
4.0625 1.6875 7.0625
4.0625 1.75 7.0625
4.0625 1.75 7.0625
4.0625 1.75 7.0625
4.0625 1.75 7.0625
4 1.8125 7
3.875 1.8125 7
3.8125 1.75 7
3.8125 1.6875 6.9375
3.875 1.5 6.9375
3.875 1.5 6.9375
3.875 1.5 6.875
3.8125 1.5 6.875
3.8125 1.5 6.875
3.75 1.5 6.875
3.6875 1.5 6.8125
3.6875 1.5 6.875
3.6875 1.5 6.875
3.625 1.5 6.9375
3.5625 1.5 6.9375
3.4375 1.5 6.875
3.4375 1.5 6.8125
3.5 1.5 6.625
3.8125 1.5 6.5
4.125 1.5 6.4375
4.75 1.625 6.25
5 1.75 6.0625
5.1875 1.75 6
5.5 1.75 5.875
5.5625 1.6875 5.8125
5.9375 1.5625 5.9375
6.1875 1.5 6
6.8125 1.5 6.125
7.1875 1.5 6.1875
7.75 1.5 6.25
8 1.5625 6.3125
8.3125 1.5625 6.4375
8.4375 1.5625 6.5625
8.5 1.5625 6.5625
8.5625 1.5625 6.625
8.6875 1.5625 6.6875
8.6875 1.5625 6.8125
8.75 1.5625 6.8125
8.8125 1.5625 6.875
8.875 1.5 6.9375
8.875 1.5 6.9375
8.875 1.5 7
8.875 1.5 7
8.875 1.5 7
8.875 1.5 7.0625
8.875 1.5 7.0625
8.875 1.5 7.0625
8.875 1.5 7.0625
8.875 1.5 7.0625
8.875 1.5 7.0625
8.875 1.5 7.125
8.875 1.5 7.125
8.875 1.5 7.125
8.875 1.5 7.125
8.9375 1.5 7.125
8.9375 1.5 7.125
8.9375 1.5 7.125
8.9375 1.5 7.125
8.9375 1.5 7.1875
8.9375 1.5 7.1875
8.9375 1.5 7.1875
8.9375 1.5 7.1875
8.9375 1.5 7.1875
8.9375 1.5 7.25
8.9375 1.5 7.25
9 1.5 7.25
9 1.5 7.25
9 1.5 7.375
9.0625 1.5 7.4375
9.125 1.5 7.4375
9.125 1.5 7.4375
9.125 1.5 7.4375
9.125 1.5 8.5
9.125 1.5 9.4375
9.125 1.5 10.75
9.0625 1.5 11.5
9.0625 1.5 11.5625
9.125 1.5 11.625
9.25 1.5 11.875
9.625 1.5 13.125
9.75 1.5 16
9.875 1.5 17.625
10.0625 1.5 20.6875
10.125 1.5 22.1875
10.3125 1.5 24.625
10.375 1.5 25.8125
10.375 1.5 25.6875
10.375 1.5 25.4375
10.5 1.5 24.75
10.5625 1.5 24.3125
10.625 1.5 23.5625
10.6875 1.5 23.4375
10.75 1.5625 22.9375
10.75 1.5625 22.6875
10.75 1.5625 21.8125
10.8125 1.5625 21.0625
11 1.5625 18.125
11.125 1.5625 8.875
11.125 1.5625 5.3125
11.125 1.5625 4.9375
11.125 1.5625 4.875
11.125 1.5625 4.6875
11.125 1.5625 4.625
11.125 1.5625 4.4375
11.125 1.5625 4.5625
11.125 1.5625 4.8125
11.1875 1.5625 5
11.1875 1.5625 5.125
11.1875 1.5625 5.3125
11.1875 1.5625 5.375
11.1875 1.5625 5.5625
11.1875 1.5625 5.625
11.1875 1.5625 5.8125
11.1875 1.5625 5.875
11.1875 1.5625 6
11.1875 1.5625 6.125
11.1875 1.5625 6.1875
11.1875 1.5625 6.1875
11.25 1.5625 6.3125
11.25 1.5625 6.375
11.25 1.5625 6.375
11.25 1.5625 6.5
11.25 1.5625 6.5
11.25 1.5625 6.5625
11.25 1.5625 6.625
11.25 1.5625 6.6875
11.25 1.5625 6.75
11.25 1.5625 6.75
11.25 1.5 6.8125
11.25 1.5 6.875
11.25 1.5 6.875
11.25 1.5 6.9375
11.25 1.5 6.9375
11.25 1.5 7
11.25 1.5 7
11.3125 1.5 7.0625
11.3125 1.5 7.0625
11.3125 1.5 7.125
11.3125 1.5 7.125
11.3125 1.5 7.125
11.3125 1.5 7.1875
11.3125 1.5 7.1875
11.3125 1.5 7.1875
11.3125 1.5 7.25
11.3125 1.5 7.25
11.3125 1.5 7.25
11.375 1.5 7.25
11.375 1.5 7.25
11.375 1.5 7.3125
11.4375 1.5 7.3125
11.4375 1.5 7.3125
11.5 1.5 7.3125
11.5 1.5 7.3125
11.5625 1.5625 7.25
11.5625 1.5625 7.25
11.625 1.5625 7.25
11.625 1.625 7.25
11.625 1.625 7.25
11.625 1.625 7.25
11.6875 1.6875 7.25
11.6875 1.625 7.25
11.75 1.6875 7.1875
11.875 1.6875 7.125
12.125 1.75 7.0625
12.75 1.75 6.875
13 1.8125 6.8125
13.5625 1.8125 6.625
13.8125 1.875 6.6875
14 1.9375 6.6875
14 2.1875 6.5625
14 2.375 6.5
14 2.5 6.4375
14 2.75 6.3125
14 2.875 6.25
13.75 3 6.25
13.4375 3.125 6.125
13.25 3.5 5.9375
13.0625 3.75 5.8125
12.9375 4.1875 5.5
12.875 4.4375 5.3125
12.75 4.8125 5.0625
12.625 4.875 5
12.5 5.125 5
12.4375 5.375 5
12.375 5.375 5
12.3125 5.3125 5
12.1875 5.125 4.9375
12.125 5 4.9375
12.0625 4.9375 4.9375
12 4.875 5
11.9375 4.75 5.125
11.9375 4.625 5.1875
11.9375 4.25 5.4375
11.9375 4 5.625
12 3.5 5.9375
12.0625 2.8125 6.25
12.125 2.375 6.4375
12.1875 1.8125 6.625
12.1875 1.75 6.5625
12.1875 1.6875 6.4375
12.1875 1.5625 6.5
12.1875 1.5 6.5625
12.1875 1.5 6.625
12.1875 1.5 6.625
12.1875 1.5 6.75
12.25 1.5 6.75
12.25 1.5 6.875
12.25 1.5 6.9375
12.25 1.5 7
12.25 1.5 7.0625
12.25 1.5 7.125
12.25 1.5 7.25
12.25 1.5 7.25
12.25 1.5 7.375
12.25 1.5 7.375
12.3125 1.5 7.4375
12.375 1.5 7.5
12.375 1.4375 7.5625
12.4375 1.4375 7.625
12.4375 1.4375 7.6875
12.4375 1.4375 7.75
12.5 1.4375 7.75
12.5625 1.4375 7.75
12.75 1.4375 7.8125
12.75 1.4375 7.8125
12.75 1.4375 7.8125
12.75 1.4375 7.8125
12.75 1.4375 7.8125
12.75 1.4375 7.8125
12.8125 1.4375 7.8125
12.8125 1.4375 7.8125
12.8125 1.4375 7.8125
12.8125 1.4375 7.8125
12.8125 1.4375 7.8125
12.8125 1.4375 7.75
12.8125 1.4375 7.75
12.8125 1.4375 7.75
12.8125 1.4375 7.75
12.8125 1.4375 7.75
12.8125 1.4375 7.75
12.8125 1.4375 7.75
12.8125 1.4375 7.8125
12.8125 1.4375 7.8125
12.8125 1.4375 7.8125
12.8125 1.4375 7.8125
12.8125 1.4375 7.8125
12.8125 1.4375 7.8125
12.8125 1.4375 7.8125
12.8125 1.4375 7.875
12.8125 1.4375 7.875
12.875 1.4375 7.875
12.8125 1.4375 7.8125
12.375 1.4375 7.625
12.125 1.4375 7.5625
11.875 1.4375 7.5
11.875 1.4375 7.3125
11.8125 1.4375 7.25
11.5625 1.4375 7.125
11.25 1.4375 6.9375
11.125 1.4375 7
10.9375 1.4375 7
10.9375 1.4375 6.9375
10.875 1.4375 6.9375
10.875 1.4375 7
10.875 1.4375 7.0625
10.875 1.4375 7.1875
10.875 1.4375 7.25
10.875 1.4375 7.3125
10.875 1.4375 7.375
10.9375 1.4375 7.4375
10.9375 1.4375 7.5
11 1.4375 7.5625
11 1.4375 7.625
11.0625 1.4375 7.625
11.0625 1.4375 7.6875
11.0625 1.4375 7.75
11.0625 1.4375 7.75
11.125 1.4375 7.875
11.125 1.4375 7.875
11.1875 1.4375 8
11.3125 1.4375 8
11.5625 1.4375 8.0625
11.625 1.375 8.0625
11.8125 1.375 8.0625
11.8125 1.375 8.0625
11.875 1.375 8.0625
12 1.375 8.125
12.0625 1.375 8.125
12.0625 1.375 8.125
12.0625 1.375 8.125
12.0625 1.375 8.1875
12.125 1.375 8.1875
12.125 1.375 8.1875
12.125 1.375 8.1875
12.125 1.375 8.1875
12.125 1.375 8.25
12.125 1.375 8.25
12.0625 1.375 8.25
11.9375 1.375 8.25
11.875 1.375 8.3125
11.9375 1.375 8.3125
11.9375 1.375 8.3125
11.9375 1.375 8.3125
11.9375 1.375 8.3125
11.9375 1.375 8.3125
11.9375 1.375 8.3125
11.875 1.375 8.3125
11.875 1.375 8.3125
11.8125 1.375 8.3125
11.8125 1.375 8.3125
11.8125 1.375 8.3125
11.75 1.3125 8.3125
11.75 1.3125 8.3125
11.75 1.3125 8.3125
11.75 1.3125 8.3125
11.75 1.3125 8.3125
11.75 1.3125 8.3125
11.75 1.3125 8.375
11.75 1.375 8.375
11.75 1.375 8.375
11.75 1.3125 8.375
11.75 1.3125 8.3125
11.75 1.1875 8.1875
11.75 1.1875 8.1875
11.75 1.125 8.1875
11.75 1.125 8.125
11.8125 0.8125 7.8125
11.875 0.6875 7.625
12 0.375 7.3125
12.125 0.125 7.0625
12.1875 0 6.875
12.25 -0.125 6.6875
12.375 -0.4375 6.375
12.375 -0.5625 6.125
12.3125 -0.5625 6.0625
11.9375 -0.5 5.9375
11.8125 -0.5625 5.9375
11.75 -0.6875 5.625
11.6875 -0.8125 5.4375
11.9375 -0.9375 5.375
12.1875 -1.1875 5.375
12.6875 -1.8125 5.25
12.75 -2 5.1875
12.625 -1.9375 5.125
12.125 -1.6875 4.75
11.9375 -1.5625 4.5625
11.9375 -1.375 4.375
12.125 -1.4375 4.25
12.25 -1.5625 4.25
12.3125 -1.625 4.0625
12.25 -1.5625 4
12.25 -1.5 3.9375
12.25 -1.375 4.0625
12.375 -1.4375 4.1875
12.4375 -1.5 4.25
12.5625 -1.5 4.25
12.8125 -1.625 4.3125
12.875 -1.625 4.3125
13 -1.5 4.3125
13 -1.4375 4.375
13 -1.25 4.375
13 -1.25 4.4375
13 -1.25 4.4375
13 -1.25 4.5
13 -1.25 4.5
13 -1.25 4.5625
13 -1.1875 4.5625
13 -1.1875 4.625
13 -1.0625 4.75
13 -1 4.875
13.125 -0.75 5
13.5 -0.6875 5.0625
13.6875 -0.375 5.25
13.625 0.125 5.6875
13.625 0.5 6
13.5625 1.0625 6.4375
13.5625 1.1875 6.5
13.5625 1.1875 6.375
13.5625 1.1875 6.5
13.5625 1.25 6.625
13.5625 1.3125 6.75
13.5625 1.4375 7
13.5625 1.5 7.1875
13.5625 1.5 7.1875
13.5625 1.5 7.25
13.5625 1.5 7.3125
13.5625 1.5 7.375
13.5625 1.5 7.4375
13.625 1.5 7.4375
13.625 1.5 7.5
13.625 1.5 7.5
13.625 1.5 7.5
13.625 1.5 7.5625
13.625 1.5 7.5625
13.625 1.5 7.5625
13.625 1.5 7.625
13.625 1.5 7.625
13.625 1.5 7.625
13.625 1.5 7.625
13.625 1.5 7.625
13.625 1.5 7.6875
13.625 1.5 7.6875
13.625 1.5 7.6875
13.625 1.5 7.6875
13.625 1.5 7.6875
13.625 1.5 7.6875
13.625 1.5 7.6875
13.625 1.5 7.6875
13.6875 1.5 7.6875
13.6875 1.5 7.6875
13.6875 1.5 7.6875
13.6875 1.5 7.6875
13.6875 1.4375 7.6875
13.6875 1.4375 7.6875
13.6875 1.4375 7.6875
13.6875 1.4375 7.6875
13.6875 1.4375 7.6875
13.6875 1.4375 7.6875
13.6875 1.4375 7.625
13.5625 1.4375 7.625
13.375 1.4375 7.625
13.1875 1.4375 7.625
13 1.4375 7.5625
12.8125 1.4375 7.5625
12.4375 1.4375 7.625
12.3125 1.4375 7.625
12.1875 1.5 7.6875
12.1875 1.5 7.75
12.1875 1.5 7.75
12.1875 1.5 7.75
12.1875 1.5 7.75
12.1875 1.5 7.75
12.1875 1.5 7.75
12.1875 1.5 7.75
12.1875 1.5 7.8125
12.1875 1.5 7.8125
12.1875 1.5 7.8125
12.25 1.5 7.875
12.375 1.5 7.8125
12.375 1.5 7.8125
12.375 1.4375 7.8125
12.375 1.4375 7.8125
12.375 1.5 7.8125
12.3125 1.5 7.8125
12.375 1.5 7.8125
12.375 1.5 7.8125
12.375 1.5 7.75
12.375 1.5 7.75
12.375 1.5 7.75
12.375 1.5 7.75
12.4375 1.4375 7.75
12.5625 1.4375 7.75
12.875 1.4375 7.8125
12.9375 1.4375 7.8125
13.125 1.4375 7.8125
13.125 1.4375 7.8125
13.375 1.4375 7.75
13.5 1.4375 7.75
13.6875 1.4375 7.75
13.8125 1.4375 7.75
13.875 1.4375 7.8125
14.0625 1.5 7.875
14.3125 1.5 7.875
14.4375 1.5 7.9375
14.5625 1.4375 8
14.5625 1.4375 8.0625
14.625 1.4375 8.0625
14.6875 1.4375 8.125
14.6875 1.4375 8.125
14.6875 1.4375 8.125
14.6875 1.4375 8.125
14.6875 1.4375 8.125
14.6875 1.4375 8.1875
14.6875 1.4375 8.3125
14.8125 1.5 8.4375
14.9375 1.5 8.75
15.0625 1.5 8.8125
15.25 1.5 9.0625
15.3125 1.5 9.1875
15.375 1.5 9.4375
15.375 1.5 9.5
15.375 1.5 9.6875
15.375 1.5 9.9375
15.375 1.5 10.25
15.375 1.5 11
15.375 1.5 11.25
15.375 1.5 11.5
15.625 1.5 11.5
15.6875 1.5 11.625
15.875 1.5 11.8125
16 1.5 11.9375
16.125 1.5 12.125
16.125 1.5 12.25
16.125 1.5 12.375
16.125 1.5 12.4375
16.125 1.5 12.5625
16.125 1.5 12.9375
16.125 1.5 13.3125
16.125 1.5 13.3125
16.125 1.5 13.3125
16.125 1.5 13.3125
16.1875 1.5 13.125
16.1875 1.5 13.0625
16.1875 1.5 12.625
16.25 1.5 12.375
16.25 1.5 11.625
16.25 1.5 11.25
16.25 1.5 10.5
16.25 1.5 9.8125
16.25 1.5 9.4375
16.3125 1.5 8.8125
16.3125 1.5 8.3125
16.3125 1.5 7.25
16.3125 1.5 7.0625
16.3125 1.5 6.9375
16.3125 1.5 6.8125
16.3125 1.5 6.6875
16.3125 1.5 6.625
16.3125 1.5 6.6875
16.3125 1.5 6.75
16.3125 1.5 6.8125
16.3125 1.5 6.875
16.3125 1.5 6.9375
16.375 1.5 7
16.375 1.5 7.0625
16.375 1.5 7.0625
16.375 1.5 7.125
16.375 1.5 7.125
16.375 1.5 7.1875
16.375 1.5 7.1875
16.375 1.5 7.25
16.375 1.5 7.25
16.375 1.5 7.25
16.375 1.5 7.3125
16.375 1.4375 7.3125
16.375 1.4375 7.375
16.375 1.4375 7.375
16.375 1.4375 7.4375
16.375 1.4375 7.4375
16.375 1.4375 7.5
16.375 1.4375 7.5
16.375 1.4375 7.5
16.375 1.4375 7.5625
16.375 1.4375 7.5625
16.375 1.4375 7.5625
16.375 1.4375 7.5625
16.375 1.4375 7.625
16.375 1.4375 7.625
16.375 1.4375 7.625
16.375 1.4375 7.625
16.375 1.4375 7.625
16.375 1.4375 7.6875
16.375 1.4375 7.6875
16.375 1.4375 7.6875
16.375 1.4375 7.6875
16.375 1.4375 7.6875
16.375 1.4375 7.75
16.4375 1.4375 7.75
16.4375 1.4375 7.75
16.4375 1.4375 7.75
16.4375 1.4375 7.75
16.4375 1.4375 7.75
16.4375 1.4375 7.75
16.4375 1.4375 7.75
16.4375 1.4375 7.75
16.4375 1.4375 7.75
16.4375 1.4375 7.75
16.4375 1.4375 7.6875
16.4375 1.375 7.6875
16.4375 1.3125 7.625
16.4375 1.3125 7.5625
16.4375 1.1875 7.5
16.4375 1.1875 7.4375
16.4375 1.1875 7.4375
16.5 1.1875 7.4375
16.5625 1.25 7.4375
16.5625 1.25 7.4375
16.5625 1.25 7.375
16.625 1.3125 7.375
16.625 1.375 7.3125
16.625 1.5 7.1875
16.625 1.5625 7.125
16.5625 1.5625 7.125
16.5625 1.625 7.0625
16.5625 1.75 6.625
16.625 1.8125 6.4375
16.6875 1.875 6.25
16.75 2 6.125
16.8125 2.0625 6
16.75 2.0625 6
16.75 2.0625 5.9375
16.75 2.0625 5.75
16.75 2.0625 5.75
16.75 1.9375 5.75
16.6875 1.875 5.75
16.6875 1.875 5.625
16.6875 1.875 5.5625
16.6875 1.875 5.5
16.6875 1.8125 5.4375
16.6875 1.8125 5.4375
16.625 1.8125 5.375
16.625 1.8125 5.125
16.6875 1.75 5.125
16.625 1.75 5.125
16.5625 1.6875 5.125
16.5625 1.6875 5.1875
16.5625 1.625 5.1875
16.5625 1.625 5.1875
16.5 1.5625 5.1875
16.5 1.5625 5.125
16.4375 1.5625 5.0625
16.4375 1.5625 5
16.5 1.5625 4.9375
16.5625 1.625 4.8125
16.5625 1.625 4.75
16.5625 1.625 4.6875
16.625 1.625 4.625
16.5625 1.5625 4.5625
16.5625 1.5 4.5
16.5625 1.5 4.25
16.625 1.5 4.0625
16.6875 1.5625 4
16.75 1.5 3.9375
16.75 1.4375 4
16.6875 1.375 4
16.6875 1.375 4
16.6875 1.375 3.875
16.6875 1.375 3.75
16.75 1.375 3.5625
16.75 1.375 3.5625
16.75 1.4375 3.5625
16.75 1.5 3.5
16.75 1.5625 3.5
16.75 1.625 3.4375
16.75 1.6875 3.375
16.75 1.6875 3.375
16.75 1.75 3.3125
16.75 1.75 3.3125
16.8125 1.75 3.25
16.8125 1.75 3.1875
16.8125 1.75 3.25
16.8125 1.625 3.3125
16.75 1.625 3.25
16.75 1.625 3.1875
16.75 1.625 3.125
16.8125 1.5625 3.125
16.8125 1.5625 3.0625
16.8125 1.5 3.0625
16.8125 1.5 3.0625
16.8125 1.4375 2.9375
16.8125 1.4375 2.9375
16.8125 1.4375 2.9375
16.875 1.4375 2.875
16.9375 1.4375 2.8125
17 1.4375 2.8125
17 1.5 2.75
17 1.5625 2.75
17.0625 1.5625 2.6875
17.0625 1.5625 2.6875
17.125 1.5625 2.625
17.125 1.5625 2.625
17.125 1.5625 2.5625
17.1875 1.5625 2.5
17.25 1.625 2.1875
17.3125 1.6875 2.0625
17.375 1.6875 1.875
17.375 1.6875 1.8125
17.4375 1.625 1.8125
17.4375 1.625 1.75
17.5 1.6875 1.5625
17.5 1.6875 1.4375
17.5 1.75 1.25
17.5 1.6875 1.1875
17.4375 1.625 1.125
17.4375 1.625 1.125
17.4375 1.625 1.125
17.5 1.5625 1.0625
17.5625 1.5625 1
17.5625 1.5 1
17.5625 1.5 1.0625
17.5 1.5 1.0625
17.4375 1.5 1.0625
17.4375 1.5625 1.0625
17.4375 1.5625 1
17.4375 1.625 1
17.4375 1.6875 1
17.375 1.6875 1
17.3125 1.6875 1
17.375 1.75 0.875
17.375 1.8125 0.8125
17.4375 1.8125 0.75
17.4375 1.8125 0.625
17.4375 1.8125 0.625
17.4375 1.75 0.625
17.4375 1.75 0.625
17.375 1.6875 0.5625
17.375 1.6875 0.5625
17.375 1.6875 0.4375
17.4375 1.75 0.3125
17.4375 1.75 0.3125
17.4375 1.75 0.25
17.4375 1.75 0.25
17.4375 1.75 0.1875
17.4375 1.75 0.1875
17.4375 1.75 0.25
17.4375 1.75 0.3125
17.375 1.75 0.3125
17.375 1.8125 0.4375
17.375 1.8125 0.4375
17.375 1.8125 0.5
17.375 1.8125 0.5625
17.375 1.8125 0.625
17.25 1.8125 0.75
17.1875 1.875 0.75
17.1875 1.9375 0.875
17.1875 1.9375 0.9375
17.1875 1.9375 1.0625
17.1875 1.9375 1.125
17.1875 1.9375 1.125
17.125 1.9375 1.1875
17.125 1.875 1.25
17.0625 1.875 1.25
17.0625 1.8125 1.25
17.0625 1.8125 1.25
17.0625 1.8125 1.25
17.125 1.8125 1.25
17.0625 1.8125 1.3125
17.0625 1.8125 1.375
17 1.8125 1.4375
16.9375 1.875 1.5625
16.9375 1.9375 1.625
16.9375 2 1.6875
17 2.0625 1.6875
17 2.125 1.75
17 2.1875 1.75
17 2.1875 1.8125
17 2.1875 1.8125
17 2.1875 1.8125
17 2.1875 1.875
17.0625 2.1875 1.875
17.0625 2.1875 1.875
17.0625 2.125 1.875
17.0625 2 1.9375
17.0625 1.9375 1.9375
17.0625 1.875 2
17.0625 1.875 2
17.0625 1.875 2
17.0625 1.9375 2.0625
17.0625 1.9375 2.0625
17.0625 1.9375 2.125
17.0625 1.9375 2.125
17.0625 1.9375 2.125
17.0625 1.9375 2.125
17.0625 2 2.125
17.0625 2 2.125
17.0625 2 2.125
17 1.9375 2.25
17 1.9375 2.25
17.0625 1.9375 2.25
17.0625 1.9375 2.25
17.0625 1.9375 2.3125
17.0625 1.9375 2.25
17.125 1.9375 2.25
17.125 2 2.1875
17.125 1.9375 2.1875
17.125 1.9375 2.25
17.1875 1.9375 2.25
17.25 1.9375 2.1875
17.3125 1.9375 2.1875
17.375 1.9375 2.125
17.375 1.9375 2.0625
17.4375 1.9375 2.0625
17.5 1.9375 2
17.5 2 2
17.5625 2.0625 2
17.625 2.0625 2
17.6875 2.125 1.9375
17.6875 2.3125 1.8125
17.5625 2.4375 1.625
17.5 2.5 1.5625
17.4375 2.5625 1.5625
17.4375 2.625 1.5625
17.375 2.5625 1.625
17.375 2.625 1.625
17.5 2.75 1.6875
17.5625 2.8125 1.75
17.5625 2.8125 1.8125
17.625 2.8125 1.875
17.625 2.9375 2
17.625 3.1875 2.125
17.625 3.25 2.0625
17.5625 3.3125 2
17.625 3.375 1.8125
17.625 3.375 1.75
17.625 3.3125 1.625
17.625 3.3125 1.5625
17.6875 3.25 1.6875
17.6875 3.3125 1.75
17.6875 3.3125 1.875
17.6875 3.375 1.875
17.625 3.4375 1.875
17.6875 3.4375 1.9375
17.8125 3.4375 2
17.8125 3.4375 2.0625
17.8125 3.4375 2.125
17.875 3.5 2.25
17.875 3.5 2.3125
17.8125 3.5 2.375
17.75 3.5625 2.5
17.75 3.625 2.625
17.6875 3.75 2.6875
17.6875 3.8125 2.75
17.6875 3.875 2.875
17.625 3.9375 3
17.5625 4 3.0625
17.5625 4.0625 3.25
17.5 4.0625 3.3125
17.5 4.0625 3.4375
17.5625 4.125 3.4375
17.5625 4.1875 3.3125
17.5625 4.375 3.25
17.5625 4.4375 3.1875
17.5625 4.5 3.125
17.5625 4.5 3.0625
17.5625 4.4375 3.125
17.5625 4.4375 3.25
17.625 4.375 3.3125
17.625 4.3125 3.3125
17.625 4.3125 3.3125
17.6875 4.25 3.25
17.8125 4.1875 3.25
17.8125 4.125 3.25
17.8125 4.0625 3.3125
17.875 4 3.25
17.875 3.9375 3.25
17.875 3.9375 3.1875
17.9375 3.9375 3.25
17.875 3.9375 3.25
17.875 3.9375 3.3125
17.875 3.9375 3.3125
17.8125 3.9375 3.375
17.8125 3.9375 3.375
17.8125 3.875 3.5
17.75 3.8125 3.5625
17.75 3.8125 3.5625
17.75 3.8125 3.625
17.75 3.75 3.75
17.75 3.6875 3.75
17.75 3.625 3.875
17.75 3.5625 3.9375
17.8125 3.5625 3.9375
17.8125 3.5 3.9375
17.875 3.4375 4
17.9375 3.375 4.0625
18 3.375 4.0625
18.0625 3.375 4.125
18.25 3.375 4.1875
18.375 3.3125 4.25
18.375 3.25 4.3125
18.4375 3.1875 4.5
18.4375 3.0625 4.625
18.625 2.8125 4.875
18.6875 2.6875 5.0625
19.0625 2.625 5.125
19.3125 2.6875 5
19.3125 2.875 4.875
18.3125 2.875 5.1875
17.75 2.875 5.375
16.5 2.875 5.625
15.9375 2.9375 5.875
15.125 2.8125 6.1875
14.875 2.5 6.1875
14.875 2.5 6.1875
14.8125 2.5625 6
14.625 2.5 5.9375
14.625 2.3125 5.875
14.625 2.1875 5.875
14.5 2 5.8125
14.1875 1.9375 5.75
14.1875 1.9375 5.625
14.1875 1.9375 5.5
14.1875 2 5.4375
14.1875 1.9375 5.3125
14.25 1.875 5.375
14.125 1.8125 5.3125
12.375 1.6875 5.125
7.625 2.5 4.375
4.25 3.4375 3.5625
357.25 7.0625 1.6875
353.875 9.6875 1.1875
347.875 12.8125 2.875
345.5 14.25 2.5
345.5 14.5 1.5625
346.75 14.3125 0.5625
347.5 14.1875 0.6875
348.8125 14.6875 1.375
349.1875 15 1.625
349.25 16 1.625
348.875 16.4375 1.625
347.5 17.25 1.875
346.8125 17.8125 1.875
345.6875 18.875 1.5625
345.1875 19.125 1.375
344.5 19 1.25
344.4375 18.75 1.125
344.5625 18.125 0.6875
344.6875 18 0.375
344.625 18.125 0.375
344.5 18.375 0.4375
344.3125 19.0625 0.5
344.125 19.5 0.5625
343.9375 19.375 0.6875
343.8125 18.875 0.25
343.8125 18.625 -0.125
343.4375 18.25 -0.8125
343.1875 18.1875 -1
342.6875 18.4375 -1.125
342.5 18.5 -1.125
342.375 18.5 -1.3125
342.4375 18.4375 -1.4375
342.625 18.5625 -1.4375
342.5625 18.625 -1.4375
342.5 18.75 -1.5
342.5 18.875 -1.25
342.5625 19.1875 -0.875
342.5625 19.375 -0.625
342.5 19.8125 -0.125
342.5 20.0625 0.125
342.5625 20.375 0.375
342.6875 20.8125 0.9375
342.875 20.9375 1.25
343.125 21 1.625
343.1875 21.0625 1.875
343.0625 21.0625 2
342.875 21.125 2.25
342.8125 21.1875 2.375
342.875 21.3125 2.5625
342.9375 21.3125 2.6875
343.125 21.4375 3
343.1875 21.5 3.1875
343.1875 21.625 3.3125
343.25 21.6875 3.5625
343.3125 21.75 3.6875
343.3125 21.75 3.8125
343.3125 21.8125 3.9375
343.3125 21.8125 4
343.5625 21.5625 3.75
344 20.875 2.875
344.0625 19.75 0.3125
344.125 19.3125 0.25
343.625 19.8125 0.0625
344.125 19.1875 0.0625
345.1875 18.6875 0.125
346.5625 17.875 0.1875
347.375 17.6875 0.125
347.5 17.9375 0
347.4375 18.5625 -0.25
347 18.9375 -0.1875
346 19.375 -0.4375
344.875 19.6875 -0.5625
343.375 20.375 -0.9375
342.875 21.1875 -1.3125
342.875 21.3125 -1.4375
342.9375 21.1875 -1.5625
342.9375 21.1875 -1.625
342.9375 21.1875 -1.75
343 21.25 -1.875
343.0625 21.4375 -1.8125
343.0625 21.4375 -1.6875
343.125 21.4375 -1.5
343.25 21.5 -1.25
343.3125 21.5625 -1.125
343.375 21.625 -1
343.4375 21.75 -0.75
343.5 21.75 -0.625
343.625 21.8125 -0.375
343.6875 21.8125 -0.25
343.6875 21.875 -0.1875
343.8125 21.9375 0
343.8125 21.9375 0
343.875 22 0.1875
343.9375 22.0625 0.3125
344 22.0625 0.375
344 22.0625 0.4375
344 22.125 0.5625
344.0625 22.125 0.625
344.0625 22.125 0.625
344.1875 22.1875 0.75
344.25 22.1875 0.8125
344.25 22.1875 0.875
344.25 22.25 0.9375
344.3125 22.25 0.9375
344.375 22.25 1
344.4375 22.3125 1.0625
344.5 22.3125 1.0625
344.5 22.3125 1.125
344.5625 22.375 1.1875
344.625 22.375 1.1875
344.6875 22.375 1.1875
344.6875 22.375 1.25
344.75 22.4375 1.25
344.8125 22.4375 1.3125
344.875 22.4375 1.3125
344.9375 22.4375 1.3125
345 22.5 1.375
345 22.5 1.375
345.0625 22.5 1.375
345.125 22.5 1.4375
345.125 22.5 1.4375
345.1875 22.5625 1.4375
345.1875 22.5625 1.4375
345.25 22.5625 1.4375
345.3125 22.5625 1.5
345.3125 22.5625 1.5
345.375 22.625 1.5
345.4375 22.625 1.5
345.5 22.625 1.5
345.5 22.625 1.5
345.5625 22.625 1.5625
345.5625 22.6875 1.5625
345.625 22.6875 1.5625
345.625 22.6875 1.5625
345.625 22.6875 1.5625
345.625 22.6875 1.5625
345.625 22.6875 1.5625
345.625 22.75 1.5625
345.6875 22.75 1.5625
345.6875 22.75 1.5625
345.75 22.75 1.5625
345.75 22.75 1.5625
345.6875 22.75 1.5625
345.6875 22.75 1.5625
345.6875 22.8125 1.5625
345.6875 22.8125 1.5625
345.75 22.8125 1.5625
345.8125 22.8125 1.5625
345.8125 22.8125 1.5625
345.875 22.875 1.5625
345.9375 22.875 1.5625
346 22.875 1.5625
346 22.875 1.5625
346.0625 22.875 1.5625
346.125 22.875 1.5625
346.1875 22.875 1.5625
346.1875 22.875 1.5625
346.25 22.875 1.5625
346.3125 22.9375 1.5625
346.3125 22.9375 1.5625
346.375 22.9375 1.5625
346.4375 22.9375 1.5625
346.4375 22.9375 1.5625
346.5 22.9375 1.5625
346.5625 22.9375 1.5625
346.625 23 1.5625
346.6875 23 1.5625
346.6875 23 1.5625
346.75 23 1.5625
346.8125 23 1.5625
346.8125 23 1.625
346.8125 23 1.625
346.75 23 1.625
346.6875 23 1.625
346.75 23 1.5625
346.75 23 1.5625
346.8125 23 1.5625
346.875 23 1.5625
346.875 23.0625 1.5625
346.9375 23.0625 1.5625
347 23.0625 1.5625
347.0625 23.0625 1.5625
347.0625 23.0625 1.5625
347.125 23.0625 1.5625
347.1875 23.0625 1.5625
347.1875 23.0625 1.5625
347.25 23.0625 1.5625
347.3125 23.0625 1.5625
347.3125 23.125 1.5625
347.375 23.125 1.5625
347.4375 23.125 1.5625
347.5 23.125 1.5625
347.5625 23.125 1.5625
347.5625 23.125 1.5625
347.625 23.125 1.5625
347.625 23.125 1.5625
347.6875 23.125 1.5625
347.6875 23.125 1.5625
347.75 23.1875 1.5625
347.75 23.1875 1.5625
347.8125 23.1875 1.5625
347.875 23.1875 1.5625
347.9375 23.1875 1.5625
347.9375 23.1875 1.5625
348 23.1875 1.5625
348.0625 23.1875 1.5625
348.0625 23.25 1.5625
348.125 23.25 1.5625
348.1875 23.25 1.5625
348.1875 23.25 1.5625
348.25 23.25 1.5625
348.3125 23.25 1.5625
348.375 23.25 1.5625
348.375 23.25 1.5625
