-8.125 0 -0.125
-8.1875 -0.125 -0.0625
-8.0625 -0.125 0.0625
-8.125 0.0625 -0.125
-8.125 0.0625 -0.125
-8.0625 0.0625 -0.125
-8.25 -0.125 -0.0625
-8 -0.0625 -0.125
-8.125 0.0625 -0.1875
-8.0625 0.0625 -0.1875
-8.1875 -0.0625 -0.0625
-8.1875 -0.125 -0.0625
-8.125 -0.0625 0.0625
-8.25 0.125 -0.125
-8.125 -0.0625 -0.3125
-8.1875 -0.1875 0.125
-8.125 -0.0625 0
-8 0 -0.0625
-8.1875 -0.25 -0.125
-8.125 -0.1875 -0.125
-8.0625 0.0625 -0.0625
-8.0625 0.0625 -0.125
-8.1875 0 -0.0625
-8.1875 -0.0625 -0.1875
-8.1875 -0.0625 -0.0625
-8.1875 -0.0625 0
-8.0625 0.0625 -0.0625
-8.0625 0.1875 -0.1875
-8.0625 0.0625 -0.0625
-8.1875 -0.1875 0
-8.25 -0.1875 -0.0625
-8.25 -0.125 -0.0625
-8 0.125 -0.0625
-8.0625 -0.0625 0.0625
-8.25 -0.0625 0
-8.1875 -0.3125 -0.125
-8.25 -0.0625 -0.1875
-7.875 0.125 -0.125
-7.8125 0.25 -0.125
-8.1875 -0.25 0.0625
-8.25 -0.375 -0.1875
-8.25 -0.125 -0.1875
-8.1875 -0.0625 -0.0625
-7.875 0.0625 0
-7.875 0.0625 0
-8.0625 -0.1875 -0.0625
-8.0625 -0.25 -0.0625
-7.75 -0.125 -0.0625
-7.625 0.25 0.0625
-7.75 0.4375 0.0625
-8.125 -0.4375 -0.0625
-8.125 -0.125 -0.1875
-7.6875 0.5 -0.125
-7.625 0.6875 0.0625
-7.6875 0.25 0.1875
-8.125 -0.1875 0
-8.1875 -0.125 -0.25
-7.8125 0.0625 -0.0625
-7.375 0.3125 0.0625
-7.875 -0.1875 -0.0625
-8.125 -0.375 -0.1875
-8.125 -0.125 -0.0625
-7.875 0 0.0625
-7.1875 0.4375 0.125
-7.5625 0.5 0
-8.1875 -0.375 -0.1875
-8.4375 -0.4375 -0.3125
-7.875 -0.0625 0
-7.375 0.5625 0.0625
-7.5625 0.375 0.25
-8.1875 -0.3125 -0.1875
-8.375 -0.3125 -0.3125
-8.125 -0.25 -0.0625
-7.5625 0.4375 0.25
-7.5625 0.4375 0.0625
-7.75 0 0
-8.5 -0.4375 -0.1875
-7.875 0.0625 -0.0625
-7.5625 0.5 0.0625
-7.375 0.4375 0.1875
-8.25 -0.4375 -0.0625
-8.3125 -0.75 -0.25
28.4375 58.3125 96.75
50.25 96.25 112.1875
49.6875 109 115.0625
46.875 91.75 133.1875
44.875 66.5625 130.1875
0.1875 10.625 73.4375
-8.3125 -12.25 61.9375
-31 -15.75 -22.75
-42 -27 -69.8125
-44.6875 -52.125 -119.5625
-50.5 -63 -159
-47.5 -42.1875 -104.25
-37.75 -27.875 -57.9375
-9.6875 0.1875 17.75
0.4375 9.8125 14.9375
6.625 14.375 -6.375
5.625 9 0.5625
-10.25 -3.8125 -1.3125
-19.6875 -9.375 -1.9375
-17 -8.3125 0.6875
-7.4375 -0.75 0.0625
-3.375 4.125 -1
-2.375 6.625 1.125
-7.3125 -1.5625 -1.3125
-10.6875 -4.1875 0.4375
-12.375 -5.125 0.6875
-10.375 -1.8125 -0.4375
-7.1875 0.125 0.6875
-5.0625 -1.4375 0.3125
-6.6875 -3.5 -5
-6.1875 -0.625 -3.0625
26 91.75 -19.4375
42.1875 82.25 -11.75
58.375 65.5 -3.375
15.8125 44.9375 4.75
-8.5 39.1875 1.375
-12.8125 26.1875 6.1875
-2.75 10.3125 3.75
-34.75 -9.375 -0.1875
-56.75 -13.5625 40.4375
-44.5625 -10.625 21.875
-33.6875 -7.1875 19.5
-17.6875 0.5625 15.75
9.875 8.3125 12.125
11 12.9375 9.0625
-2.25 9.8125 10.625
-48.3125 -21.5625 23.625
-72.6875 -26.1875 33.875
-79.5 0.5 45.75
-69 30.375 59.75
-28.1875 28.1875 65.5
-15.9375 15.6875 67.5
-18.625 12.3125 57.3125
-25.875 9.5625 36.3125
-45.0625 30.0625 40.0625
-44.625 66.8125 62.5
-44.3125 112.25 91.5
-5.9375 138.625 141.125
16.0625 121.625 87
-0.6875 142.25 78.125
0.5 113.75 10.0625
-9.375 67.9375 25.0625
-11.875 82.875 39.1875
-14.75 99.8125 60.6875
-7.875 113.375 89.6875
4.25 148.625 97.3125
19.875 151.625 57
-6.0625 71.3125 22.875
-16.125 47.8125 19.6875
-13 52.125 21.8125
-20.1875 71.0625 36.75
-17.875 53.9375 15.4375
-55.75 66.5625 4.9375
-54 62.8125 -5.3125
-32.375 27.8125 -4.0625
-8.6875 6.5625 -3
3.1875 -20.5625 -14.1875
7.4375 -16.5 -17.125
9.375 -21.1875 -20.6875
2.1875 -22 -17.75
-7.75 -7.4375 -3.375
-6.75 -9.875 0.8125
-2.75 -23.5 2.125
0.3125 -32.375 -1
14.125 -53.125 -12.4375
20.5625 -67.875 -16.5
29.25 -97.9375 -11.3125
22.25 -96.3125 -16.8125
8.5625 -81.125 -37.4375
4.3125 -89.5625 -56.25
-4.375 -69.375 -61.8125
-4.3125 -68.8125 -65.3125
5.4375 -73.1875 -58.25
5.25 -66.0625 -47.5625
3.8125 -52.8125 -33
-3.6875 -39.375 -19.375
-6.5625 -40.75 -20.0625
-7.625 -39.5 -14.375
-7.4375 -33.9375 -10.375
-5.3125 -31.5625 -4.8125
2.9375 -27.6875 11.125
3.0625 -30.125 11.75
5.3125 -32.875 1.3125
-2.25 -22.8125 -9.8125
-2.9375 -13.6875 -6.875
-1 -11.375 -6.75
3.4375 -16.25 -9.75
0.0625 -19.75 -9.625
-2.3125 -20.25 -7.9375
-5 -18.3125 -5.1875
-2.6875 -28.5 -11.125
7.3125 -30.125 -34.3125
4.1875 -36.75 -29.3125
1.3125 -56 -34.5625
-3.9375 -51.5 -34.5625
-9.5 -21.25 -27.5
1.5625 -20.3125 -21.8125
4.125 -29.75 -20.4375
-15.8125 -0.0625 -1.875
-19.875 18.6875 5.375
-6.875 5.5625 7.75
-21.9375 17.3125 20.125
-50.625 63.5 46
-50.9375 103.1875 98.875
12.5 73.1875 61.6875
19.9375 63 39.1875
-5.6875 55.5 21.8125
-27.4375 73.1875 46.9375
-2.5 93.9375 84.125
16.5625 77.5 63
12.1875 46.75 29.625
1.375 38.1875 28.8125
-11.125 66.4375 18.4375
-7 85.4375 15.875
-0.6875 68 23.3125
-5.3125 47.3125 22.625
-33.4375 39.5 24.625
-38.625 42.1875 29.625
-32 41.0625 9.375
-33.1875 62 0.125
-33.875 80 11.6875
-33.125 30.3125 2.625
-33.8125 23.4375 12.8125
-27.25 1.9375 12.5
-3.5625 -41.5 -13
15.4375 -70.25 -44.75
27 -80.4375 -56.9375
35.875 -112 -73.75
29.5625 -115.8125 -83.5625
-8.375 -93.25 -84.75
-27.375 -65.75 -49.0625
-10.875 -40.875 -13.875
0.5625 -30.8125 -8.375
8.9375 -24.3125 -6.6875
6.75 -28.3125 -9.8125
0.125 -33.9375 -12.125
-10.875 -44 -19.8125
-6.8125 -57.75 -27.3125
-2.4375 -50.9375 -32.4375
-6.6875 -37.6875 -28.5625
-8.1875 -16.9375 -14.9375
-5.625 -12.3125 -10.9375
-2.9375 -9.3125 -9.75
-1.3125 -6.625 -7.75
-0.4375 -9.25 -8.5
-1.25 -12.25 -11.5
-2.1875 -15.6875 -17.9375
-7.375 -22.9375 -16.25
-4.75 -32.6875 -15.125
-2.625 -38.3125 -15.875
-2.8125 -38.875 -16.875
-8.8125 -16 -12.75
-11.5625 -5.625 -7.25
-19.875 33.6875 13.6875
-18.625 43.875 17.5625
-12.1875 38.6875 16.25
-7.125 16.5 13.25
-6.4375 -6.375 5.4375
-7.9375 -6.4375 1.375
-6.6875 -8.5 -1.8125
-7.625 -5 -0.0625
-18.1875 12.25 8.3125
-30.875 36.5625 22.9375
-39.9375 77.25 56.9375
-17.75 69.125 47.625
-3.4375 52.4375 38.5
-12.5 39 33.875
-19.1875 44.875 20.6875
-15.125 42.625 21.4375
-16 40.1875 30.5625
-17.4375 36.375 31.75
-40.5625 66.625 64.0625
-40.5 85.0625 73.875
-14.8125 59.375 24.5625
-8.4375 34 14.625
-5.8125 1.375 -0.375
-4.9375 0.375 -2.5625
1.4375 -9.5625 -6.0625
5.75 -10.3125 -7.3125
1.25 -6.6875 -1.6875
-12.25 6.1875 11.9375
-13.8125 1.125 10.5625
-12.75 -8.3125 4.75
-9.5 -11.125 2.125
-6.5 -14.0625 -1.125
-4.1875 -26.4375 -10.625
0.3125 -35.8125 -18.4375
6.3125 -47.9375 -28.375
4.3125 -42.1875 -28.3125
3.75 -36.25 -26.0625
-5.9375 -24.5 -19.5625
-6.1875 -32 -16.25
-22.875 -6.3125 4.625
-22.3125 10.6875 8.25
-15.1875 10.625 7.6875
-3.625 4.5 0.625
-3.75 -1.375 -3.25
-7.5625 -4.625 -8.5625
-2 -15.875 -13.4375
3.625 -30.9375 -17.375
16.6875 -52.3125 -36.5625
20.25 -56.875 -51.4375
6 -71.125 -54.75
5.75 -78.5625 -85.5625
1.5 -73.3125 -112.9375
-5.25 -71.3125 -105.125
9.5625 -26.9375 -45.0625
19.875 -11.75 0.125
44.5625 -32.0625 -3.6875
33.6875 -18.9375 -15.375
-10.625 3.5625 -5.5
-14.8125 6.0625 -1.875
-1.3125 4.25 -3.5625
4.75 0.625 -4.75
0 -3 -4.3125
-5 -2.6875 -3.875
-6.0625 -4.0625 -8.1875
0.5 -7.5625 -7.6875
-4.25 -11.75 -5.9375
-20.8125 -4.1875 -8.1875
-78.9375 15.3125 26.25
-68.125 24.8125 26.125
-30.5625 28.8125 18.4375
-7.5625 35.6875 17.5
-25.375 65.25 42.375
-45.6875 91.1875 75.125
-28.1875 65.0625 76
-15.9375 41.375 65.8125
-7.625 31.0625 39.0625
-24.125 52.6875 17.125
-26.75 51.375 21.125
-23.3125 33.375 16.25
-20.5 18.8125 12.6875
-24.3125 14.9375 16.25
-27.875 19.9375 17.625
-33.9375 29.25 12.25
-40.1875 51.75 5.9375
-39.9375 44.5 0.25
-48.25 44.5 9.9375
-39.375 39.6875 11.125
-41.8125 37.375 13.1875
-44.875 21.1875 11.5
-52.4375 11.5625 13.375
-79.8125 60.875 4.0625
-61.9375 43.125 13.0625
-51.5625 17.8125 9.75
-44.0625 0.8125 1.3125
-46.125 6.25 -2.1875
-62.8125 20.75 -1.5
-73.3125 24.25 5.625
-88.25 29.4375 15.75
-83.5 17.4375 11
-73.4375 4.5625 4.5625
-67.125 -13.3125 -4.4375
-59 -14.75 -12.0625
-56.5 -14.3125 -12.125
-58.875 -5.4375 -12.9375
-75.375 11.375 -10.375
-72.25 -4.0625 -1.25
-70.1875 -16.5 -1.125
-64.625 -28.375 -2.4375
-56.75 -34.625 -3.625
-54.9375 -10.625 -0.9375
-54.8125 -13.625 0
-58.75 -17.75 -3.6875
-61.125 -12.375 -6.625
-62.4375 -6.375 -9.75
-58.1875 -8.5625 -10.0625
-49.0625 -18.125 -9.875
-45.625 -12.1875 -7.375
-39.5625 -3.9375 1.3125
-42.1875 -15.875 0.5625
-42.1875 -27.0625 -13.5
-46.375 0 -4.875
-42.5625 -3.1875 -4.625
-39.9375 -15 -8
-37.125 -19.75 -7.3125
-36.5625 -9.5625 1.0625
-36.5625 -8.9375 1.9375
-38.9375 -19.4375 -0.75
-34.625 -21.5 -3.875
-26.25 -9.6875 -4.75
-25.4375 2.75 -0.1875
-30.8125 4.6875 4.25
-31.8125 -0.875 4
-26.6875 -9.4375 1.5
-20.5 -12.875 -2.25
-21.875 -13.6875 -1.5
-22.625 -21.3125 -3.625
-22.0625 -21.8125 -4.5625
-18.625 -11.4375 -6.8125
-9.0625 0.6875 -2.9375
-13.6875 -1.125 1.4375
-21 -5.875 5.875
-21.0625 -7.4375 5.6875
-19.5 -2.5625 3.1875
-18.375 -3 2.75
-18.1875 -8.3125 2.5625
-17.9375 -7.4375 2
-13.75 -2.3125 0.9375
-11.375 -3.625 -1.3125
-11.875 -5 -0.25
-11.25 -0.75 1.625
-8.5 -1 2.875
-8.625 -2.125 3.125
-6.125 2.0625 4.125
-4.875 4.375 5.125
-8.25 -3.1875 3.5625
-8.125 -4.5625 2.0625
-3.625 9.0625 1.8125
-4.125 15.875 4.0625
-11 9.1875 7.3125
-12.1875 3.8125 8
-8.375 3.1875 7.1875
-8.3125 1.375 4.6875
-9.625 3.5 3.9375
-10.75 0.8125 2.3125
-11.4375 -0.8125 1.75
-7.0625 -0.5625 3.4375
-5.125 -2.1875 3.625
-12.1875 -4.3125 4.5
-14.4375 -6.6875 3.5
-12.875 -8.375 3.625
-10.75 -8.1875 2.1875
-10.6875 -12.625 -1.875
-7.5625 -11.4375 -3.3125
-1.1875 -4.75 1.1875
-1.6875 -5.1875 2.375
-8.125 2.6875 5.25
-9.5625 2.5 4.0625
-9.875 2 1.125
-8.75 1.75 -1.0625
-4.9375 1.1875 -1.8125
-3.25 0.0625 -1.4375
-2.8125 1.25 0.125
-2.6875 6.625 3.1875
-3.625 6.375 3.375
-5.8125 3.75 0.9375
-6.0625 3.1875 0
-6.375 1.375 -1.125
-5.0625 0.25 -0.5
-3.25 1.125 1
-3.375 0.375 1.25
-2.9375 4.125 4.4375
-2.5 2.25 4.9375
-2.4375 -0.875 4.1875
-3.4375 0.75 4.125
-0.3125 0.3125 3
3.5625 -5.25 1.75
7.1875 -5.625 1.3125
15.625 -13.0625 0.0625
19.0625 -16.5625 -0.3125
26.375 -20.0625 -0.3125
30.375 -26.875 -2.125
40.4375 -43.0625 -4.0625
48.375 -46.4375 -2.5625
56.4375 -53.625 -2.8125
61.6875 -56.625 -8.5625
61.5 -50.5 -9.5
61 -37.8125 -6.75
63.25 -30.75 -6.6875
72.3125 -8.25 -1.5
78.8125 -3 -2.1875
88.6875 0.5 -0.8125
96.375 6.0625 -2.375
102.9375 13.375 -5.25
105.6875 17.125 -16.875
91.0625 -2.8125 -36.8125
80.875 -11.0625 -43.5
73.5625 -35.25 -44.125
69.4375 -41.1875 -41.125
55.625 -25.4375 -32.4375
45.4375 -1.9375 -35.5
42.9375 -0.4375 -34.1875
49.5625 -7.4375 -37.0625
47.6875 -13.875 -42.9375
40.125 -8.5625 -44.5
39.0625 -1.9375 -43.1875
41.375 15.1875 -42.375
31.8125 23.0625 -29.4375
16.6875 25.6875 -22.25
15.125 28.4375 -19.625
17.875 24.875 -18.125
18.4375 17.625 -17.0625
23.6875 6 -10.125
12.625 7.375 -6.1875
8.3125 15.6875 -10.9375
4.0625 10.375 -14.1875
1.75 2.5 -17.1875
6.5 -10.25 -12.6875
8.5 7.125 -1.4375
8.875 10.125 -1.375
7.5625 3.6875 -4.4375
1.25 -17.9375 -7.6875
0 -38.4375 -23.3125
10.125 -31.8125 -17.1875
7.75 -27.625 -19.25
7.1875 -26.5625 -26.875
25.4375 -45.625 -43.3125
29.5 -49.0625 -53.5
23.625 -68.875 -86.5
26.1875 -85.75 -116.3125
39.1875 -179.625 -101.125
48.375 -223.1875 -111.1875
49.625 -230.9375 -131.3125
1.5 -193.125 -131.6875
-15.875 -135.25 -95.3125
-14.1875 64.5625 25.75
26.875 125.625 34.8125
51.3125 120.6875 29.3125
17.1875 33.875 15.375
-8.8125 -14.4375 10.125
-25.25 -63.875 10.5
-13.8125 -34.875 12.0625
-8.25 -2.1875 20.75
5.0625 12.125 22.8125
5.875 2.25 24.1875
-7.5625 -10 28.625
-16.625 1.75 40
-10.375 32.25 44.6875
-0.3125 40.1875 39.8125
-1.5625 46.0625 45.4375
3.6875 54.9375 53.6875
8.6875 56.6875 62.8125
14.5 58.8125 74.25
30.25 36.5625 91.125
33.25 26.625 94.3125
22.5 29.4375 83.0625
18.375 34.1875 73.875
16.75 31 64.875
18.1875 27.5625 65.75
16.4375 23 73.8125
15.875 22.1875 72.0625
14.1875 25.75 71
30.75 23.5625 56.6875
36 7.25 52.1875
39.5 -10.8125 21.875
1.875 -0.1875 -18.5
-23.1875 -44.75 -16.3125
-63.375 -98.5 -26.0625
-88 -81.375 -63.5625
-87.5625 -83.75 -119.625
-40.1875 -73.75 -236.3125
-23.875 -44.25 -254.5
-26.8125 -30.3125 -242.75
-67.25 -110 -197.9375
-66.75 -163.5 -223.5625
-90.6875 -191.5625 -260.625
-164.5 -118.9375 -149.875
-98.3125 -120.875 -151.9375
-47.125 -79.6875 -116.9375
-9.625 -46.375 -77
24 16.75 5.25
22.5 52 40.375
10.9375 62.125 68.625
10.3125 47.625 61.5625
0.75 2.6875 23.5625
-6.5 -17.3125 -1.75
-18.5625 -29.125 -25.9375
-32 -36.1875 -41.8125
-29.875 -33.8125 -32.9375
-17.6875 -17.875 -12.6875
-12.3125 -7.3125 -5.625
-0.25 9.6875 6
2.5625 13.1875 8.75
-1.5 8.4375 5.625
-9.125 -3.4375 -3.0625
-12.6875 -8.1875 -6.1875
-15.4375 -11.5625 -7.25
-15.4375 -11.6875 -5.8125
-11 -8.6875 -0.375
-11.0625 -1.3125 13.25
-9.25 0.5 8.75
-10.375 1.875 -38.375
-6.6875 -5.25 -42.3125
-3.875 -16.125 -7.6875
-11.375 -12.9375 7.3125
-21.75 -1.5625 1.5
-17.8125 0.3125 -2.1875
-9 -2.125 -0.9375
0.5625 -2.5625 -6.5
-2.125 0.3125 -7.6875
-9 2.3125 7.4375
-12.1875 1.375 8
-11.25 -3.75 -5.875
-6.5 -7.4375 -3.75
-6.9375 -4.625 -2.1875
-9.4375 1.75 1.375
-9.125 1.1875 3.5625
-8.5625 -17.75 -5.75
-38.5625 -42.1875 -20
-43.75 -107.125 -9.625
-53.5 -90.9375 21.25
-52.375 -37.125 -1
-26.3125 -13.6875 -32.3125
72.5625 55.625 60.125
81.0625 41.75 51.5625
49.5625 35.8125 41.25
9.125 23.5 39.1875
-20.625 38.5625 71.8125
-4.4375 35.625 80.1875
37.875 38.5 34.1875
13.5 37.1875 29.0625
8.8125 17.4375 32.4375
2 -12.5 -11
-10.5625 3.875 5.25
-11 3.0625 7.375
-3.125 -7.25 5.625
2.6875 -17.6875 4.75
6.1875 -56.375 -12.125
-35.0625 -41 59
-38.9375 -12.9375 87.6875
10 2.625 59.5
41.8125 36.1875 74.5
45.6875 37.625 48
16.375 41.375 49.3125
29.1875 30.8125 54.5
60.75 4.3125 52.25
54.9375 -1.8125 -13.5625
-24.1875 64.625 -5.25
55.3125 -72.875 -100.125
45.0625 -64.875 -29.6875
-23 62.6875 122.875
-13.0625 73.9375 79.0625
44.1875 29.1875 -16.875
55 21.9375 -30.8125
39.4375 -6.25 -38.3125
26.8125 20.75 -21.125
45.875 57 -12.1875
65.625 22.5625 7.875
55.5625 7.75 19.25
18.125 1.4375 -3.4375
-2.875 -3.125 -12.625
-4.8125 -13.3125 -25.25
-2.6875 -5.3125 -35.5
8.75 21 -64.375
1.4375 22 -53.3125
0.1875 22.1875 -47.25
-17.1875 12.6875 0.875
-28.9375 -8.125 4.75
-53.1875 -32.4375 3.375
-121.3125 -110.875 -55.4375
-143 -110.125 -76.125
-178 -200.3125 -210.5625
-147.5625 -184.75 -268
-116.6875 -162.125 -243.125
-51.4375 -60.6875 -144.6875
-29.5 -13.25 -95.4375
9.9375 49.8125 2.25
22.375 63.6875 48.5625
19.625 57.5625 94.75
-11.8125 25.875 26.125
-60.9375 -98.9375 -258.1875
-87.9375 -123.5625 -239.75
-76.4375 -157.9375 -227.75
-69.625 -189.6875 -188.5
-63.9375 -162.5 -146.5
-50.3125 -105.1875 -101.5
-15.6875 94.5625 16.875
53.625 149.25 104.1875
58.875 160.1875 131.4375
-37.125 70.875 136.875
-7 2.3125 35.6875
-19.6875 -77.0625 49.4375
-25.375 -126.75 -29.375
-70.5 -110.9375 -69.3125
-78.1875 -95.9375 -107.125
-50.5 -101.8125 -128.5625
-53.5 -1.6875 -48.875
-71.5625 69.6875 54.3125
-99.1875 200.5625 140.25
-76.75 170.875 59.25
-56.9375 93 -6.375
-22.8125 6.6875 -61.5625
-68.9375 -22.875 -96.9375
-98.875 -1.4375 -6.3125
-62.5 22.9375 63.5625
-24.1875 6.1875 29.0625
-12.75 12.6875 18.375
-8.9375 -20.75 -23.625
-10.9375 44.9375 45.8125
-3.875 49.8125 55.875
9.1875 26.6875 10.0625
-10.5625 -15.25 1.4375
-25.6875 -57.625 -35.125
-31.375 -46.8125 -55.1875
-15.25 -45.75 -28.6875
-11.125 -133.4375 -62.25
-25.5 -76.75 -82.9375
-40.6875 -24.1875 -98.8125
-42.375 -38 -83.25
-47.5625 -41.5 -45.8125
-44.5625 -38 -15.375
-14.8125 -51.75 7.875
-58 24.75 -5.0625
-87.3125 26.75 -52.75
-81.625 5.4375 -98.125
-117.5 -32.9375 -91
-227.75 -230.375 152.1875
-72.8125 -2.25 81.1875
-3.125 -1.1875 58.9375
9.25 -12.0625 94.125
-5.375 42.5 116.6875
-17.8125 -39.5625 82.75
-19.5 -54.125 84.875
-13.8125 -38.125 86.3125
17.9375 -22.875 70.1875
52.8125 -12.4375 54.75
64.5625 -7.75 49.5
66.25 -13.625 63.875
45.125 -9.8125 85.6875
37.5 8.1875 111.0625
30.875 30.9375 108.4375
8.9375 58.9375 79.625
23.0625 123.8125 81.0625
31.5625 120.875 63.25
3.8125 123.375 67.375
2.875 103.0625 68.875
0 99.6875 85.4375
-12 100.8125 101.25
-17.6875 93.8125 102.0625
-21.8125 31 75.6875
2.625 -104.75 -78.8125
6.6875 -119.625 -57.25
25.375 -45.375 -11.5625
18.125 -17.4375 -11.6875
-6.375 0.1875 19.3125
-40.6875 30.875 26.625
-52.375 39.9375 21.5625
-45 26.8125 18
-40.625 8.5625 1.375
-44.3125 -12.0625 -17.375
-40.875 -58.75 -50.5625
-38.375 -58.125 -34.1875
-38.375 -58.125 -34.1875
-36.1875 38.375 69.75
-21.75 39.5625 54.1875
-23.4375 23 27.75
-25.9375 -2.125 10.4375
-22.75 -30.1875 -21.375
-13.625 -21.6875 17.625
-12.25 5.8125 67.4375
-22.5 51.5625 141.3125
-24.25 58.75 148.5625
-16.75 51.8125 117.1875
10.25 18.5625 41.375
16.1875 3.1875 6.875
18.1875 -21.0625 -32.6875
28.125 -28.4375 -49.625
36.6875 -30.375 -59.75
48.9375 -32 -64.9375
54.75 -38.625 -71.0625
52.875 -41.4375 -87.4375
66.4375 -29.3125 -90.0625
127.3125 -7.8125 81
261 -61.5625 597.5625
237.625 -305.375 834.5625
231.75 -465.375 982.6875
197.5 -107.5625 380.375
100.5625 93.25 49.625
129.8125 18.5 -496.25
127.125 32.8125 -310.375
77.9375 54.875 -26.5
77.125 57.75 -27.5
48.1875 60.0625 -36.3125
34.875 41.125 -33.6875
16.4375 17 -48.875
9.6875 7.25 -64.625
26.5 -26.6875 -142.0625
37.375 22.8125 -109.25
39.875 53 -78.5625
41.625 58.6875 -59
35.8125 55.375 -51.625
5.4375 39.625 -18.5
-15.9375 12.625 -1.0625
-19.8125 1.8125 1.5625
-30.75 -25.625 -8.4375
-63.3125 -39.3125 -18.875
-100.5 -77.4375 -99.875
-132.125 -55.5 -140.1875
-157.1875 105.625 -133.5
-75.125 127.5 -102.8125
-12.625 122.5625 -82.3125
45.5625 67.25 -94.375
9.9375 52.5625 -38.75
-16.1875 0.1875 -35.375
-59.625 -28.75 -52.6875
-60.375 16.6875 -50.25
-81.375 57.875 0.3125
-11.4375 7.8125 38.3125
9.9375 -15.375 47.4375
-11.875 -43.5 -45.4375
-12.8125 -62.5625 -21.75
-11.5625 -78.5625 -2.625
-57.25 -47.8125 -26
-64.625 26.25 38.5
-55.0625 71.6875 53.5625
-9.875 50.25 21.625
-40 98.1875 -6.3125
-49.5625 113.1875 -34
-32.25 96.375 -99.9375
-12.3125 96.75 -133.9375
40.6875 81.375 -102.375
93.875 14.875 -110.4375
59 7.875 -141.6875
70.875 98.1875 108.5
-29.4375 36.4375 91.125
-72.5 46.25 62.5625
-34.5625 56.4375 151.8125
-28.25 44.1875 147.5
111.1875 47.375 123.8125
96.5625 114.125 57.125
130.0625 115.9375 24.75
109.6875 132.1875 7.1875
-37.125 175.3125 5.8125
-23.875 154.625 -8.125
2.125 159.4375 -16.9375
64.75 179.5625 -18.9375
123.9375 154.6875 -28.75
185.4375 59 72.4375
149.5 23.75 199.3125
136.6875 141.4375 336.875
105.6875 -3.9375 -2.6875
47.5625 -8.3125 13.625
3.625 2.125 3.25
-31.75 2.1875 -5.3125
-59.25 5 -9.125
-1.4375 7.8125 -12.625
-16.125 1.0625 0.0625
-43.6875 -6.8125 17
-66.25 -9.8125 16.3125
-86.3125 -12.8125 38.4375
-65.375 -40.375 88.1875
-10.5625 13.75 31.375
8.75 54.75 40.875
18.625 70.75 47
17.5625 82.625 42.125
19.125 105.625 30.3125
19.5 105.375 20.625
20.6875 23.875 -3.3125
6.9375 9.125 -19.5625
8.5625 10.8125 -24.375
-27.9375 5.6875 -14.8125
-30.5625 12.1875 -33
-58 3.5 -8.9375
-46.5625 5.1875 -13.4375
-32.875 9.6875 -23.375
-10.6875 12.125 -25.25
16.625 6.3125 -11.1875
23.6875 1.0625 0.0625
-3.5 2.5 -5.5
-62.375 13.3125 -32.375
-101.4375 17.875 -46.125
-83.9375 -30.6875 -40.4375
-62.875 -33.4375 -33.6875
-12.5625 0.9375 -12.0625
7.4375 10.25 -6.8125
28.6875 37.125 -5
22.375 40.5 -4.25
-24.375 28.1875 -7.9375
-6.9375 9.25 -17.1875
7.375 0.0625 -27.5
12.5625 3.9375 -30.125
29.5625 12.25 -12.3125
29 14.5 -2.875
31.0625 9.8125 -4.3125
53.8125 2.75 -29.8125
68.125 2.5 -62.8125
31.8125 -20.6875 -36.625
14.625 -23.125 -18
-1.0625 -11.625 -14.375
-21.6875 4.0625 -29.375
67.5 15.8125 -70.4375
88.0625 1.625 -66.1875
132.1875 9.9375 -65
151.4375 20.125 -48.6875
151.75 6.3125 -61.625
-6.9375 -37.625 -134.125
-15 -71.3125 -157.25
-23.3125 -85.5625 -117.4375
-2.625 -14 9.6875
14.4375 29.0625 29.9375
-117.5625 71.25 70.25
-77.8125 68.3125 75.1875
-23.3125 76.5625 71.1875
-44.8125 109.25 120.5625
12.0625 9.75 9.25
0.9375 8.6875 -33.625
14.375 14.3125 -44
7.5625 -0.8125 -1
50.25 -7.75 23.8125
155.4375 -7.1875 26.8125
129.25 -4.75 4
73.75 -21 13.375
50.125 -43.5 50
-14.9375 -47.6875 72.9375
-16.8125 -59.25 76.875
-45.625 -59.9375 45.75
-43.8125 -75 56.375
-32.625 -103.75 47.125
-54.8125 -173.75 -109
-50.375 -29.875 25.5625
-34.6875 -10.3125 40.875
-1.1875 -9.875 47
-18.25 -5.0625 19.875
-15.8125 -5.0625 22.375
-12.5 -5.5 11.875
-11.9375 -4.0625 19
122.8125 -5.9375 60.3125
94.8125 -6 43.8125
116.125 -3.625 50.125
134.4375 -1.375 46.25
164.375 -1.75 66.5625
212.25 8.75 17.25
45.125 1.375 -57.5625
20 -3.5 -97.125
35.875 -7.5625 -160.75
34.625 -9.25 -171.9375
-7.8125 -54.4375 -148.8125
-25.25 -72.5625 -133.1875
-23.1875 -52.8125 -87.25
-16.875 -33.125 -49.625
-4.9375 -11.125 -8.6875
10.0625 6.0625 -2.25
24.1875 14.5625 0.5
7.6875 11.6875 1.875
1.1875 39.0625 -14.6875
0.6875 48 -18.375
1.1875 58.9375 -60.6875
5.75 26.4375 -66.9375
8.9375 28.375 -67.625
4.625 18.8125 -64.5
20.5625 46.8125 -155.9375
36.6875 64.3125 -201.75
10.5625 21.9375 -108.75
-3.4375 0.75 -72.0625
-5.1875 -1.8125 -83.125
-7.6875 -6.625 -69.4375
-10.9375 -18.9375 -117.5
-21.8125 -38.3125 -113.375
-5.5 -10.25 -155.0625
-14.4375 -24.75 -112.5625
-13.75 -23 -121.4375
-19.0625 -30.6875 -108.4375
-18.8125 -24.75 -78
-18.375 -22.9375 -74.125
-17.6875 -20.375 -60.5
-20.8125 -25.875 -45.8125
-41 -56.5 1
-68.0625 -95.625 11.3125
-37.5625 -49.25 28
-5.1875 2.6875 39.6875
-4 4.4375 51.9375
-3.4375 4.1875 51
-3.375 3.4375 57.9375
-7.25 1.4375 0.375
-6.6875 3 -0.5
-6.8125 1.625 -1.5
-6.5 2.3125 -3.1875
-6.375 2.125 0.375
-7.75 0.0625 -0.0625
-7.75 0.1875 0
-7.75 0.125 0
-7.8125 0.1875 0
-8 -0.125 -0.0625
-8.5 -0.875 -3.8125
-1.0625 11.625 -11.25
34.6875 71.1875 -118.6875
21.3125 44.25 -128.5625
4.8125 18.1875 -102.0625
-3.25 5.0625 -36.25
-6.3125 0.4375 -23.5
-3.625 5.8125 -19.625
-5 3.4375 -18.9375
-0.875 8.625 -39.6875
4 11.8125 -113.3125
-9.875 -22.5 -199.9375
-9.5 -18.625 -153.75
-8.25 -14 -126.0625
-7.9375 -9.5 -99.125
-7.8125 -8.5625 -95.6875
-7.875 -4.75 -49.375
-6 -3 -66.625
-7.875 -6.4375 -65.4375
-8.25 -8.375 -72.125
-8.9375 -14 -111.0625
-8.5 -11.4375 -93.125
-7.875 -8.125 -69.25
-8.5 -12.125 -98
-8.875 -9.75 -81.4375
-8.4375 -12 -95.9375
-8.1875 -15.3125 -126.5625
-9.1875 -18 -140.8125
-12.0625 -30.4375 -179.4375
-7.0625 -10.1875 -123.875
-8.3125 -12.125 -104.625
-10.5625 -12.3125 -47.625
-11.75 -13.875 -33.3125
-9.875 -7.8125 -30.4375
-7 -2.125 -52.25
-4.875 -3.5 -109.875
-8.625 -13.375 -110.4375
-7.875 -9.5625 -76.5625
-7.875 -4.5 -37.4375
-7.9375 -3.3125 -23.25
-7.8125 -0.4375 -4.5625
-7.875 -0.25 -1.1875
-8.0625 -3.6875 -37.75
-7.8125 -5.625 -44.9375
-8 -2.4375 -15.3125
-7.9375 -2 -16.6875
-8 -4.6875 -37.625
-8.75 -5.1875 -43.0625
-8.0625 -3.4375 -24.625
-7.875 -3.9375 -30.4375
-8.125 -3.75 -32.375
-8.25 -4.875 -38.4375
-8.1875 -6.125 -50.4375
-9.125 -7.625 -65.1875
-8.75 -6.6875 -57.9375
-7.9375 -6.4375 -54
-8.0625 -3.4375 -28.4375
-8 -1.875 -15.625
-8.0625 -2.5625 -19.1875
-7.9375 -1.9375 -19.75
-8.125 -2.0625 -16.5
-7.9375 -0.3125 -3.1875
-7.875 -0.5625 -5
-7.875 -0.1875 -1.8125
-8 -0.1875 -0.3125
-7.8125 0 -0.1875
-7.9375 -0.0625 -0.0625
-7.875 0 0
-7.75 0 -0.125
-8.125 -2.25 -16.3125
-8.0625 -2.9375 -24.625
-8 -2.25 -20.4375
-8.125 -1.9375 -15.5
-7.9375 -0.6875 -4.5625
-7.875 -0.125 -2.5625
-7.875 -0.25 -2.125
-8.125 -0.3125 -1.875
-7.9375 -1.375 -9.875
-8.4375 -4.5625 -39.1875
-8.1875 -4.25 -33.6875
-7.75 -1.5 -11.9375
-7.75 -1.5625 -11
-7.9375 -0.125 -0.375
-7.9375 0 -0.5
-7.75 -3.3125 -27.3125
-8 -1.375 -9.5625
-7.875 -1.1875 -8.625
-7.9375 -0.8125 -6.8125
-7.9375 -0.3125 -5.125
-7.75 -0.6875 -6.625
-7.875 -0.4375 -4.8125
-8.4375 -4 -29.1875
-8.375 -4.875 -40.4375
-7.75 -3.8125 -33.3125
-7.75 -7.75 -64.25
-8.3125 -10.625 -83.5625
-8.0625 -5.9375 -46.375
-8.375 -4.5625 -30.3125
-8.0625 -0.625 -6.875
-7.875 -0.625 -5.8125
-7.875 -1.625 -16.3125
-8.1875 -3.5625 -31.5625
-8.1875 -2.125 -20.75
-8.625 -3.5 -31.5625
-8.125 -2.3125 -16.6875
-8.1875 -0.75 -6.8125
-8 -0.1875 -2.75
-7.3125 -6.125 -40.25
-7.1875 -6.75 -42.4375
-9.0625 -4.125 -36.9375
-8.375 -5.5625 -43.9375
-7.875 -14.9375 -126.625
-8.375 -4.5 -39.25
-8.0625 -2.6875 -23
-8.375 -4.375 -36.6875
-7.4375 -5.8125 -39.3125
-7.1875 -3.0625 -18.5625
-7.875 -0.4375 -1.875
-7.9375 -0.1875 -0.125
-7.75 0.0625 0.25
-7.8125 0.125 0.5
-7.375 2.375 15.375
-7.4375 4.625 40.8125
-7.375 8.3125 72.5625
-6.9375 8.875 64.8125
-7.625 3.4375 28.375
-5.5625 18.5 138.0625
-6.625 15.75 127.75
-7 7.875 71.875
-7.4375 6 56.0625
-2.8125 5.125 52
-7.6875 2.1875 33
-8.375 11 84.375
-6.75 23.4375 182.8125
-5.375 36.0625 288.375
-5.6875 32.75 250.4375
-7.625 14.625 113.125
-7.25 13.4375 101.8125
-8.25 15.25 114.75
-7.4375 6 50.5625
-7.1875 4.625 36.1875
-6.875 6.875 49.875
-7.625 10.8125 87
-7.125 10 81.75
-5.8125 20.4375 159.625
-7.625 19.5 154.25
-6.1875 11.125 92.3125
-7.375 10.125 78.4375
-5.9375 15.3125 127.4375
-6.375 23.4375 185.5
-6.625 27.125 214.6875
-7.625 13.75 107.75
-7.875 17.125 136.375
-7.25 8.25 68.1875
-8 4.1875 32.6875
-8.1875 0.75 2.1875
-8.0625 -0.0625 -1.5625
-7.8125 3.0625 22.1875
-7.9375 2.6875 18.75
-11.4375 16.5625 101.5625
-8 23.625 179.5625
-2.5625 13.875 152.6875
-6.5625 11.3125 92.5
-12.6875 16.625 82.4375
-15.9375 19.0625 79.125
-25.75 24.375 56.9375
-11.0625 17.0625 120.25
-24.3125 15.875 -1.0625
-39.1875 29.625 -3.125
-79.75 67 -7.5
-72.25 59.5625 -6.75
-14 10.875 128.875
-14.625 12.125 166
-15.375 12.25 177.8125
-16.3125 15.4375 203.875
-16.125 16.0625 215.5625
-15.1875 13.75 193
-13 10.25 133.5625
-10.3125 4.8125 66.625
-10.1875 4.375 67.875
-8.3125 1.6875 38.375
0.125 -5.3125 43.1875
17 -19.0625 66.25
-7.625 4.1875 68.1875
-17.5625 13.5625 66.375
-32.4375 27.5 84.3125
-26.1875 22.25 101.5
-17.75 13.25 89.8125
-11.1875 7.375 102
-9.375 4.9375 80.8125
-3.1875 -0.375 81
4.125 -10.125 21.25
4.5625 -9.5 40.25
1.5 -0.875 103.375
-0.0625 2.625 108.125
-7.125 3.125 52.3125
-4.3125 -1.6875 16.8125
-13.0625 4.875 -0.5
-24.375 15.5 -1.625
-15.0625 6.75 -0.8125
-38.9375 32.6875 45.75
-9.8125 7.5625 96.9375
-10.375 6.25 70.1875
-8.0625 0.5625 4.25
-7.9375 0.25 -0.1875
-9.75 3.1875 31.4375
-12.4375 8.6875 100.8125
-9.875 6.8125 81.5
-9.4375 4.875 61.625
-8.25 1.25 18.25
-8.0625 0.5625 9.5625
-7.75 -0.0625 0.5625
-7.8125 0.4375 8.375
-7.6875 0.1875 19.25
7.4375 -13.375 18.0625
10.1875 -15.8125 13.375
-12.75 5.0625 7.4375
-16 8.5 11.8125
-4.5625 -2.6875 8.4375
-3.4375 -4.5625 0.5625
-0.5625 -7.25 -1.75
-7.1875 -2.625 -31
-8.125 -0.375 -10.5625
-8.8125 0.25 -9.3125
-11.25 3 -1.4375
-13.125 5.5 20.1875
-16.0625 9.5 26.5
-13.625 6.5625 27.6875
-14.25 6.8125 23.5625
-9.1875 1.625 10.6875
-8.8125 1.1875 4.75
-8.8125 0.75 0.375
-8.25 0.5 -0.3125
-8 0.125 -0.0625
-7.875 -0.125 0.0625
-7.9375 0 0.0625
-7.8125 0.125 -0.0625
-7.875 0.0625 -0.0625
-7.75 -0.0625 -0.1875
-8 -2.75 -34.875
-5.875 -4.8125 -61
-6.0625 -4.5 -53.1875
-6.25 -2.9375 -39.125
-6.3125 -3.1875 -43.3125
-7.0625 -1.625 -19.3125
-7.875 0.1875 -0.25
-7.875 0.0625 0.0625
-7.6875 -0.0625 0.0625
-8.4375 0.6875 14.25
-10.375 1.4375 18.625
-12.5625 0.8125 10.0625
-7.875 -0.875 -14
-7.625 -0.75 -16.8125
-7.5625 -3.75 -28.25
-7.875 -3.125 -33.1875
-6.3125 -2.25 -30.125
-6.6875 -1.8125 -21.8125
-6.8125 -2.25 -25.4375
-7.0625 -1.4375 -12.625
-10.5625 7 102
-10.9375 11.3125 138.375
-8.375 7.625 124.6875
-9.25 8.8125 111.375
-13.4375 9.875 89.5
-0.6875 -3.375 58.8125
8.1875 -8 116.0625
18.9375 -13.5 179.6875
11.4375 -4.75 168
4.5625 8.8125 211.75
-18.125 28.9375 200.0625
-55.5 52.25 85.9375
-54.5625 49.1875 84.9375
-14.875 10.4375 113
-13.3125 9.0625 107.5
-12.3125 8.375 92.5
-9.0625 2.875 32.5625
-7.375 -1.1875 -13.25
-9.875 3.625 38.1875
-10.1875 2.75 38.75
-9.3125 2.375 33.4375
-8.0625 0.0625 1.25
-8.125 0 1.3125
-8.9375 0.3125 5.5
-9.4375 -1.8125 -13.5625
-4.4375 -6.4375 -58
-32.3125 -7 -77.75
-93.375 0.125 23.625
-145.0625 -28.8125 -5.9375
-130.9375 -42.6875 16.1875
-117.625 -37.0625 76.3125
-146.625 -38.875 149.4375
-151.1875 -29.8125 135.8125
-246.75 12.125 83.25
-285.5625 21.3125 45.6875
-407 49.125 12.4375
-42.0625 12.9375 71.5
201.0625 -16.625 67.25
201.875 -12.5 65.1875
252.5 -20.4375 124.25
297.6875 -15.5625 144.625
302.5 -2.6875 192.25
361.0625 4.8125 184.6875
-12.4375 10.1875 144.1875
-12.625 9.5625 120.3125
-15.8125 14.5 182.1875
-12.75 11.4375 135.8125
-8.9375 5.375 94.1875
10 -11.1875 119.6875
25.3125 -21.75 137.8125
29.1875 -25.125 125.1875
26.3125 -23.25 92.1875
-122.8125 -14.9375 29.5625
-296.0625 -2.1875 -194.3125
-451.1875 1.625 -379.875
-34.375 16.8125 15.5
-31.25 14.625 37.3125
6.8125 6.3125 9.625
12.1875 2.9375 25.375
7.625 11.4375 66.375
-9.3125 27.375 105.375
-39.4375 8.6875 166.125
-37.25 3.625 152.8125
-28.875 -12.3125 83.25
-10.1875 -10.5 54.75
-38.0625 -2.4375 63.8125
-38.75 6.375 80.125
-42.0625 52.4375 203.6875
-52.9375 61.875 241.8125
-26.625 131.625 282.125
-28.25 124.0625 245.1875
-51.4375 107.9375 217.1875
-60.875 114.75 203.125
-57.1875 111.1875 173.9375
-45.25 71.875 93.75
-47.1875 59.75 86.1875
-50 63 97.5
-58.9375 24.0625 48.25
-64.6875 -3.0625 35.3125
-99.75 -50.9375 -26.875
-124.3125 -56.3125 -58.75
-49.625 -0.6875 -6.8125
-76.0625 11.25 27.5
-81.625 37.3125 47.875
-102.125 59.5 60.375
-137.75 56.5625 97.5
-163.8125 -11.1875 72.9375
-96.8125 -32.875 26.5
-39.8125 -9.4375 21.875
-31.8125 -18.6875 -12.125
-13.375 -30.25 -27.8125
-1.1875 -57.0625 -50.8125
20.875 -112.125 -70.5625
-21.6875 -154.8125 -36.9375
16.5625 -235.8125 -52.5625
-73.75 -221.6875 -48.1875
-71.25 -259.875 -56.125
-72.875 -260.625 -35.25
-51.1875 -237.125 -41.8125
-51.1875 -254.875 -8.25
-344.5 -11.375 -330.8125
-103.3125 43.5625 61.5
-217.75 28.3125 -64.125
-101.375 59.3125 -487
-225.4375 485.75 -452
247.875 90.125 -187.5625
195.125 -206.375 -2.125
118.875 -227.125 -1.75
4.8125 -43 16.6875
-44.375 16 4.875
-29 48.25 8.8125
5.9375 132.125 17.75
-16.0625 106.0625 41.125
-43.1875 71.125 55.8125
-45.25 -40.125 48.1875
-55.5625 -68.8125 47.8125
-87.375 -68 36.25
-99.625 -69.625 27.6875
-104.0625 -64.125 19.8125
-132.25 25.875 48
-137.1875 92.8125 51.125
-96.125 147.5 35.4375
-72.9375 125.125 19.375
-4.125 38.9375 -34.75
-1.5625 23.1875 -33.375
-24.875 7.625 -26.3125
-39.5 -13.125 -35.25
-41.3125 -46.8125 -55.875
-40.25 -97.5 -84.1875
-39.5625 -44.5625 -65.8125
-40.5625 38.6875 -40.375
10 118.6875 -58.5625
50.125 168.1875 -109.5625
19.1875 96.8125 -150
-8.9375 81.75 -158.9375
-24.4375 87.6875 -165.3125
-32 102 -166.3125
-52.0625 105.3125 -162.8125
-99.4375 73.9375 -163.875
-91.5 99.9375 -165.9375
-77.6875 125.5625 -158
-57.5625 163.9375 -139.125
-48.25 176.5625 -132.375
-2.75 169.9375 -130.125
24.4375 153.6875 -129.5625
54.8125 132.6875 -121.5
60.3125 131.125 -118.9375
62.6875 119.0625 -119.8125
78 131.625 -104.5625
141.5625 127.125 -91.125
131.25 92.9375 -111.25
10.6875 26.6875 -92.9375
-5.1875 -13.125 -72.4375
9.8125 -25.6875 -101.3125
18.9375 38.6875 -114.6875
54.8125 78.625 -77.1875
94.4375 86.5625 -39.375
155.3125 129.375 -9.875
180.6875 164.5 -6.3125
153.1875 182.625 61.125
131.625 30.0625 0.4375
85.125 33.4375 2.1875
112.8125 87.6875 -9.8125
104.1875 86.8125 -11.4375
90.8125 76.3125 -12.625
34.75 32.8125 -11.9375
13.3125 15.125 -12.6875
-6.9375 -2.3125 -9.5625
21.5625 -7.125 29.4375
90.125 -28.875 -50.8125
45.625 -24.4375 -51.625
53.75 -29.75 -101
93.375 -131.0625 -250.625
79 -103.1875 -258.5
0.375 -54.8125 -235.75
-42.3125 -64.9375 -226.5625
-18 -73 -222.375
5.5 -81.1875 -238.3125
-20.125 -80.75 -229.5625
-44.875 -73.375 -206.3125
8.25 -30.0625 -191.25
-3.6875 -24.4375 -183.1875
-22.3125 -54.625 -237.4375
23.4375 -82.5 -265.5
7.25 -138.4375 -257.25
-20.5625 -110.875 -169
-40.0625 -55.75 -54.3125
-20.8125 -12.75 -7.375
-5 4.3125 8.4375
-33.0625 -23 -33.1875
-61.9375 -117 -270.25
-100.5 -70.8125 -245.875
-84.5 -64.4375 -235.0625
-73.5 -61.9375 -176.125
-56.3125 -47.375 -51.1875
-18.0625 -30.625 25.4375
-13.125 -10.9375 52.4375
-10.5625 0.1875 59.8125
-17.0625 7.625 34.75
-18.25 13 21.5625
-46.6875 32.125 -12.1875
-47.5625 46.625 -13.8125
-54.8125 17.375 -17.8125
-73.1875 16.875 -16
-99.125 15.3125 -7.125
-148.3125 8.125 18.125
-88.3125 20.25 23
-52.1875 21.375 27
-44.6875 27.8125 28.125
-76 48.6875 22.9375
-75.8125 61.125 23.875
-78.9375 60.0625 29.25
-32.9375 38 21.9375
-34.0625 38.1875 19.5625
-17.25 40.8125 -41
-23.125 20.6875 -99.25
-28.1875 24.625 -63.375
-44.375 35.6875 -35.5625
-28.75 52.0625 -13.4375
-20.8125 60.3125 -21.5625
-11.4375 91 36.75
18.4375 95.4375 24.375
61.625 85.75 -47.6875
129.25 34.5625 -184.8125
127.125 19.25 -179.25
10.4375 22.0625 -152.125
42.125 14.125 -182.5625
49.6875 17.8125 -136.75
39.8125 34.6875 -106.6875
1.9375 73.875 -28.4375
-20.4375 80.875 0.9375
-12.0625 58.3125 0.9375
1.625 6.5625 -14.8125
4.4375 -5.9375 -15.875
-3.6875 2.1875 -1.5625
-13.75 6.8125 5.5
-24.6875 7.25 33.4375
-20.25 -3.625 73.75
-14.125 -6 105.4375
-0.875 -30.25 120.1875
-6.375 -43.8125 117.4375
-24.5625 -54.6875 103.9375
-31.25 -61.1875 101.6875
-62.0625 -69 92
-78.125 -62.0625 91.125
-85.3125 -42.8125 50.0625
-85.5625 -39.75 40.9375
-71.1875 -39.9375 29.5625
-42.9375 -56.9375 -20.6875
-38.5 -66.4375 -25.1875
-22.25 -69.75 -31.25
-21.3125 -58.625 -30.5
-20.5625 -65.0625 -21.9375
-12.1875 -70.625 -29.5
0 -78.8125 -49.375
23.5625 -88.375 -55.625
37.125 -76.0625 -74.0625
31.6875 -55.3125 -74.4375
25.625 -39 -55.1875
28.0625 -44.625 -53.625
39.625 -51.5625 -53.5
46.75 -52.4375 -63.3125
66.375 -55.1875 -78.3125
71.9375 -58.25 -79.6875
81.1875 -57.25 -80.3125
174.75 -64.1875 -150.375
201.6875 -66.3125 -141.8125
189 -26 -65.4375
161.125 11.5 -37.25
136 20.75 -1.375
107.3125 47.625 22.875
74.0625 56.4375 53.875
62.9375 59.1875 65.3125
56.5625 75.125 78.75
26.125 98.4375 119
22.375 89.1875 113.5
6.1875 75.5625 94.5625
-47.75 43.375 74.375
-51.75 44.5625 53.0625
-43.375 27.1875 42.125
-42.25 50.125 40.75
-85.0625 9.125 15.6875
-108.25 -10.3125 47.1875
-73.4375 43.8125 31.625
-76.8125 19.9375 32.375
-69.375 -5.75 15.25
-66.1875 -66.3125 10.6875
-24.75 -32.8125 4.0625
9.375 -77.625 1.5625
16.3125 -74 -9.25
22.4375 -33.625 -21.375
15.0625 -44.25 -10.5
31.375 -48.125 -2.1875
27.3125 -21.375 20
106.875 47.125 90.125
189.8125 159.625 163.75
134.5625 250.5625 101.25
86.4375 206.3125 58.625
-13.3125 19.125 7.375
5.4375 -3.4375 4.0625
15 -5.3125 -3.625
4.8125 -6.3125 -9.875
6.9375 -9.375 -9.8125
-1.375 1.25 -12.1875
-18.8125 10.75 -19
-20.0625 9.125 -15
-18.4375 -24.125 -18.5
-19.75 -41.375 -29.375
-20.1875 -43.25 -40.75
-24.0625 -27.125 -68.3125
-45.75 -43.125 -113.3125
-59.9375 -48.125 -131.625
-34.5 -107.0625 -168.9375
-7.625 -124.8125 -140.6875
3.3125 -127.75 -94.5
65.75 -79.625 -140.0625
44.0625 -63.0625 -97.5625
22.625 -25.5 -72.8125
37.125 -68.6875 -138.5
12.875 -98.125 -132.375
-30.8125 -101.6875 -153.0625
-113.875 -94.625 -140.6875
-195.375 -59.6875 -82.75
-223.125 0.75 -20.3125
-140.5 6.8125 6.25
-102.5625 -7.9375 0.0625
-38.0625 -11.125 -21.375
9.375 -22.375 -16.5625
0.3125 -44.375 -60.6875
-36.25 -38.9375 -97.8125
-70 -50.3125 -125.125
-45.875 -53 -101.75
-31.125 -42.6875 -80.0625
-16.3125 -41.6875 -47
-8.75 -46 -47.625
-15.9375 -33.4375 -77.1875
-25 -17.5 -101.625
-57.625 -6.4375 -76.3125
-67 -11.0625 -66
-43 -11.125 -25.25
-46.5 -24.125 -37.5625
-38.8125 -31.6875 -49.3125
-26.25 -20.125 -37.25
-15.9375 19.6875 -0.375
-22.8125 22 9.875
-44.6875 7.9375 39.9375
-74.25 4.6875 65.75
-57.5 5 68
-36.8125 -1.375 23.6875
22.625 -27.875 -17.5
23.5 -29.875 -12.6875
26.875 -8.625 21.3125
20.875 -5 32.9375
3.25 -9.0625 38.1875
-3.1875 -2.75 34.875
-13.8125 -8.25 56.25
-19.1875 -23.9375 36.8125
-3.75 -47.3125 3.5625
18.6875 -58.5625 -0.5
21.3125 -53.125 -6.375
0.375 -12.0625 10.5
-21.3125 48.3125 46.9375
-23 46.6875 60.0625
-21.5625 71 70.4375
-17.25 96.1875 69.4375
-23.0625 138.125 56.6875
-25.6875 157.75 37.625
-28.0625 161.6875 30.125
-24.125 152.25 28.125
4.875 232.75 14.0625
-2.25 221.4375 5.375
17.5 203.1875 -3.5625
7.5 178.5625 6.5
-2.0625 115.3125 -7.8125
-16.375 100.5 -11.3125
-89.5 120.25 -35.3125
-46.5 155.375 -15.25
42.125 83.3125 -29.4375
6.9375 22.875 -37.6875
-6.9375 -1.375 -32.9375
-7 -2.375 -34.125
-8.375 -3.125 -26.8125
-7.1875 1 -10
-7.1875 1.375 -7.5
-7.3125 0.4375 -8.375
-7.9375 0.75 11.75
-7.3125 2.9375 22.0625
-3 15.8125 35.8125
-9.625 0.75 39.75
-7.8125 7.1875 57.5
-5.875 13.75 69.75
-10.4375 -0.1875 82.4375
-10 8.375 148
-8 14.4375 161.9375
-6.6875 6.3125 28.9375
0.6875 21.0625 -2.5625
-7.375 -10.375 -98.5
-8.3125 -19.5 -170.125
-9.4375 -15.9375 -133.8125
-8.8125 -13.5 -111.6875
-7.8125 -11.875 -98.625
-8.375 -6.25 -47.5625
-7.9375 -2.9375 -20.625
-8.5625 5.8125 28.8125
-9.625 7.6875 34.5625
-15.5 17.875 71.875
-26.9375 33.75 99.75
-34.25 47.1875 144.625
-62.875 58.625 64.1875
3 -43.25 -297.875
62.125 -84.875 -216.3125
-1.5 0.75 66.625
1 -3.3125 44.4375
-8.9375 3.5 37.125
0.125 -6.5625 6.375
5.375 -21 -48.375
5.25 -45.4375 -196.625
-6.4375 -16.4375 -139.5625
-7.125 -9.8125 -80.0625
-8.0625 -5.125 -44.75
-8.125 -2.875 -25.4375
-8.1875 0.5 -0.125
-8.875 1.5625 -0.1875
-11.4375 4.5 -0.5
-11.625 3.125 -10.6875
-9 0.375 -7.9375
-9.1875 1.0625 -5.5
-8.9375 0.0625 -10.0625
-9.1875 0.75 -7.0625
-10.9375 3.6875 -5.875
-8.4375 0.5625 -6.0625
-8 -0.625 -8.0625
-7.9375 -0.6875 -6.5
-6.25 -2.0625 -4.875
-5.5625 -2.9375 -6.5
-5.75 -3.3125 -8.875
-6.125 -3.0625 -9.625
-5.1875 -8.125 -30.4375
-8.625 -4.5625 -32.5
-6.625 -8.75 -54.875
-8.5 -5.8125 -45.4375
-9.3125 -1.4375 -23.4375
-6.9375 -1.25 -2.875
-6.3125 -1.8125 0.0625
-7.5625 -0.375 -1.125
-7.75 -1.125 -9.0625
-8.125 -3.375 -24.9375
-9 -2.875 -25.125
-8.3125 -2.375 -19.625
-8.125 -2.6875 -21.9375
-8.0625 -1.9375 -17.25
-8.125 -2.1875 -16.9375
-8 -2.75 -17.625
-8.0625 -5.625 -45.6875
-7.8125 -8 -69.8125
-7.5625 -6.625 -55.3125
-7.3125 -6.25 -53.875
-7.9375 -7 -57.0625
-7.6875 -7.6875 -67.0625
-8.0625 -12.1875 -103.25
-8.1875 -14.625 -122.125
-8.3125 -9.4375 -81.4375
-7.9375 -10.6875 -88.6875
-8 -7.25 -55.8125
-7.9375 -5.4375 -51.875
-8 -4.125 -39.8125
-8 -2.0625 -17.8125
-8.125 -2.25 -21.25
-8.125 -2.125 -17.875
-7.875 -0.5 -4.875
-8 -0.4375 -4.5625
-7.875 0.0625 0.125
-7.875 -0.125 -0.0625
-7.8125 -0.125 0
-7.8125 0.0625 -0.0625
-7.8125 0 -0.0625
-7.875 0.0625 0.0625
-7.875 -0.125 -0.25
-8 -0.0625 0
-7.9375 0.0625 0.0625
-7.9375 0.0625 0.0625
-7.9375 -0.125 0.125
-7.9375 -0.0625 -0.0625
-7.75 0.1875 0.0625
-7.875 0.0625 0.125
-7.9375 0.125 0.125
-7.8125 0.125 0.0625
-7.8125 -0.0625 0
-7.75 0.0625 -0.125
-7.875 0.1875 0.0625
-7.9375 -0.0625 0.0625
-7.8125 0.0625 0
-7.9375 0 0
-7.8125 -0.0625 0
-8 0.125 -0.0625
-7.9375 -0.0625 -0.0625
-7.8125 0 -0.0625
-8 0.125 0
-7.8125 0.25 0
-7.8125 0.1875 0.0625
-7.75 0.125 -0.0625
-7.9375 0.1875 -0.125
-7.75 0 0.0625
-7.9375 0.125 0.125
-7.9375 0 -0.0625
-7.9375 0 -0.0625
-7.75 0.0625 0.0625
-7.75 -0.0625 0.125
-7.875 -0.0625 -0.0625
-7.875 0 -0.0625
-7.9375 -0.0625 0.125
-7.875 -0.125 0
-7.9375 -0.25 0.125
-7.875 0.0625 0.0625
-7.875 0 -0.0625
-7.9375 -0.6875 -3.375
-8 -1.4375 -10.9375
-8 -1.5 -9.5625
-7.9375 -1.75 -14.625
-7.8125 -1.3125 -13.625
-7.8125 -1.875 -16.5
-7.875 -0.8125 -6.75
-7.6875 -2.5625 -21
-8.0625 -2.9375 -22.375
-7.875 -0.0625 0
-8 -0.125 -0.0625
-7.9375 0.1875 0.0625
-7.875 0.25 0.0625
-7.875 0.25 -0.125
-7.8125 0.3125 -0.1875
-7.75 0.25 -0.125
-7.875 0.25 0.125
-7.9375 0.0625 0
-7.875 0.0625 -0.125
-7.8125 -0.0625 -0.125
-8 0.125 -0.0625
-7.75 -1.375 -14.5625
-7.875 -1.875 -13.25
-7.9375 -2.0625 -18.6875
-7.875 -1.8125 -16.5625
-8.125 -4.125 -35.5
-8.3125 -6.625 -60.6875
-8.125 -5.8125 -52.1875
-7.875 -3.125 -24.6875
-8 -0.125 -1.75
-8.0625 -0.625 -3.75
-7.25 -2.0625 -24.75
-8 -0.25 -2.375
-7.875 -0.4375 -3.0625
-7.8125 -0.4375 -4.625
-7.875 -0.25 -2.4375
-7.9375 0 -1.125
-7.875 0.125 -0.5625
-8.1875 -2.125 -20
-8.5 -3.3125 -28.9375
-8.3125 -3.0625 -25.375
-8.25 -3.6875 -29.625
-7.75 -12.5 -113.5625
-7.5625 -2.0625 -17.875
-7.8125 -1.75 -9.75
-8 -3.25 -32.5625
-8.25 -2.9375 -22.3125
-7.5625 -4.375 -42.625
-8.0625 -3.1875 -30
-7.9375 -1.5625 -15.125
-7.9375 -0.5625 -4.5
-7.875 0 -0.625
-7.8125 -0.0625 -0.3125
-7.875 0.125 -0.375
-7.375 -7.6875 -68.5625
-8.3125 -5 -39.75
-8.5625 -5.75 -50.0625
-7.8125 -8.5625 -68.5
-7.875 -10.0625 -80.625
-7.25 -6.75 -57.3125
-7.75 -3.375 -31.1875
-7.75 0.0625 -0.875
-7.75 0.0625 -1.125
-7.875 -0.5625 -5.8125
-8.0625 -2.625 -19.3125
-8.0625 -2.625 -19.3125
-8.5 -7.6875 -70.0625
-8.5 -7.625 -64.125
-7.625 -8.1875 -70
-7 -7.6875 -63.0625
-4.125 -6.125 -52.75
-7.625 -5.1875 -45.125
-7.875 -3.75 -29.9375
-7.6875 -3.125 -27.875
-7.8125 -3.75 -30.25
-7.75 -4.25 -37.1875
-8.25 -5.3125 -46.5625
-8.125 -4.3125 -37.9375
-8.125 -4.3125 -37.9375
-8.375 -5.8125 -50.4375
-8.0625 -5.375 -43.8125
-7.9375 -4.375 -36.4375
-8.125 -3.75 -33.5
-8 -4.5 -37.1875
-8 -5.0625 -43
-8.3125 -6.75 -57.75
-7.625 -4.375 -40
-7.625 -3.1875 -26.5625
-7.9375 -1.5625 -13.25
-7.9375 -0.5625 -5.375
-8.0625 -0.4375 -5.25
-8 -0.5 -5.8125
-7.8125 -1 -9.625
-7.625 -2.125 -15.375
-7.625 -2.125 -15.4375
-7.5625 -0.6875 -1.625
-7.6875 0 -0.125
-7.9375 0.0625 -0.0625
-8 0 -0.1875
-7.875 -0.625 -5.6875
-7.875 -0.4375 -4.3125
-7.8125 -0.1875 -0.5
-7.8125 0.0625 0
-7.9375 -0.125 0.0625
-7.9375 0.0625 -0.0625
-7.8125 -0.0625 0
-7.75 0.125 0.0625
-7.8125 0.125 -0.125
-7.8125 0 0
-7.875 0 0.0625
-7.75 -0.0625 0.3125
-7.6875 4.875 38.8125
-7.8125 11.4375 96.4375
-7.0625 15.125 125.375
-6.9375 15.4375 128.875
-6.75 13.5 111.3125
-6.6875 18.75 150.4375
-6.9375 21.5625 180.125
-6.5 25.9375 208.5
-6.5625 18.3125 148.3125
-6.875 16.3125 134.8125
-6.5625 18.3125 145.625
-6.125 15.75 124.125
-6.8125 9.625 76.875
-8.3125 6.375 56.375
-7.625 7.625 66.1875
-8.5 7.5 61
-8.125 7.6875 57.9375
-7.625 7.3125 60.1875
-7.75 8.0625 65.125
-8.4375 8.625 69.1875
-9.1875 8.125 69.25
-6.6875 9.5625 74.625
-6.4375 9.875 73.5
-9.6875 6.125 50.125
-10.25 5.5625 51
-8.3125 6.0625 47.9375
-8.25 5.1875 36.5
-7 5.4375 41.25
-6.875 6 56.6875
-6.5625 11.0625 85.875
-7.375 9.25 75.875
-8.1875 2.5 20.5
-7.8125 2.625 21.125
-7.6875 1.3125 9.875
-7.875 0.75 4.625
-6.875 3.125 26.3125
-6.0625 3.875 32
-6.8125 4.625 38.875
-7.1875 3.125 27.6875
-7.625 1.6875 11.1875
-7.9375 0.1875 0.4375
-7.75 -0.125 0.0625
-7.75 -0.125 0
-7.875 -0.125 0.0625
-7.875 -0.0625 0
-7.9375 0.1875 0.0625
-7.8125 0.125 1.75
-7.8125 0.5625 6.3125
-7.8125 1.4375 10.4375
-7.6875 2.3125 17.25
-7.8125 1.6875 15.875
-7.875 1.25 12.6875
-8 0.5625 5.0625
-7.9375 0.25 1.3125
-7.9375 0.3125 -0.125
-7.9375 0 -0.125
-7.75 0 -0.0625
-7.8125 -0.1875 -1
-7.625 -0.4375 -8.6875
-7.625 -0.5625 -9.5625
-8.0625 -1.1875 -9.875
-8.125 -1.625 -12.3125
-8 -1.3125 -12.625
-8.1875 -1.5625 -11.375
-8.0625 -2.4375 -20.8125
-8 -3.25 -28.625
-7.6875 -4.1875 -35.375
-7.625 -4.25 -33.9375
-7.875 -4 -30.6875
-7.6875 -3.75 -30.25
-8.0625 -4.0625 -30.1875
-8.0625 -1.4375 -13.8125
-7.875 -1.3125 -11.1875
-7.875 -0.75 -5.125
-7.875 -0.25 -2.6875
-7.875 -0.1875 -0.1875
-7.9375 0 -0.5
-7.8125 -0.375 -4.5
-7.75 -0.8125 -7.0625
-7.875 -0.5 -5.4375
-7.9375 -0.5625 -4.125
-7.875 0.1875 -0.75
-7.9375 0.25 -0.125
-7.875 0 0
-7.8125 -0.0625 -0.3125
-7.9375 -0.25 -1.1875
-7.875 -0.125 -0.5625
-7.8125 0 -0.1875
-7.875 -0.0625 -0.25
-7.875 -0.0625 0
-7.9375 -0.0625 0
-7.625 0 -0.125
-7.75 0.0625 -0.5
-7.8125 -0.5 -3.375
-7.875 -0.75 -5.4375
-7.9375 -0.5625 -2.875
-7.875 -0.4375 -2.25
-7.9375 0 -0.5625
-8 -0.0625 -0.0625
-7.8125 0.125 0.125
-7.9375 0 -0.0625
-7.9375 0.3125 -0.1875
-7.9375 0.0625 0
-7.8125 0.0625 0
-7.9375 0.0625 0
-7.875 0 0.125
-7.875 0 -0.0625
-7.875 -0.0625 -1.8125
-7.6875 -0.3125 -3.375
-7.9375 -0.1875 -2.3125
-7.9375 -0.1875 -1.4375
-7.9375 -0.125 -0.9375
-7.8125 -0.125 -1.0625
-8 -0.5 -1.9375
-8 -0.5625 -2.875
-7.8125 -0.6875 -8.625
-7.875 -0.75 -6
-7.9375 -0.125 -2.6875
-7.8125 0.125 -0.6875
-7.875 -0.0625 -0.125
-7.8125 0.0625 0.0625
-7.8125 0.125 0.125
-7.9375 0.125 0.0625
-7.875 0.0625 0.25
-7.9375 0.3125 2
-7.8125 0.3125 2.125
-8 -0.0625 0.125
-7.8125 0.125 -0.0625
-8.0625 0.0625 0
-7.8125 -0.0625 -0.125
-7.9375 -0.0625 0
-7.875 0.1875 0.125
-7.75 0.125 0.125
-7.9375 0.0625 0.125
-7.875 0 0
-7.875 -0.125 0.0625
-7.8125 0 -0.125
-7.875 0 0.0625
-7.9375 0.1875 0
-7.8125 0.125 -0.625
-7.8125 -0.1875 -1.6875
-7.875 -0.25 -1.8125
-7.875 -0.125 -1.125
-7.9375 0 -0.75
-7.875 0 -0.25
-7.8125 0.125 -0.125
-7.9375 0.1875 -0.0625
-7.875 0 0.125
-7.8125 0.0625 0.125
-7.875 -0.125 0
-7.9375 0.25 -0.0625
-7.8125 0.25 0
-7.875 0.0625 -0.1875
-7.875 0.125 -0.0625
-7.8125 0.0625 0.0625
-7.75 0.25 0
-7.75 0.1875 0
-7.6875 0.1875 0.0625
-7.875 0.0625 0
-7.9375 -0.0625 0
-7.875 0.125 0.0625
-7.9375 0 0.0625
-7.875 -0.0625 0
-7.9375 -0.0625 0.0625
-7.8125 0.125 0
-7.9375 0.125 -0.0625
-7.8125 0 -0.0625
-7.75 0 0.125
-7.875 0.0625 0
-7.875 0.125 0
-7.8125 0.125 -0.125
-7.875 -0.0625 0
-7.75 0.0625 -0.625
-7.875 -0.0625 -0.0625
-8 0.125 -0.125
-7.8125 0.0625 0.0625
-7.8125 0.1875 -0.1875
-7.875 0 0
-7.9375 -0.125 -2.75
-7.875 -0.1875 -1.6875
-7.9375 0 -0.375
-7.875 0.125 0.0625
-7.875 0.125 0.0625
-7.8125 0.0625 0
-7.875 0.125 0
-7.75 0.0625 0
-7.75 0 0
-7.75 0 -0.0625
-7.875 0.1875 -0.0625
-7.75 -0.0625 0
-7.875 0 -0.0625
-7.625 0.1875 0.0625
-7.9375 0.1875 0.0625
-7.875 0.0625 0.0625
-7.75 0.125 0
-7.875 -0.0625 -0.0625
-7.875 0.0625 0
-7.9375 0.0625 0.0625
-7.875 0.0625 0
-7.8125 0.125 0.0625
-7.8125 0.25 -0.0625
-7.9375 0.125 0.125
-7.8125 0.0625 0
-7.875 0.125 -0.125
-7.9375 0 0.0625
-7.9375 0.125 0
-7.875 0.0625 0
-7.9375 0.0625 0.0625
-7.875 0 0.0625
-7.8125 0.125 0.0625
-7.8125 0.0625 0
-7.8125 -0.0625 0
-7.75 0 0
-7.6875 0.125 0
-7.8125 0.3125 0.0625
-7.875 0.125 0.1875
-7.8125 0.125 0.1875
-7.8125 -0.0625 0
-7.9375 0.0625 -0.125
-7.8125 0.0625 -0.0625
-7.8125 0 -0.0625
-7.8125 -0.125 0.0625
-7.6875 0 0.125
-7.75 0.0625 0
-7.875 0 0.125
-7.875 0.0625 0.125
-7.75 0.0625 0.1875
-7.6875 0.25 3.8125
-7.8125 0.4375 6.875
-7.6875 1 6.875
-7.5625 0.8125 4.6875
-0.0625 0.9375 7.6875
11 1.1875 7.75
50.625 2.4375 17.5625
44.375 2.375 17.5625
43.8125 3.5625 23.6875
44.625 3.0625 24.125
51 -0.25 21.9375
65 -1.4375 23
85.0625 -10.25 31.375
78.8125 -23.25 33.5625
73.1875 -35.3125 28.8125
71.625 -36.6875 33.125
69.875 -45.75 14.8125
54.0625 -37.6875 3.3125
48.0625 -28.1875 5.6875
48.1875 -18.4375 19.75
61.5 -5.25 52.9375
79.625 -7.125 63.625
98.9375 -20.5625 51.6875
112.9375 -47.75 12.125
104.875 -20.1875 18.75
111.3125 -38.25 -5.75
116.375 -38.125 3.125
144.625 -46.0625 14.625
161.25 -47.875 18.25
166.1875 -53.25 12.1875
162.6875 -51.4375 10.5
167.9375 -56.6875 6.4375
187.5 -78.3125 -6.6875
186.125 -91.1875 -13.5
187.9375 -135.4375 -27.875
190 -132.6875 -41.8125
194.375 -141.6875 -42.0625
193.875 -131.5625 -51.8125
175.5 -107.8125 -47.9375
156.6875 -89.3125 -42.5625
142.5625 -74.625 -43.625
134 -71.6875 -46.25
111.875 -54.5625 -46.375
114.375 -57.1875 -44.6875
113.5625 -64.0625 -51.125
102.4375 -65.9375 -59.125
88.6875 -57.625 -58.5625
64.0625 -35.4375 -45.4375
55.75 -14.8125 -28.75
61.875 -11.5625 -13.625
78.5625 -43.5625 -31.3125
67.0625 -39.25 -29.8125
46.5 -2.8125 -13.8125
41.25 22.4375 -10.1875
46.75 4.5625 -26.875
53.4375 -5.25 -54.9375
49.5 0 -27.1875
50.5 -5.6875 -26.5625
107.5 -23.625 -31.3125
108.625 -32.8125 -2.5
58.4375 -19.625 -22.1875
50.3125 -11.9375 -26.9375
54.0625 -21.125 -20.6875
47.375 -24.5625 -17.125
9.8125 -12.375 -6.875
6.8125 -8.125 -3.8125
12.5 5.8125 5.375
18.0625 5.3125 10
27.8125 -1.9375 3.6875
39.8125 -5.25 3.8125
49.625 -15.9375 -12.4375
42.1875 -19.8125 -11.125
45.3125 -8.25 0.625
62.5 -10.5625 3.125
23.4375 -0.1875 4.0625
12.3125 16.875 18.5
-30.375 37.125 21.375
-34.875 21.9375 8
-37.625 15.5625 4.3125
-27.3125 5.8125 6.5
-23.375 2 4
-9.0625 11.875 11
-7.0625 -5.25 -7.875
-2 -9.25 -11.1875
-7.8125 1 -2.5
-15.0625 5.4375 2.875
-23.1875 8.375 8.875
-25.4375 10 8.3125
-25.0625 10.5 7.5
-28.0625 10.1875 7.125
-31.3125 12.5625 7.125
-69 32.8125 24.8125
-85.75 42.6875 35.9375
-112.75 38.875 36.375
-130.125 47.6875 40.625
-143.375 31.875 47.8125
-150.0625 25.1875 54.0625
-133.1875 18.1875 45.5625
-142.0625 35.1875 43.75
-172.25 40.375 4.8125
-233.5 46.4375 31.625
-231.75 39.875 22.375
-288 23.9375 28.5625
-290.25 -7.625 7.0625
-233.6875 -1.125 8.25
-205.5625 17.375 19.4375
-194.3125 31.3125 15.0625
-178.875 45.125 15.125
-157.6875 26.6875 17.9375
-169.9375 18.5 27.75
-184.25 12.625 75.0625
-66.5 9.375 113.1875
-109.875 41.8125 66.625
-77.25 -17 59.25
-107.0625 10.4375 56.375
-129.25 24.375 48.25
-138.6875 56.625 33.375
-125.8125 48.5 19.875
-109.875 35.0625 0.625
-97.875 20.3125 11.5625
-112.625 18.375 1.1875
-83 -2.8125 37.3125
-97.75 34.4375 61.875
-93.25 25.9375 76.5
-72.0625 2.5 83.875
-149.5 92.125 27.1875
-148.6875 192.625 -9
-70.875 45.1875 -14.1875
-57.75 55.875 -9.8125
-51.0625 61.25 -11.6875
-47.0625 66.25 -14.125
-55 76.8125 -30.8125
-66.5 80.5625 -52.25
-73.5625 80.25 -56.5625
-109.5 83.1875 -79.5
-124.0625 82.625 -95.6875
-176.125 189.125 -71.0625
-208.25 182.5 -112.5625
-323.8125 5.8125 23.1875
-109.4375 1.25 6.375
-8.5625 0.5625 -0.5
-9.1875 0.3125 -3.4375
-8.3125 0.125 -1.6875
-8.0625 0.0625 -0.75
-7.875 -0.0625 0
-7.875 0.0625 -0.125
-7.875 0.0625 -0.0625
-7.9375 0 0.0625
-7.6875 -0.125 0.125
-7.75 0 -0.125
-7.875 0.1875 0.0625
-7.875 0.125 0
-7.9375 -0.0625 -0.0625
-7.8125 0.0625 0.0625
-7.75 0.0625 -0.0625
-7.875 -0.125 0.125
-7.875 -0.125 0.125
-7.8125 0 0
-7.75 0.0625 0
-7.875 0.1875 0.0625
-7.875 0.25 0
-7.875 0.125 0.0625
-7.75 0.0625 -0.0625
-7.75 -0.125 0.1875
-7.8125 0 0
-7.75 0.0625 -0.125
-7.875 0.0625 0.0625
-7.875 0 0
-7.8125 0 0.125
-7.8125 0 0.1875
-7.875 0.125 0.1875
-7.9375 0.0625 0.125
-7.875 -0.0625 0.25
-7.6875 0.1875 0.5
-7.8125 0 0.875
-7.75 0.25 2
-7.8125 0.5625 2.5625
-7.8125 0.1875 0.5
-7.875 0.1875 0.25
-7.8125 0.25 1.6875
-7.0625 1.625 13.6875
-6.25 2.75 22.6875
-6.3125 2.125 18.5625
-7.5625 0.5625 5.6875
-7.875 0.0625 0.4375
-7.875 0.1875 0.125
-7.9375 0 0.125
-7.875 0.0625 0
-7.9375 0 0.125
-7.875 0.3125 0.125
-7.875 0.25 -0.0625
-7.8125 0.0625 0
-7.75 -0.25 0.0625
-7.6875 -0.0625 0
-6.1875 3.8125 32.3125
-6.9375 2.625 20.125
-7.8125 1.875 17.6875
-7.875 1.0625 8.875
-8 1.4375 12.1875
-7.875 1.375 12.8125
-7.75 1.0625 9.9375
-7.875 1.25 10.25
-7.875 1.5 10.875
-7.875 1.0625 8.75
-7.875 0.75 6.1875
-7.8125 1.0625 7.9375
-7.9375 1.375 8.5
-7.6875 1.625 12
-7.625 2.0625 14.3125
-7.375 2.5625 18.0625
-7.6875 1.5 14.375
-7.8125 0.875 6.3125
-7.9375 0.5 4.4375
-7.875 0.0625 0.625
-7.875 0 0.125
-7.9375 0.25 3.25
-7.875 1.125 9
-7.8125 1.5 13.8125
-7.625 0.1875 2.25
-7.75 -0.0625 0.125
-7.6875 -0.0625 0.0625
-7.6875 0 -0.0625
-7.8125 0.0625 0.0625
-7.8125 0.0625 0.3125
-7.875 0.125 0.6875
-7.3125 1.8125 13.8125
-8 1.0625 8.3125
-7.9375 0.0625 0.5625
-7.8125 0.3125 3.5625
-7.5625 1.375 10.9375
-7.8125 3.3125 25.5625
-7.25 1 8.8125
-7.6875 0.125 0
-7.625 -0.125 -0.1875
-8.125 0.125 -1.375
-8.25 0.4375 -0.0625
-8.375 0.125 -1.9375
-8.375 0.5625 2.125
-7.375 -0.125 1.6875
-6.625 -0.1875 -0.4375
-7.375 0.1875 0.0625
-7.8125 0.125 -0.0625
-7.8125 0.125 0.0625
-7.875 0.0625 0.125
-7.8125 -0.0625 0.0625
-7.75 -0.125 -0.0625
-7.6875 0.125 0
-7.8125 0 -0.25
-7.4375 -0.625 -8.75
-7.8125 -1.0625 -7.5
-7.9375 -1.125 -7.5625
-7.5625 -0.625 -9.4375
-7 -0.8125 -9.9375
-7.4375 -1 -10.625
-7.6875 -0.375 -4.6875
-7.9375 -0.0625 -1.6875
-7.9375 -0.125 -0.0625
-7.9375 -0.0625 -0.0625
-7.8125 0 0
-7.9375 0.25 0
-7.875 -0.1875 -0.1875
-7.6875 -0.125 -1.3125
-8 -0.375 -2.3125
-7.875 0 -0.4375
-7.9375 0.0625 -0.125
-7.9375 -0.25 -0.5625
-8.125 -2.0625 -16.25
-8.125 -1.5 -15.8125
-8.9375 -2.6875 -24.4375
-9.3125 -7 -52.3125
-8.9375 -5.75 -47.25
-12.0625 -5.25 -50.625
-7.8125 -0.3125 -3.1875
-7.75 -0.125 0.1875
-7.8125 -0.125 0
-7.875 -0.125 0
-8.125 0.5625 -0.0625
-7.75 -0.0625 0.0625
-7.75 0.125 -0.125
-8 0.1875 0
-8.5625 0.9375 -0.125
-7.375 -0.4375 0.125
-7.6875 -0.1875 0.125
-7.9375 -0.25 0.0625
-7.6875 0.0625 0.8125
-7.9375 0.5 3.6875
-7.75 0 -0.0625
-7.75 0.3125 2.25
-7.875 0.125 0.375
-7.75 0.25 0
-7.8125 0 -0.0625
-7.9375 0 0
-7.625 0.125 0.0625
-7.8125 -0.125 0.0625
-7.9375 0.125 -0.125
-8 0.1875 -0.0625
-8 0.125 0
-8.5625 1 0
-5.4375 -2.75 1.5
-8 -0.3125 1.625
-5.9375 0.1875 4.4375
-4.5 2.125 24.125
-6.5625 3.6875 25.4375
-6.125 3.1875 26.875
-9.3125 7.875 44.6875
-10 8.5625 48.8125
-10.6875 7.9375 41.0625
5.3125 -11.125 29.375
-20.75 -40.8125 22.875
-4.625 -56.25 12.375
-11.6875 -67.5 -6.5
-11.125 -92.25 0.5625
-9.0625 -111.6875 43.25
-30.8125 -78.1875 26.4375
-29.1875 -44.5625 9.75
-17.8125 -50.6875 -6.5625
-5.75 -76.6875 -4.4375
-1.0625 -91.8125 -0.1875
36.5625 -152.875 58.375
42.3125 -198 116.1875
-35 -251.5 26.4375
-78.1875 -204.4375 -1.5
-64.5625 -130.3125 -43.9375
-90.9375 -113.0625 -6.875
-47.75 -92 -30.8125
-14.5625 -85.8125 -24.5625
2.0625 -89.8125 -15.9375
39.3125 -104.5625 -7.8125
3.75 -81.875 16.3125
-35.875 -60.25 47.4375
13.625 -100.8125 13.5
17.1875 -114 12.1875
18.125 -114.4375 5.8125
7.75 -101.875 -15.25
6.6875 -106.5 -43.1875
3.9375 -106.875 -44.375
-1.25 -61.375 -28.4375
-2.4375 -33.9375 -8.3125
-3.0625 -13.75 4.4375
0.9375 -14.0625 5.125
-12.5 0.9375 5.8125
-17.5625 11.125 13.375
-17.375 19 16.375
-21 31.125 13
-21.375 31.375 8.6875
-13.125 28.8125 4
-17.3125 18.5 -4.625
-14.125 20.375 0.5
-8.8125 21.25 4.5
-15.8125 17.75 4.1875
-17.75 16 4.8125
-21.6875 1.6875 -3.125
-20.8125 0.625 -3.8125
-19.3125 3.1875 1.375
-16.25 2.25 4.5625
-9.625 -5.3125 5.1875
-7.8125 -8 -1.5625
-13.625 -5.875 -8
-15.875 -2.5 -4.8125
-6.3125 -3.1875 -0.3125
-8.1875 -5.9375 -0.1875
-11.9375 0.625 2.5625
-11.4375 -1.6875 6.8125
-11.4375 -4.0625 9.4375
-8.625 -6.5 3.625
-10.875 -14 -2.9375
-15.8125 -10.3125 -2.4375
-25 -4.9375 -3.625
-26.8125 -10.5 -7.5
-27.125 -21.1875 -15.375
-29.8125 -37.125 -13.125
-6.25 -77.0625 10.25
-0.4375 -84.75 5.625
7 -56.1875 -11.375
9.8125 -55.25 -7.8125
-2.625 -47.125 6.8125
5.125 -32.8125 19.5
-9.5625 -9.9375 13.4375
-5.875 -3.3125 9.9375
-11.875 -9.9375 7
17.25 -36.125 1.1875
16.625 -44.8125 -2.625
-6.4375 -35.8125 -2.4375
-10.125 -28.125 -4.1875
-4.9375 -29.5625 -3.125
-3.5625 -27.3125 0.375
-0.4375 -22.0625 -2.375
-7 -20.125 0.0625
-9.9375 -15.4375 -0.6875
-10.625 -15.3125 -4.625
-15.3125 -7.8125 -0.625
-14 -1.875 0.0625
-14.25 -2.375 5.1875
-11 -2.375 4.4375
-6.0625 -3.25 5.625
-6.75 -1.1875 9.625
-4.6875 -1.1875 9.75
-5.5625 10 12.3125
-8.1875 12.25 11.25
-9 15.375 6.75
-5.6875 17.5 7.1875
-5.125 25.875 12.5625
-5.5 31.125 19.1875
-1.8125 36.8125 23.5
-7.1875 40.1875 29.4375
-8.5625 47.5625 34.125
-6.5 62.4375 38.3125
-6.3125 47.8125 25.5625
-3.1875 30 13.125
-5.875 16.875 5.75
-6 -0.5 0.75
-6.125 -2.125 1.3125
-4 3.6875 4.0625
-6.4375 3.625 2.6875
-4.1875 7 8.0625
-0.4375 6.125 12.25
-7.1875 22.5 -11.625
-8.8125 15.25 -10.75
-7.875 25.3125 -3.25
-7.8125 30.875 -0.375
-2.1875 34.4375 8
2.75 41.3125 8
3.75 43.1875 10.375
-5.125 24.25 4.6875
-4.75 -0.6875 3.4375
-6.0625 -9.3125 -0.1875
-7.25 -22.1875 -8.25
-5.25 -24.375 -7.625
-2.625 -26.125 -3.4375
-1.9375 -31.8125 -9.1875
-1.3125 -37.6875 -20.4375
-3.5625 -39.6875 -24.1875
6.5 -44.8125 -11.0625
10.6875 -52.1875 -8.75
10.5 -35.0625 -26.75
-0.125 -28.25 -20.125
-14.75 -20.4375 -7.5625
-9.4375 -24.6875 -3.125
1.5 -33.8125 -3.4375
3.6875 -25.875 -3.0625
0.875 -36.5625 10.4375
3.625 -35.4375 17
3.5625 -43.625 4.375
1.3125 -40 -0.5
2.6875 -34.0625 -3
2.1875 -28 -2.5
0.9375 -19.125 -1.8125
2.3125 -22.1875 -0.75
2.875 -30.8125 2.5
1.4375 -27.0625 5.4375
9 -31.3125 0.1875
17.5 -42.3125 -6.8125
18.375 -44.625 -15.5625
10.375 -32.6875 -13.1875
5.375 -26.5625 -6
18 -56.8125 -10.6875
20.5 -65.25 -11.5625
12.1875 -56.6875 -3.75
10.75 -53 1.5625
17.5625 -58 7.75
17.1875 -64.3125 6.625
24.0625 -78.875 5.5625
32.375 -83.1875 7.5
23.6875 -71.4375 11.6875
17.625 -64.125 11
12.75 -59.5 8.1875
17.9375 -51.375 10.9375
23.125 -56.5 5.1875
24.25 -57.0625 0.0625
21.625 -45.6875 -3.4375
24.1875 -38.4375 -0.375
22.25 -30.75 7.3125
20.25 -26.625 11.4375
18.8125 -3.6875 17.625
10.1875 -6.3125 17.0625
3.1875 -18.8125 14.25
3.75 -16.625 14.9375
7.375 -7.8125 14.75
-5.9375 -11.6875 15.625
-18.875 -1.8125 17
-18 -0.1875 21.6875
-1.6875 -12.1875 21.375
4.0625 -23 7.3125
2.6875 -24.0625 2.875
-0.125 -19.8125 3.4375
-3.0625 -14.4375 4.4375
-5.1875 -8.8125 0.8125
-6.3125 -5.0625 -1.75
-5.8125 -2.9375 -4.625
-9.875 1.5 -2.625
-19.8125 12.9375 5.0625
-22.75 16.625 7.875
-21.625 19.5 10.25
-20.0625 20.5 8.25
-12.9375 9.25 1.1875
-10.625 4.0625 -0.9375
-11.3125 1.8125 -1.5625
-12.0625 1.9375 -1.0625
-14.125 6.8125 1.1875
-14 5.5625 0.5625
-10.5 1.5 -0.3125
-9.4375 0.5625 -0.8125
-9.875 1.3125 -0.3125
-11.375 4.25 0.625
-13 6.5 0.3125
-16.1875 9.875 -1.3125
-13.5 7 -3
-10.125 4.4375 -5.25
-8.25 3.125 -5.5
-13.1875 9.0625 -2.0625
-15.125 12.875 -0.625
-15.625 13 2.375
-15.3125 13.625 4.0625
-15.4375 15.5625 2.75
-14.25 13.4375 1.3125
-16.375 14.25 -1.6875
-18.75 18.4375 -2.8125
-21.75 26.375 -1.375
-22.3125 29.75 -1.25
-21.75 40.3125 -0.75
-18.8125 50.1875 5.75
-19.4375 63.75 11.8125
-20 85.875 23.5
-22.625 94.75 28.4375
-21.625 130.1875 46.5
-16.625 152.5625 54.75
-38.5625 170.125 40.6875
-16.875 170.5625 46.3125
13.5625 179 1.625
15.25 162.9375 18.125
7.0625 128.4375 13.75
-4 118.125 3.5
-14.4375 182.625 -23.375
-16.8125 92.0625 -11
-10.25 63.6875 -6.8125
-11.6875 64.9375 -3.5
-18.125 77.5625 -12.25
-28.625 84.5 -24.5
-27.125 81.75 -22.9375
-25.8125 95.375 -22.125
-19.1875 106.625 -12.875
-5.875 102.875 3.125
-10.6875 64.75 -6.0625
-15.5625 54.5625 -11.9375
-16.375 54.25 -14.0625
-18.125 75.125 -9.1875
-20 89.9375 -22.625
-10.5 117.5625 -4.375
-6.375 136.4375 -0.5625
-7.1875 124.375 -1.3125
-6.375 107.8125 3.125
-2.9375 97.125 12.375
8.8125 70.5625 -1.625
22.3125 88.875 14.375
26.25 99.5625 27.375
53.375 255.0625 -5.5625
63.3125 275.875 41.25
53.75 253.5625 40.375
17 139.5 -15.3125
1.0625 57.6875 -25.4375
-9.0625 -3.0625 -10.875
-10 -5.75 -13.5
-8.6875 -6.5 0.4375
-8.0625 -2.3125 2.0625
-7.25 -0.625 6.5
-5.125 8.625 16.6875
-1.9375 10.5625 38.6875
10.75 30 37.125
30.375 58 22.875
12.375 31.625 7.25
5.1875 21.125 -8.75
37.25 84.0625 24.5625
3.3125 28.125 19.8125
-7.6875 0.625 2.8125
-7.75 -0.6875 -4.75
-7.8125 -2.875 -26.6875
-8.125 -4.9375 -44.25
-8.125 -5.9375 -48.1875
-8.0625 -6.875 -54.875
-7.75 -3.6875 -30.6875
-7.875 0.125 -0.0625
-7.8125 -0.0625 0
-7.8125 0.0625 0.125
-7.8125 -0.0625 0.125
-7.4375 0.8125 5.9375
-7.6875 0.3125 3.4375
-7.8125 0.0625 0.4375
-7.9375 0.0625 0
-7.875 0.0625 0
-7.75 0.1875 -0.0625
-7.75 0.1875 -0.0625
-8.25 -8.75 -72.875
-9.1875 -12.5 -109.125
-24.875 3.375 -126.5
-22.6875 17.4375 -96.0625
-20.5625 52.375 -82.125
-15.125 60.3125 -73.5625
-6.125 69.8125 -68
9.6875 77.0625 -28.8125
11 79.5 4.6875
-1.625 91.3125 -3.6875
1.4375 116.375 -4.5
15.5 121.9375 6.375
22.9375 135.3125 11.1875
50 153.75 18.625
59.5 148.625 19.125
60.9375 146.4375 17.125
65.75 139.375 6.75
46.25 130 -1.5625
60.5 119 -53.9375
70 108.5625 -74.5625
22.25 64 -95.8125
-46.125 -10.75 -87
-41.1875 -46.25 -114.1875
-39.6875 25.75 -111.375
-54.625 48.8125 -110.3125
-72.1875 40.8125 -117.0625
-109.25 46.125 -95.75
-97.75 29.5625 -49.625
-93.25 11.3125 -60.8125
-84.75 15.6875 -53.625
-41.75 -4.5625 -39
-6.1875 -1.375 -13.875
0.3125 5.875 -15
2.125 3.9375 -16.75
-0.6875 -8.1875 -12.5625
-6.0625 -3.5625 -3.6875
-7.625 -4.5625 0.25
-7.125 -3.1875 0.3125
-8.0625 1.875 1.75
-9.6875 -0.125 3.5
-10.1875 -0.125 4.3125
-10.1875 -1 4.375
-9.8125 -3.75 3.5
-9.125 -2.1875 2.375
-9.375 -0.375 2.625
-12 2.125 6.5
-15.1875 11.125 13.25
-16.125 15.75 16.625
-14.3125 17.5625 10.5625
-15.375 18.0625 10.1875
-16.4375 18.5 11.8125
-15.5 19.5 11.125
-13.25 16.6875 8.125
-12.4375 14.5 6.0625
-9.375 18 0.3125
-7.875 31.1875 -0.4375
-6.9375 29.125 2.375
15.3125 -8.6875 53.125
11.4375 -23.875 82.3125
13.5 -33.5 78.0625
15.5625 -62.375 59.6875
8.75 2.0625 32.5
17.375 25.375 52.8125
26.0625 -59.0625 59.8125
39.25 -106.375 35.375
1.375 -30.0625 -7.8125
8.1875 -79.875 19.0625
-57.4375 -61.875 -12.375
-71 -139.5625 -83.3125
-23.375 -94.3125 -60.25
-11.9375 -62.0625 -41.0625
9.3125 -76.75 -51.4375
14.3125 -74.5 -53.0625
10.625 -61.875 -49.3125
-6.125 -33.0625 -16.3125
-15.3125 -18.125 2.5
-18.5 -3.6875 26.875
-22.5625 8.625 33.8125
-23.9375 26.375 33.375
-25.6875 36.125 28.4375
-13.75 56 13.875
16.125 66.9375 20.8125
17.125 73.0625 18.8125
11.4375 85.75 17.0625
0.9375 97.625 24.5
1.75 96.4375 24.6875
-4.5 100.4375 22.1875
-9 92.125 10.6875
-6.0625 85.6875 -11.75
0.8125 67 -36.125
-0.375 86.375 -50.6875
-5.9375 64.0625 -22.25
-6.5 9.6875 1.375
-2.3125 -3.9375 4.875
-1.625 -4.375 0.9375
-6.8125 14.9375 -11.5625
-9.1875 37.375 -21.75
-3.125 38.875 -21.3125
4.75 69.1875 -12.875
0.4375 71.3125 -24.5
-8.4375 67.6875 -14.8125
-2.6875 30.0625 -7.9375
7.25 -18.8125 -18.125
1.625 -4.125 -70.3125
-7.3125 -6.6875 -69.75
-13.25 -3.4375 -50.75
-20.9375 6 -27.0625
-16.0625 22.9375 -15.8125
-7.375 23.125 -12.125
-4.1875 24.9375 -11.25
-10.6875 21.9375 -26.0625
-11.8125 22.1875 -26.5625
-11.4375 26.8125 -20.5625
-16.375 20.875 -3.4375
-21.125 22 7.0625
-25.5625 25.25 14.9375
-29.8125 27.8125 11
-36 40.9375 -6.0625
7.25 43.1875 -29.625
17 40.5625 -33.25
15.625 41.125 -25.6875
-5.1875 31.1875 -0.5
-15.125 20.625 9.9375
-11.625 28.9375 5.8125
-5.0625 44.8125 -4.875
-2.5 44.5 -6
-6.375 34 -2.75
-19.4375 34.6875 8.5625
-9.375 50.5625 2.125
11.9375 58.75 -13.3125
9.4375 52.5 -11.3125
-2.9375 27.75 -7.875
-10.375 12.375 -1.1875
-7.9375 14.125 -1.4375
-7.875 15.875 -1.1875
-8.375 9.4375 0
-8.3125 2.75 0.8125
-9.25 -0.75 2
-14.3125 4.5 5.375
-14.6875 7.4375 5.625
-13.6875 21.625 4.875
-16.5 33.3125 5.4375
-7.125 50.25 -1.1875
0.6875 59.5625 -6.625
1.9375 61.375 -9.5625
1.9375 73.3125 -5.875
-2.4375 81.3125 -2.875
-7.5625 84.125 0.6875
-10.875 80.5 -0.8125
-11.4375 57.4375 -1.375
-6.8125 27.6875 0.9375
-12.4375 17.25 0.625
-15.5625 17.4375 1.625
-18.125 17.0625 3.125
-11.6875 15.1875 -1.5
-12.375 15.4375 -4.3125
-25.875 26.3125 -0.0625
-30.4375 19.875 11.75
-25 9.6875 13.1875
-27.875 6.5625 14.5625
-22.6875 7.0625 12
-14.5625 3.625 11.5
-12.0625 1.75 10.5625
-9.125 3.0625 -0.375
-9.3125 1.8125 -4.625
-3.25 -2.9375 -5.4375
-2.75 -4 -3.1875
-6.9375 1.5 0
-9.3125 5.125 0.9375
-11.5625 6.75 1.125
-21.6875 4 2.1875
-22.8125 1.1875 2.0625
-9.375 -2.6875 -0.6875
-4.3125 -3.375 -3.125
-6.75 -2.375 -1.25
-12.8125 1.6875 2.0625
-14.875 1.3125 2.5
-15.75 0.125 4.8125
-16.3125 0.625 8.875
-11.6875 8 9.0625
-10.5625 7.875 2.0625
-9.5 4 0.6875
-13.6875 -3.75 5.3125
-13.125 -6.1875 4.8125
-14.5625 -9.6875 3.6875
-14 -9.0625 2.375
-10.625 -9.4375 1.75
-8.8125 -8.3125 0.875
-8.5 -7.8125 0.9375
-12.5 -5.4375 1.875
-18.25 -3.5625 3.9375
-20.75 4.9375 4.125
-19.875 10.875 1.375
-11.6875 12.375 -1.9375
-13.125 11.875 -1.5625
-13.3125 13.875 -1.3125
-10.75 25.625 -1.3125
-7.5625 33 -8.125
-3.8125 37.0625 -14.125
-5.1875 65.4375 -23.75
-13.5625 79.8125 -15.625
-17.3125 76 -7.875
-15.75 53.4375 -3.125
-9.375 9.5625 0.0625
-7.6875 -1.625 3
-5.75 -6.75 4.3125
-4.75 -11.5 5.4375
-5.1875 -10.0625 6.125
-3.0625 -8.6875 3.5
1.8125 -3.9375 -4.8125
4.6875 -0.25 -7.625
0.125 -1.375 -5.5625
-3.0625 -2.8125 -1.4375
-10.0625 -10.125 2.8125
-2.5625 -4 -2.5625
3 0.8125 -14.8125
4.1875 3.5 -18.0625
-5.4375 0.875 -10.25
-10.9375 2.25 1.4375
-13.3125 2.125 3.8125
-15.75 -2.125 13.3125
-16.8125 0.8125 16.125
-13.1875 4.5 14.1875
-10.6875 3.5625 9.375
-7 -3.1875 1.8125
-5.5625 -5.4375 -0.375
-5.875 -8.1875 0.1875
-7 -12.1875 1
-8.375 -12.875 0.125
-14.75 -17.6875 -0.6875
-22.25 -24.0625 4.3125
-26.375 -30.1875 6.5625
-12.8125 -19.4375 -5.25
-3.1875 -20.5625 -6.25
-22.5 -42.9375 -13.625
-39.9375 -55.0625 -9.25
-22.3125 -54.9375 -3.8125
6 -56.3125 4.9375
-2.875 -72.0625 2.1875
-14.4375 -124.75 -15.625
-11.5 -160.0625 -27.6875
7.3125 -197.375 -38.6875
-13 -223.625 -33
-45.875 -318.875 5.0625
-21 -301.3125 34
21.9375 -258.875 40.5
29.625 -261.0625 38.3125
28.3125 -281.4375 42.1875
14 -292.625 55.4375
21.0625 -287.8125 65.6875
1.8125 -265.1875 76.875
-12.9375 -250.5 95.5
-13.1875 -214.8125 121.1875
36.4375 5.0625 37.25
37.4375 51.875 -27.1875
32.4375 40 -46.375
-9.4375 -35.9375 -48.6875
11.625 -144 -57.1875
-43.6875 -319.3125 11.6875
1.5625 -173.875 14.9375
7.625 -82.875 6.8125
5.6875 -76.1875 6
5.8125 -76.5625 6.5
4.1875 -73.3125 5.9375
-0.9375 -45.75 -0.4375
-3 -34.4375 -0.375
-5.5 -15.9375 0.25
-7.6875 -0.3125 0
-7.5625 -0.5625 -4
-4.625 -2.6875 8.4375
-2.25 -4.75 8.3125
0.0625 -6.875 12.1875
25.5625 -31.0625 6.8125
53.375 -58.0625 1
34.625 -42.5 -20.5625
33.125 -41.0625 -14.625
-0.0625 -11.4375 -20.125
-6.9375 -3.125 -14.5
-7.875 -0.125 -0.375
-7.875 -0.1875 0.0625
-7.9375 -0.125 0
-7.8125 -0.25 0.0625
-8.25 0.0625 14.75
-7.375 3.5625 17.25
-13 -13.375 10.875
-12.875 -11.3125 8.1875
-17.0625 -16.0625 3.25
-16.8125 -15.5625 2.5625
-13 -9 1.1875
-16.125 -14.1875 -1
-23.8125 -27.625 -10.4375
-26 -31.3125 -15.25
-34.625 -44.8125 -12.375
-31.5625 -43 -20.8125
-2.5625 -50.875 10.375
6.8125 -69.25 29.5
16.875 -110.25 52.9375
19.6875 -220.8125 151.4375
-82.4375 -451.625 220.375
-65.375 -398.4375 126
-3.625 -273.8125 85.5
-44.1875 -318.125 149.75
-127.125 -291.5625 54.375
4.0625 -156.125 -97.75
-13.1875 -133.9375 -119.8125
-34.5625 -104.25 -114.3125
-19.9375 -103.5 -63.8125
-13.125 -96.375 -36.9375
27.3125 -43.6875 26.5
15.8125 -37.4375 29.5625
54.25 -79.25 45.3125
82.4375 -97.25 34.25
24.375 -50.375 28.3125
19.8125 -49.25 0.6875
17.9375 -74.9375 -22
21.5625 -81 -25
25.125 -86.125 -30.25
25.8125 -83.75 -29.375
27.875 -88.5625 -29.125
15.4375 -68.875 -40.5
1.9375 -64.0625 -28.375
0.375 -54.4375 -23.625
-2.5625 -32.3125 -12.25
-0.8125 -29.375 -18.0625
2.875 -40.5625 -18.625
5.75 -37.25 -13.5
-0.0625 -27.6875 -10.875
-13.9375 -15.0625 -7.9375
-21.3125 -5.4375 -4.875
-23.5625 2.9375 -0.6875
-10.4375 -7.4375 -0.8125
8.5625 -19.6875 -3.6875
4.875 -18.5 -4.625
-0.125 -0.8125 0.375
-2.625 9.6875 1.3125
-2.375 5.5625 -1.6875
2.0625 -3.0625 -5.125
0 2 -5.625
-4.3125 7.1875 -4.1875
-8.1875 15.875 -3.4375
-6.625 13.1875 -4
-5.8125 -0.75 -3.25
-7.8125 -2.25 -2.3125
-5.25 -2.25 0.0625
-0.25 -5.75 1.875
-2.5625 -7.5 1.5625
-7.125 -1.9375 3.25
-8.75 -3.375 2.75
-4.25 -12.75 -0.0625
-5.4375 -14.375 -2.5
-10.9375 -7.375 -2.75
-12.0625 -2.25 -3.0625
-12.875 11.875 -2.375
-11.75 16 -2.4375
-5 14.5625 -1.4375
-8 17.9375 1
-10.875 23.8125 1.75
-13 41.8125 5.3125
-13.8125 49.75 7.5
-17.1875 58.125 14.625
-21.625 73.375 24.375
-21.6875 83.1875 31.5
-20.625 79.1875 33.9375
-21.5625 87.0625 41.6875
-22.8125 92.25 48.1875
-31.0625 112.75 58.4375
-29.5 117.8125 64
-22 106.875 54.25
-10.6875 82.6875 38.75
8.875 68.1875 16.5
20.8125 62 -13.5
15.625 40.9375 -31.5625
16.1875 50.8125 -32.625
-0.25 71.625 20.625
15.25 30.6875 -13.75
17.75 25.25 -11.875
21.4375 27.4375 -10.0625
11.5625 28.5 -7.5625
7.5 38.5 -4.125
8.1875 42.6875 -5
-6.0625 65.125 54.1875
-7.875 91.875 117.5625
7.3125 69.625 128.6875
9.9375 50.5625 84.5
3.0625 59.0625 54.9375
-0.125 68.5625 17
-6.875 81.6875 7.9375
-14.6875 104.9375 1
-6.5 143.3125 -33.25
4.1875 85.3125 -33.75
4.1875 7.5625 2.0625
-0.6875 11.125 8.8125
-6.125 28.3125 -5.125
-3.375 40.625 -6.625
7.0625 68.9375 -15.6875
11.9375 82.0625 -22.75
11.9375 98.9375 -31
14.8125 105.9375 -23.375
2.8125 105.5 17.5625
19.625 97.5 -2.625
17 112.25 -28.0625
28.5 135.6875 -46.875
47 156.6875 -66.375
64.375 201.875 -110.5625
38.875 204 -140.4375
4.8125 185.3125 -138.25
-29.875 162.3125 -154.1875
-22.1875 123.5 -161.875
0.9375 119.8125 -147.875
10.1875 107.3125 -149.25
27.3125 72.0625 -80.1875
44.8125 49.5625 -39.4375
18.125 -9.375 14.5
17.1875 4.1875 1.375
12.625 17.25 -12.875
14.875 14.75 -1.8125
3.125 14.125 3.6875
-1.0625 9.25 4
-11.8125 14.4375 -14.75
-5.3125 20.25 -13.75
1.875 33.8125 -8.5625
4.1875 31.3125 -7.6875
11.5625 20.4375 14.125
25.25 -5.0625 12.25
22.375 -11.9375 15.5625
10.6875 -17.6875 12.375
-14.4375 -25.25 -1.375
-15.75 -33.8125 -0.1875
-9.5 -32.25 7.0625
2.25 9.9375 -1.0625
3.0625 16.4375 1.375
-5.6875 19.9375 -8
-4.6875 15.375 -16
-6.9375 9 -11.5
-15.25 -4.75 4.75
-5.6875 16.25 -0.3125
-11.3125 18.375 -2.9375
-11.8125 21.9375 -7.8125
-7.6875 16.6875 2.75
-12.9375 10.375 -6.5625
-17 13.3125 0.8125
-10.1875 24.375 2.375
-115.5 22.5 -80.25
-34.4375 2.75 -52.1875
-13.6875 9.0625 15.5625
-14.5625 13.6875 2.5625
-3.4375 13.875 -30
-21.0625 5.125 -48.75
-19.75 -3.75 -43
-36.5625 -5.125 -8.5
-58.9375 -3.0625 -14.8125
-65.6875 4.75 -18.1875
-39.9375 7.125 -17.25
-25.8125 10.125 -10.625
-0.375 14.375 -25.5625
5.1875 10.25 -39.5
8.9375 7.5625 -52
18.25 8.8125 -61.5
1.3125 12 -41.8125
-13.6875 11.0625 -21.8125
-7.5625 6.3125 1.75
4.125 -7.125 8.8125
0.125 0.5 -0.0625
-1.1875 5.125 -13.6875
0.9375 6.1875 -38.75
-8.375 25.875 -44.6875
-8.5625 28.75 -40.875
-1.8125 22.9375 -34.1875
-14.6875 16.0625 -0.4375
-16.75 8.6875 -4.0625
-17.6875 -9.5625 -3.1875
-18.375 -12 0
-23.875 -34 -1.875
-27.5625 -39.125 -7.125
-11.25 -45.6875 -9.625
2.625 -48.1875 -13.0625
1.8125 -41.625 -10.6875
-4.0625 -19.9375 -8.375
-17.5 -13.375 2.1875
-32.375 -6.625 6.25
-29 -4.75 6.375
-50.375 -8.375 0.5625
-60.4375 -11.375 -9
-84.25 -16.25 -35.25
-99.125 -18.25 -55.4375
-118.625 -24.75 -54.125
-69.6875 -7.375 -17.1875
-1.25 -24.4375 7.6875
-11.5625 -14.4375 13.0625
-8.375 -11.4375 16.9375
-10.5625 -16.25 14
-4.6875 -221.25 -40.125
-1.8125 -114.3125 8.0625
-3.75 -36.5625 17.375
-8.8125 2 23.4375
-6.5625 -0.75 13.25
-4.875 -1.875 10.8125
-8.75 1.5625 13.25
-13.3125 5.1875 4.4375
-5.875 -2.0625 -12.75
7.3125 -13.4375 10.875
8.375 -14.625 6.75
3.625 -10.75 0.6875
4.9375 -12.125 -0.4375
6.5 -13.4375 -1.8125
10.25 -17.625 -3.6875
8.4375 -16.375 -9.8125
3.375 -11.9375 -18.375
1.375 -10.9375 -19.5625
0.4375 -9.4375 -12.3125
6.25 -13.5 -0.9375
21.25 -27.1875 2.6875
-1.8125 -6.25 0.875
-6.4375 -2 0.0625
-7.25 -0.5625 0.5625
-7.125 -0.875 0.6875
-7.0625 -1.125 -0.875
-7.5625 -0.125 -0.375
-7.75 0.25 -0.0625
-7.9375 0.4375 -0.25
-7.8125 -0.0625 -2.9375
-7.9375 -0.0625 -2.875
-8 0.0625 -1.0625
-7.875 0.25 -0.125
-6.5625 -0.625 2.6875
-7 0.5 5.5625
-7.5625 1.25 6.375
-6.8125 0.1875 7.3125
-5.75 -0.9375 5.4375
-6.8125 -0.1875 1.875
-7.6875 -0.25 -3
-7.6875 -0.6875 -3.875
-7.9375 -1.25 -4.6875
-8.3125 -1.75 -14.9375
-7.625 -1.4375 -8.8125
-7.6875 -0.0625 -0.25
-7.8125 -0.4375 -2.5
-7.5625 -2.25 -20.3125
-7.625 -3.1875 -22.5
-7.75 -0.1875 -1.25
-7.75 -0.625 -4.75
-7.9375 -0.5 -5.0625
-7.9375 -1.125 -6.5625
-8.25 -2.3125 -12.9375
-7.625 -2.5625 -30.625
-8.0625 -3.375 -31.625
-7.9375 -1.5 -12.625
-8.125 -2.75 -21.875
-7.9375 -2.375 -20.25
-8.125 -3.25 -26.25
-8.1875 -2.9375 -24.9375
-8.625 -4.8125 -36.6875
-8.25 -3.3125 -24.25
-8.1875 -5.3125 -44
-8.25 -4.5 -36.375
-8.3125 -2.1875 -17.5625
-7.6875 -4.25 -44.0625
-8.25 -2.375 -11.5
-7.875 -0.3125 -3.1875
-7.6875 0.25 -0.1875
-7.6875 0 -0.4375
-7.9375 0.125 -0.8125
-7.9375 0 -0.625
-7.875 0.125 -0.1875
-7.875 0.0625 -0.0625
-8 -0.125 0
-8 -0.125 -0.0625
-7.8125 -0.1875 0.1875
-7.75 -0.0625 0.1875
-7.875 0.875 5.125
-7.125 8.5625 65.375
-7.1875 8.5 68.75
-7.4375 10.0625 81.5625
-7.4375 13.875 106.0625
-7.1875 14.1875 111.5625
-6.9375 8.4375 56.625
-8 6.6875 55.8125
-7.4375 8.8125 65.25
-7.75 8.125 64.625
-5.9375 16.4375 141.375
-5 22.9375 172.1875
-7.5625 21.8125 173.9375
-6.375 15.0625 122.875
-7.3125 10.5 88.3125
-7.5625 7.4375 61.9375
-7.875 3.3125 27
-7.8125 3 28.4375
-7.3125 5.6875 42.4375
-7.6875 5.75 47
-7.9375 2.5 17.375
-7.8125 1.375 8.875
-7.875 0.25 0.5625
-7.8125 0.125 0.0625
-7.75 0.125 0
-7.875 0.125 0
-7.75 1.9375 17.5625
-7.75 2.8125 24.6875
-7.625 2.1875 16.875
-7.625 2.375 17.3125
-7.6875 2.6875 21.25
-7.6875 3.0625 25.25
-7.0625 4.6875 29.5625
-7.875 2.4375 20.8125
-7.625 1.4375 10.5625
-7.8125 0.625 6.1875
-7.8125 0.3125 2.6875
-7.75 0.125 0.0625
-7.875 0.1875 0.0625
-7.875 1.1875 13.5625
-7.75 1.5 10
-7.875 0.6875 5
-7.9375 0.1875 2.25
-7.75 0.3125 2.1875
-7.9375 0.25 1.3125
-7.875 0.9375 7.5
-7.4375 5.875 47.75
-8 1.75 19.25
-6.875 6.75 40.375
-7.1875 5.8125 37.8125
-7.875 2.6875 20.875
-7.9375 1.875 18.8125
-7.625 2.6875 20.125
-8 1.875 20.6875
-7.375 3.375 29.125
-8.1875 2.4375 33.4375
-7.8125 2.8125 29.4375
-7.625 7.3125 22.75
-8 1.375 15.625
-7.75 2.5 19.5625
-7.4375 3.1875 23.75
-7.75 2.6875 19.9375
-7.6875 2.875 24.3125
-7.8125 1.5 11.5625
-7.8125 1.5 12.9375
-7.6875 1.75 14.625
-7.875 1.1875 10
-7.75 1.0625 8.6875
-7.625 1.5625 7.5625
-7.8125 0.8125 7
-8.125 0.3125 6.1875
-7.875 0.9375 7.3125
-7.8125 1.125 6.8125
-7.875 0.5 5.125
-7.875 0 0.75
-7.875 0.125 0
-7.9375 -0.0625 0.0625
-7.875 0.1875 0.25
-7.9375 0 -0.0625
-7.8125 -0.0625 -0.125
-7.8125 -0.0625 0.0625
-7.9375 0 0
-8 0.125 1.75
-7.75 1.0625 6.6875
-7.625 1.125 7.1875
-7.8125 0.5625 5.875
-7.8125 0.3125 4
-7.8125 0.0625 1
-8.125 -0.1875 1.125
-9.875 -4.125 7.375
-11 -6.125 14.625
-12.3125 -9.0625 16.3125
-11.5625 -4 26.625
-15.0625 -9.8125 28.9375
-12.3125 -6.3125 15.9375
-8.75 -1.1875 4.6875
-8.625 -1.0625 2.1875
-6.9375 1.625 -0.1875
-5 4.375 -0.5625
-3.375 7.5625 -1
-3.5 7.625 -1
-4.625 5.625 -2.375
-7.1875 1.125 -0.5625
-7.5625 0.6875 -0.125
-7.3125 1.1875 -0.625
-7.625 0.75 -1.5625
-7.75 0.125 -0.75
-7.625 0.75 -0.25
-7.6875 0.4375 -0.25
-7.375 0.6875 -0.1875
-7.3125 0.5 -2.75
-7.25 -0.4375 -15.375
-8 -2.0625 -17.8125
-8.4375 -3 -17.9375
-8.5625 -2.9375 -12.8125
-8.625 -2.625 -11.4375
-8.625 -3.125 -15
-9 -3.6875 -15.75
-9.125 -4.25 -19.25
-9.375 -3.75 -13
-9.9375 -4.875 -11.9375
-10.5625 -6.5 -14.625
-9.6875 -4.8125 -11.6875
-8.375 -2.1875 -12.8125
-9 -3.125 -8.4375
-11 -3.5 -5.5
-10.5625 -4.9375 -1.625
-10.5 -5.3125 2.5625
-9 -2.5 -7.875
-7.25 1.1875 -3.625
-6.1875 2.6875 -3
-6.1875 2.375 -1.25
-7.25 0.8125 -0.1875
-7.8125 0.25 0.0625
-7.875 0.1875 -0.1875
-8.25 -0.5 -1
-7.3125 0.5625 -5.0625
-8.1875 -0.3125 0.125
-5.125 5.5 12.4375
-6.8125 2.875 14.875
-9.1875 -1.6875 1.5
-9.4375 -2.75 0.9375
-9 -2 0.4375
-8.375 -1 0.3125
-7.9375 -0.0625 1.0625
-7.25 1 4.5625
-6.75 4.1875 17.875
-4.625 6.6875 38.625
-4.4375 8.3125 35.75
-5.625 6 28
-9 1.5 34.4375
-10.9375 -2.75 34.875
-9.5625 -0.3125 31.8125
-9.625 0.375 29.75
-8.75 0.375 17.6875
-11.0625 -2.125 26.125
-13.625 -4.5625 82.125
-9.875 0.625 99.75
1.75 22.25 65.125
-1.8125 16.3125 76.4375
0.5625 21.9375 81.8125
2.625 24.6875 64.6875
2.125 21.8125 51.0625
-5.875 9.6875 60.625
-6.3125 8.625 57.8125
-6.75 5.9375 37.5625
-7.25 4.9375 30.8125
-7.75 1.1875 12.875
-7.3125 1.4375 5.4375
-7.3125 1.0625 0.4375
-7.4375 0.9375 0
-7.625 0.4375 -0.0625
-7.8125 0 -0.25
-8.125 -0.625 -2.8125
-8 -0.5 -2.4375
-7.75 0.0625 -2.125
-7.8125 -0.125 -3.3125
-7.9375 -0.375 -4.125
-7.8125 -0.375 -3.625
-7.5625 0.1875 -4.625
-7.375 0.4375 -6.3125
-7.3125 0.875 -2.3125
-7.5625 0.9375 -1.0625
-7.6875 0.375 -1.625
-7.4375 1 -2.6875
-7.125 1.25 -3.1875
-7.75 -0.4375 -4.8125
-8.25 -1.5625 -3.1875
-7.9375 -0.3125 -2.75
-7.75 -0.125 -3.0625
-7.9375 -0.75 -7.0625
-8.375 -1.75 -5.0625
-7.8125 -0.375 -2.875
-7.5625 0.625 -4.5
-7.5625 0.3125 -4.875
-7.75 -0.0625 -3.4375
-7.5625 0.25 -1.6875
-7.4375 0.8125 -0.6875
-7.8125 0.6875 0.4375
-7.4375 1.875 2.125
-6.875 3.25 4.375
-7.4375 1.4375 3.5
-8 0.4375 3.6875
-7.9375 0.1875 2.625
-8.0625 -0.25 1.5
-8.0625 -0.5 1.625
-8.0625 -0.4375 0.9375
-7.6875 1 0.6875
-7.4375 2.0625 2.6875
-7.8125 0.5625 1.25
-7.875 0.3125 0.0625
-7.875 -0.25 -3.75
-8.0625 -3.9375 -25
-10.5625 -17.9375 -82.6875
-10.875 -16.8125 -93.5625
-11.125 -13.75 -95.125
-6.4375 -10.5 -98.8125
-7.625 -12.75 -104.625
-14.125 -17.6875 -98.5625
-12.125 -18 -97.6875
-9.125 -16.3125 -72.1875
-6.9375 -12.8125 -67.125
-5.5625 -8.6875 -48.75
-5.5625 -5.9375 -40.625
-4.4375 -7.0625 -57.1875
-0.3125 -7.75 -68.625
-1.6875 -6.375 -56.25
-3.6875 -4.8125 -39.4375
-4.9375 -3.9375 -36
-4.4375 -3.6875 -35.4375
-7.8125 -1.1875 -10.75
-11.125 -1.75 -5.5
-12.375 -0.4375 -1.375
-12.4375 -0.625 -1.375
-12.625 -0.625 -1.625
-14.625 -1.3125 -1.8125
-16.125 -1.8125 -2
-15.75 -1.75 -2
-15.4375 -1.5625 -1.8125
-14.9375 -1.4375 -1.75
-8 0.1875 -0.25
-8 0.375 -0.0625
-7.9375 0.3125 -0.1875
-8 0.3125 0.125
-7.6875 0.4375 0.5
-7.25 1.0625 1.125
-7.1875 1.3125 1.625
-4.625 7.5625 9.5
-4.9375 6.625 9.25
-5.375 5.4375 9.6875
-5.4375 5.5625 10.875
-5.3125 5.875 11.8125
-5.6875 5.125 5.8125
-6.875 3 8.8125
-7 4.9375 30.1875
-6.875 5.625 35
-6.875 6.125 40.5
-6.9375 5.8125 41.3125
-8.125 8.3125 90.0625
-7.1875 9.5 91.8125
-8.375 9.4375 91.1875
-8.25 12.375 116.6875
-8.375 4.1875 52.875
-7 3.0625 14.4375
-7.625 2.8125 19.5625
-8 4.125 36.0625
-7.8125 3.875 36.25
-7.375 3.3125 31
-6.625 2.625 14.5
-6.9375 1.75 6.0625
-5.3125 5.1875 -0.5625
-6.25 3.3125 -0.4375
-7.5625 0.6875 -0.1875
-7.4375 1 -0.5625
-8.1875 -0.6875 -2.5625
-8.1875 -0.6875 -3.875
-8.0625 -0.125 -3.6875
-8.125 -0.4375 -3.9375
-7.875 -0.0625 -1.75
-7.8125 0.3125 -0.9375
-7.875 0.0625 -3.1875
-7.875 0.25 -3.3125
-7.75 0.125 -1.875
-7.8125 0.125 -1.625
-7.6875 0.125 -3.25
-7.75 0 -4.6875
-7.625 -0.25 -7.1875
-7.8125 -0.75 -9.5
-8 -1.9375 -14.375
-6.8125 -2.0625 -31.1875
-7.4375 -2.8125 -32.3125
-7.5625 -2.125 -27.6875
-7.75 -1.75 -21.5
-7.8125 -1.0625 -14.125
-7.8125 -1.1875 -13.0625
-8 -1 -11.125
-7.875 -0.1875 -3.5
-7.75 0.3125 -1.9375
-7.9375 0.0625 -1.875
-7.8125 0.25 -0.1875
-7.75 0.25 0
-7.875 0.25 0.0625
-7.8125 0.125 0
-7.9375 0 0.125
-8 -0.0625 0.0625
-7.875 0.125 -0.125
-7.9375 -0.0625 -0.125
-7.8125 -0.0625 0
-7.75 0.25 0.0625
-7.8125 0.5 0.125
-7.8125 0.25 0
-7.625 0.375 -0.125
-7.8125 0.3125 0.0625
-7.8125 0.1875 0.0625
-7.9375 0.1875 -0.0625
-7.6875 0 0.0625
-7.8125 0.1875 0.125
-7.875 0.0625 0
-7.9375 0.125 0
-7.875 0.125 -0.125
-7.875 0.375 -0.125
-7.875 0.3125 0.125
-7.6875 0.3125 0
-7.75 0.5 -0.125
-7.875 0.0625 -0.0625
-7.75 0.375 0.0625
-7.9375 0.25 -0.0625
-7.8125 0.1875 0
-7.875 -0.125 0
-8 0.0625 -0.0625
-7.75 0.125 -0.0625
-7.8125 0.3125 0.0625
-7.875 0.3125 0
-8.0625 -0.25 0.0625
-7.9375 0 -0.0625
-7.875 0 0.125
-7.8125 0.1875 0.25
-7.8125 -0.125 0.25
-8 0.0625 0.125
-8 0.125 0.125
-8.0625 -0.3125 0.25
-7.9375 -0.0625 0.125
-8.0625 -0.125 0
-8.0625 -0.4375 0.125
-7.9375 -0.25 0.125
-7.25 1.5625 -0.25
-7 2.0625 -0.6875
-7.4375 0.8125 -9.4375
-7.4375 0.6875 -6.875
-7.6875 0.0625 -5.0625
-8.5 -1.5 -1.6875
-9.3125 -3.4375 0.4375
-8.625 -1.75 0.25
-8.4375 -0.8125 0.0625
-8.0625 -0.4375 -0.125
-8 -0.375 0.0625
-8.1875 -0.9375 0.125
-9.6875 -3 2.6875
-8.8125 -1.125 7.4375
-7.1875 2.0625 7.25
-5.1875 5.75 2.0625
-3.25 9.5625 -0.875
-6.6875 1.375 -4.9375
-6.8125 0.875 -2.0625
-6.6875 1.375 5.6875
-7.9375 0.1875 -2.25
-8.5625 0.8125 6.625
-8.1875 0.375 0.5
-7.6875 0.25 2.4375
-7.0625 0.5625 1.5625
-7.8125 0.4375 2.75
-6.9375 1.25 3.375
-6.9375 3.125 7
-8.875 -0.625 -2.625
-7.9375 -0.5625 -1.75
-7.4375 -2.0625 -14.625
-7.5625 -2.25 -18.9375
-8.5625 -8.8125 -36.875
-9.6875 -6.3125 -14.3125
-9.9375 -7.875 -14.1875
-7.25 -0.875 -22
-6.5625 3.625 -6.8125
-6.125 4.875 -11.125
-6.375 2.5 -25.5625
-8.3125 -3.5 -34.1875
-8.4375 -4.0625 -32.75
-8 -4.375 -33.25
-8 -2.875 -24.8125
-7.875 -2.5 -18.8125
-7.8125 -0.5 -4.625
-7.8125 -0.875 -7.5625
-7.875 -0.75 -5.4375
-7.625 -0.8125 -7
-7.6875 -0.3125 -1.9375
-7.75 -0.375 -3.125
-7.5625 -0.5625 -4.75
-7.625 -0.375 -2.9375
-7.875 -0.25 -1.25
-7.9375 0.0625 -0.1875
-7.9375 0.0625 -0.0625
-7.875 0.0625 0.0625
-7.625 0 -0.0625
-8.0625 0 -0.1875
-8.1875 0.25 0
-8 0.125 -0.0625
-7.875 -0.0625 0
-7.875 -0.0625 0.0625
-7.875 0 0
-7.875 0.0625 -0.0625
-7.8125 0.25 -0.125
-7.75 0 -0.125
-7.75 0.125 -0.0625
-8 0.125 -0.0625
-8.0625 0.125 0
-7.9375 0.1875 0.0625
-7.9375 0.0625 0
-8 0.1875 0.0625
-8 0.25 -0.125
-7.9375 0.125 -0.1875
-7.875 -0.0625 -1.1875
-7.6875 -0.125 -0.875
-7.6875 0.0625 -0.4375
-7.625 0.1875 -0.375
-6.875 0 0
-5.25 0 -0.0625
-1.75 -0.125 -0.625
-4.75 -0.875 -6.25
-8.875 -0.125 -2.375
-9.375 0 -0.3125
24.6875 0 -0.1875
94.625 0.125 -0.5
73.125 0.3125 -0.5
46 0.1875 -0.3125
33.25 0 -0.25
0.1875 -0.1875 -0.1875
5.6875 -0.75 -3
50.1875 -4.3125 -19.25
79.5 -4.3125 -19.375
164.25 -2.25 -8.5
160.1875 -2.75 -9.6875
157.375 -3.9375 -11.625
135.5625 -5.3125 -12.375
87.5 -1.8125 -4.4375
37.625 -0.625 -1.625
-29.625 -0.5 -1.1875
-32.9375 -2.0625 -3.1875
-42.25 -2.875 -5.5
-39.0625 -2.25 -4.8125
-35.625 -1.4375 -3.0625
-39.8125 -1.25 -2.75
-43 -1 -1.6875
-55.1875 -0.375 -0.25
-65.375 -0.5 -0.1875
-106.4375 -3.8125 -7.5625
-405.9375 -0.8125 -1.4375
-546.9375 0.0625 3.4375
-31.9375 -0.3125 0.125
-7.9375 0.0625 0.0625
-7.8125 0.125 0
-8 0.125 0.0625
-8.25 0 0.0625
-8.1875 0 -0.0625
-7.8125 0.125 0.0625
-7.8125 0.4375 -0.125
-7.6875 0.25 -0.1875
-7.875 0.25 0.0625
-7.875 0.375 -0.0625
-8 0.125 0
-8 0.25 0
-8 0 -0.125
-7.875 0.25 0
-7.9375 0.25 -0.125
-7.8125 0.125 0
-7.8125 0.0625 -0.125
-7.875 0.25 -0.0625
-7.875 0.0625 -0.125
-7.8125 0.125 0
-7.9375 -0.0625 0
-7.875 0 0
-7.875 -0.125 -0.0625
-7.9375 0.125 0
-7.75 0.1875 -0.0625
-7.875 0.125 0
-7.8125 0 0
-7.875 -0.125 0.125
-8.0625 0.125 0.125
-7.9375 0.25 0.0625
-7.9375 0.1875 0
-7.9375 0.1875 -0.125
-7.9375 0.125 0
-8 0 0.0625
-7.8125 0.125 -0.0625
-7.8125 0.125 0.0625
-7.8125 0.125 0.0625
-7.9375 -0.1875 0.0625
-7.9375 0.0625 0.125
-7.9375 -0.125 0.0625
-8 0.0625 -0.0625
-7.875 0 -0.125
-7.8125 0.1875 0.0625
-7.9375 -0.25 0.0625
-7.75 0.0625 0.0625
-7.8125 -0.125 -0.1875
-8 -0.25 -1.4375
-8 -0.3125 -1.625
-7.875 -0.0625 -1
-7.75 -0.125 -1
-7.875 -0.5 -1.3125
-8 -0.875 -1.6875
-8.3125 -1.3125 -2.5
-8.6875 -2.3125 -2.5625
-8.625 -1.875 -2.625
-8.125 -0.5625 -1.5
-8.4375 -1.875 -0.875
-8.4375 -1.5625 -0.5
-8.4375 -1.25 -0.625
-8.25 -1.25 -0.75
-8.1875 -1 -1
-8.125 -0.75 -2.125
-9.0625 -4.0625 -12.125
-9.1875 -6.125 -29.25
-9.5 -6.375 -31.4375
-8.5625 -4.875 -26.5625
-8.1875 -4.25 -27
-10.0625 -7 -21.75
-11 -7.375 -11.875
-11.5 -7.3125 -5.6875
-14.625 -11.25 1.6875
-14.25 -11 1.4375
-14.625 -11.6875 0.5625
-14.75 -11.375 1.6875
-13.5 -9.0625 5.0625
-10.8125 -3.75 21.5625
-17.9375 -16.75 6.6875
-19.3125 -19.1875 18.3125
-19.375 -24.8125 10.125
-14.6875 -22.0625 7.4375
-12.9375 -18.4375 9.0625
-10.75 -17.0625 9.5625
-10.3125 -11.0625 8.5
-10 -10.3125 6.875
-11.375 -6.6875 7.125
-10.5 5.625 7.4375
-11.1875 11.75 7.3125
-12.25 14.75 6.375
-6.5 7.6875 5.6875
-6 4.0625 4.8125
-4.375 6.75 2.375
0.4375 14.25 0.8125
3.4375 19.25 0.25
7.75 26.1875 -1.6875
7.4375 25.6875 -2.125
9.0625 27.8125 -3.5
12 33.3125 -8
12.9375 36.6875 -4.5
3.1875 20.6875 -2.625
-5.6875 4.5625 -0.75
-5.3125 5.875 -1.4375
-4.3125 9.3125 -1.625
-7.875 0.6875 -0.125
-7.9375 0.375 0
-7.9375 0.3125 -0.0625
-8 0 -0.125
-7.9375 0.25 0
-7.9375 0.25 0.0625
-7.875 0.1875 0
-7.9375 0.125 -0.125
-7.875 0.1875 0
-7.9375 0.3125 0.0625
-8.0625 0.375 -0.125
-7.875 0.25 -0.125
-7.8125 0.125 -0.1875
-7.75 0.0625 -0.8125
-7.9375 -0.3125 -3.5
-7.875 0 -2.3125
-8 -0.0625 -2.0625
-7.875 0 -1.375
-7.875 -0.0625 -0.625
-7.8125 -0.0625 -0.6875
-7.9375 -0.3125 -2.125
-7.4375 -2.125 -14
-7.6875 -0.3125 -0.375
-7.75 0.0625 0
-7.75 -0.0625 0.0625
-7.875 0.0625 0
-7.9375 0.125 0
-7.8125 0.125 0.0625
-7.8125 0.125 0.125
-7.875 0.0625 0.0625
-7.8125 0.125 -0.125
-7.8125 0.125 0
-7.8125 0 0.125
-7.9375 0.0625 0.125
-7.75 0.1875 0
-7.875 0.125 0
-7.875 0 0.125
-7.75 0.0625 0.125
-7.8125 0.125 0
-7.875 0.1875 -0.0625
-7.9375 -0.0625 0.125
-7.875 -0.0625 0.0625
-7.875 0.1875 0
-7.9375 0 0
-7.75 0.3125 0
-7.875 0.375 -0.0625
-7.9375 0.25 0.0625
-7.9375 0.1875 0.0625
-7.9375 0.375 0.0625
-7.8125 0.25 0.125
-8.5 4 24.25
-6.5625 2.75 22.5625
-7 3.4375 25.4375
-7.75 0.0625 1.3125
-7.875 1.1875 6.3125
-7.8125 1.3125 8.5
-7.875 2.4375 17.875
-8.5 2.4375 13.375
-8.3125 1.25 9.5
-7.9375 1 6.1875
-7.8125 0.25 2.125
-7.8125 0.0625 1.3125
-7.625 0.0625 0.625
-7.875 0.0625 0
-7.875 0.125 -0.0625
-8 0.25 0
-8.0625 0.3125 0.0625
-7.9375 0.3125 0
-8.0625 0.125 -0.125
-7.9375 -0.0625 -2.375
-7.9375 -0.3125 -3.75
-8.1875 -0.25 -3.625
-8.0625 0.4375 -0.1875
-8.125 0.5 -0.0625
-8.1875 0.375 -0.3125
-7.3125 -0.8125 -2.3125
-7.5625 -0.375 -1.375
-7.5625 -0.5625 -3.8125
-7.375 -0.6875 -5.5
-7.9375 -1 -12.9375
-8 -1.125 -10.8125
-8.6875 0 -7.8125
-8.5625 -0.0625 -6.6875
-7.0625 -1.375 -3.9375
-7.375 -1.25 -6.3125
-7.1875 -1.375 -5.8125
-7.5625 -0.25 -0.8125
-7.5625 0 -0.25
-7.6875 -0.0625 -0.4375
-7.8125 -0.25 -1.5625
-7.875 -0.125 -0.25
-7.75 -0.3125 -0.0625
-7.8125 -0.125 0.0625
-7.875 0.1875 0.125
-7.875 -0.1875 0
-7.875 0.3125 0.625
-7.6875 1.5 8.875
-7.875 1.0625 6.25
-8.0625 0.375 0.0625
-8 0.1875 0.0625
-8.125 0.375 -0.0625
-8.1875 0.375 0
-8.25 0.5625 0
-8.625 0.875 0.1875
-8.3125 0.8125 1.5
-7.0625 -0.25 2.625
-7.4375 -0.25 1.9375
-8.0625 0.4375 1.3125
-8.5 1.0625 1.4375
-8.875 1.5 1.9375
-8.5625 1.125 2.125
-8.0625 0.4375 1.375
-7.9375 0.4375 0.8125
-8.0625 0.375 0.25
-8.0625 0.125 0.4375
-7.375 -0.25 0.8125
-6.125 -1.8125 0.375
-8 0.3125 0.0625
-8.6875 1.125 -0.1875
-9.625 1.8125 -0.25
-12.5625 4.875 -0.625
-14.5625 6.3125 -1
-7.75 0.0625 0
-9.5 1.75 -0.125
-20.5625 12.3125 -1.5625
-25.875 16.875 -6.25
-23.875 14.75 -7.875
-22 12.75 -7.4375
-24.25 15 -9.125
-25.5 16.3125 -9.8125
-24.9375 15.75 -6.25
-20.8125 12 -5.5625
-12.4375 4.375 0.75
-4.8125 -1.75 17.375
-8.625 1.9375 20.1875
-16.1875 7.8125 4.875
-16.9375 8.4375 0.6875
-20.6875 12.4375 -6.4375
-11.25 24.0625 -27.1875
-11.875 31.1875 -28.5625
-3.75 12.375 -10.3125
-7.8125 -2.5 11.9375
-17.375 -9.5 27.75
-20.3125 -12.125 18.0625
-8.5 -12.75 4.75
-7.625 -1.0625 -7.625
-8.5625 7.1875 -12.0625
-8.875 9.25 -8.0625
-8 -0.0625 -0.375
-7.0625 -8.375 3.4375
-7.125 -6.875 0.8125
-7.5625 -2.5 -2.1875
-8.125 4.3125 -8.125
-7.875 4.125 -10.375
-7.6875 3.875 -12.5
-7.625 1.75 -11.3125
-7.125 -4 -6.25
-6.8125 -7.75 -2.375
-6.5625 -10.5 -1
-7 -5 -1.4375
-7.375 -0.75 -0.625
-7.4375 -0.8125 0.125
-7.4375 -0.625 0.0625
-7.5625 -0.5 0.1875
-7.125 -0.875 0.1875
-6.8125 -1.25 0.125
-3.6875 -4.125 0.4375
-0.625 -6.75 0.625
3 -9.8125 1
5.6875 -13.375 -14.75
5.3125 -12.9375 -12.375
21.5 -27.3125 3.125
25.75 -31.4375 3.5625
27.625 -33.375 3.8125
19.75 -25.9375 3
-5.625 -2 0.125
-8.5625 0.875 -0.25
-5.125 -2.375 0.25
0.8125 -8.125 0.9375
-0.5625 -6.75 0.9375
-1.875 -5.9375 0.8125
-5.8125 -2.125 0.25
-7.8125 0 0
-7.8125 0.125 -0.0625
-8 -0.125 -0.125
-7.8125 0 -0.0625
-7.8125 0.125 0.0625
-7.75 -0.0625 0.125
-7.875 -0.125 0.0625
-7.875 0 0
-7.8125 0.125 -0.0625
-7.875 0.0625 0
-7.9375 0.0625 -0.0625
-7.8125 0.25 -0.0625
-7.875 0.0625 0
-7.9375 0.25 -0.0625
-7.9375 -0.0625 0
-7.875 -0.0625 0
-7.875 0.0625 0.125
-7.875 0.0625 0
-7.875 -0.0625 -0.125
-7.875 0.0625 -0.0625
-7.9375 0.125 0.125
-7.8125 0.1875 0
-7.6875 -0.125 -0.0625
-7.875 0.125 0.0625
-8 0.0625 -0.125
-7.875 -0.0625 0
-7.8125 -0.125 0.0625
-7.6875 -0.0625 0
-7.8125 0 -0.0625
-7.875 0.0625 -0.0625
-7.8125 0.0625 0
-7.75 0.1875 0.125
-7.875 0.1875 -0.0625
-7.6875 0.1875 0
-7.75 0.1875 0.125
-7.5625 0.6875 2.6875
-7.5625 1.4375 9.375
-7.875 1.0625 7.875
-7.6875 1.875 13.5625
-7.4375 3.0625 22.4375
-8.375 3.25 22.625
-8.1875 2.625 17.1875
-7.25 1.1875 9.75
-7.9375 0.125 -0.125
-7.875 0.125 0.0625
-7.9375 0 0.0625
-8 0.125 0
-7.875 0 -0.0625
-7.75 0 0
-7.875 0.125 0.125
-7.9375 0 0
-7.875 -0.0625 0.125
-7.8125 0.125 -0.0625
-7.9375 0 -0.25
-8.125 -0.25 -3.6875
-8 -0.3125 -3.5625
-7.9375 0.125 -0.125
-7.4375 -0.4375 0.1875
-7.375 -0.0625 0.4375
-7.75 -0.0625 1.6875
-7.6875 -0.3125 1.1875
-7.6875 -0.0625 0.0625
-7.8125 -0.125 0.0625
-7.75 0 -0.0625
-7.6875 0.125 0
-7.5625 -0.0625 -0.0625
-7.5625 0 -0.1875
-7 -2.4375 -17.9375
-7.125 -1.9375 -15.8125
-7.1875 -1.5625 -13.125
-7.5625 -0.75 -6.6875
-7.5625 -1 -7.625
-7.75 -1.1875 -9.9375
-7.625 -1.375 -11.8125
-6.1875 -1.125 -8.5
-9 -1.3125 -10.8125
-6.3125 -0.5 -4.375
0.9375 -0.6875 -5.5
-1.0625 -2 -13.5625
-6.25 -2 -16.4375
-4.0625 -0.75 -7.25
-3.25 -0.5 -3
-1.125 -0.5 -2.8125
-1.875 -0.0625 -1.75
-5.6875 0.0625 -0.0625
-7.625 0.0625 -0.0625
-6 0.25 0
-6.8125 0 0
-3.5625 0.0625 0
4.9375 -0.25 -0.3125
2.6875 -0.5625 -2.25
6 -1 -7.1875
7.75 -0.9375 -5.625
4.3125 -1.375 -10.1875
5.9375 -1.375 -8.6875
6.875 -0.5 -3.25
2.25 -0.25 -1.5
-1.0625 0 -0.625
7.375 0.125 -0.375
27.8125 0.1875 -0.1875
32.25 0.125 -0.3125
25.6875 0 -0.25
15.125 0.0625 -0.375
-2.375 -2.8125 -14.375
2.9375 -2 -10.1875
1.1875 -2 -9
-1.9375 -1.9375 -10.375
0.9375 -1.4375 -6.5625
2.625 -0.625 -2.75
-1.4375 0.0625 -0.25
-2.9375 0.0625 0
3.75 0.125 -0.1875
12.375 -0.0625 -0.1875
11.5 0.0625 -0.125
2.4375 0 -0.1875
-4.125 0.0625 -0.125
-10.8125 0 -0.5
-17.125 -1.0625 -4.8125
-17 -0.125 -1.375
-26.5 0 -0.125
-31.0625 0 -0.0625
-43.3125 0 0.25
-49 0 0.1875
-48 0.1875 0.125
-38.375 0.1875 0.1875
-34.9375 0.25 0.3125
-40.4375 0.1875 0.25
-46.25 0.25 0.3125
-61.0625 0.1875 0.375
-57.0625 0.375 0.4375
-8.3125 0.125 0
-8 0.25 0.0625
-8.0625 0.1875 0
-8.125 0 0.1875
-7.875 0.25 -0.0625
-7.8125 0.3125 0.125
-7.75 -0.125 0
-7.75 0.25 -0.0625
-7.75 0.0625 -0.0625
-7.6875 0.125 0
-8 0.0625 -0.0625
-8.125 0.0625 0
-8 0.1875 0
-8.0625 0.1875 0.0625
-8 0 0
-8 0.0625 0.0625
-7.875 0.0625 -0.0625
-8.1875 0.1875 0
-7.9375 0.25 0.125
-7.875 0 0
-7.875 0.125 0
-7.875 0 0.125
-7.9375 0.125 0
-7.8125 0.125 0
-7.875 0.0625 0.0625
-7.8125 -0.25 0.1875
-7.8125 0 0.25
-8.125 0.625 2.875
-8.0625 0.375 1.5625
-8.4375 0.375 0.1875
-8.3125 -0.0625 -0.1875
-8.125 0.1875 -0.3125
-8 0.0625 -0.4375
-7.875 0.0625 -0.1875
-7.8125 -0.125 0
-8 0.0625 0.0625
-7.875 0.0625 0
-7.875 0.0625 -0.125
-7.9375 0.0625 0.125
-8 0.1875 0.0625
-8 0 0.0625
-7.875 0.0625 -0.0625
-7.875 0 0.125
-8.0625 0.125 0.1875
-7.9375 0.1875 0
-7.875 0.25 0
-8.125 0.25 -0.0625
-8 0.0625 0.0625
-7.9375 0.3125 0.0625
-8.0625 0.0625 0.1875
-7.9375 0.1875 0
-8.1875 0.1875 0
-8 0.1875 -0.0625
-8.3125 0.25 0.0625
-9 0.875 -0.0625
-11.8125 3.75 -0.5625
-11.4375 3.5625 -0.5
-12.5625 4.3125 -0.5
-11.4375 3.3125 -0.3125
-8.8125 0.5 -0.125
-7.375 -1.0625 -1.6875
-7.6875 -1.875 -5.3125
-7.4375 -1.9375 -1.875
-9.5 -1.4375 -1.3125
-9.6875 -4.125 -1.25
-9.5 -4.5 -0.5
-13 -5.75 0
-14.625 -4.625 1.8125
-11.375 -2.4375 2.8125
-10.125 -1.625 2.25
-24.75 -4.8125 0.1875
-30.5 -7.75 -2.8125
-28.3125 -7.4375 -3.5625
-24.5625 -10.5625 -6
-16.6875 -5.125 -0.4375
-8.375 1 1.4375
-10.6875 1.25 2.5
-15.25 -1.8125 0.4375
-14.8125 -0.4375 -1.5
-7.375 5.875 0.3125
-7.375 6.3125 3.625
-12.6875 1.375 1.4375
-13.75 1.0625 -0.75
-12.5 0.625 -1
-10.5 0.875 -0.5625
-8.8125 1.75 0.8125
-9.8125 0.5625 4.0625
-17.125 0.5625 -1.5625
-16.75 1.625 -2.375
-9.0625 2.75 0.3125
-4.3125 2.8125 2.875
-5 2.25 2.875
-4.875 1.875 2.75
-7.1875 1.8125 0.625
-7.125 3.0625 1.625
-9.0625 2.5 2.75
-12.125 -0.0625 1.375
-14.1875 0.1875 0.6875
-14.125 -1.0625 -1.8125
-13.0625 -1.75 -2.875
-11.125 -1.4375 -2
-10.625 -0.4375 -0.6875
-14.1875 0.125 -0.9375
-9.5625 2.625 1.3125
-10.125 2.25 2
-13.4375 2.1875 3.4375
-23.0625 -0.0625 -2.75
-24.6875 -2.4375 -5.625
-11 2.9375 -3.3125
-6.5 4.4375 -1.3125
-5 3.875 1.6875
-8.1875 2.625 2.0625
-14.5625 0.25 1.25
-15.6875 1.25 1
-17.25 -0.625 -2.9375
-14 -2.375 -2.9375
-6.0625 -1.9375 0.8125
-8.1875 -3.375 0.875
-11.1875 -5.25 -0.4375
-12.375 -4.8125 0.25
-12.4375 -3.875 -0.25
-9.8125 -1.9375 -0.5
-9.1875 -2.75 0.5
-10.6875 -1.8125 0.4375
-11.125 -1.3125 -0.375
-9.8125 -0.125 -2.5
-7.875 1.625 -2.0625
-5 4.375 1.6875
-6.4375 4.375 3
-10.9375 1.625 1.4375
-13 0.875 -1.625
-11.5 0.3125 -2.9375
-9.875 1.5625 -1.75
-8.875 3.25 -0.8125
-8.4375 3.5625 1.5625
-11.375 2.5 2.0625
-11.625 1.3125 -0.3125
-8 1.4375 -0.125
-8.4375 -0.1875 -0.6875
-12 -0.8125 -4.9375
-10.6875 -1.9375 -3.125
-9.8125 -2.25 -0.9375
-9.0625 -2.75 0.6875
-10.3125 -1.6875 -1.25
-10.5 -0.875 -2.1875
-10.375 -1.125 -2.625
-9.9375 -0.375 -2.1875
-9.8125 0.0625 -1.3125
-11.6875 -0.625 -0.0625
-23.625 -1.6875 -3.375
-23.875 -3.1875 -4.75
-20.4375 -2.8125 -5.875
-14.3125 0 -0.4375
-10.75 1.125 -1.3125
-11.125 0.9375 -1.75
-15.5625 -1.5 -2.0625
-17.875 -2.6875 -3.4375
-17.8125 -0.75 0.75
-17.125 0.1875 2.625
-11.875 2.75 2.6875
-9.5 1.9375 0.75
-8.9375 2.125 -0.4375
-10.4375 1.9375 -0.25
-12.25 0.5625 -4.1875
-10.375 2.0625 -3.3125
-8.375 3.0625 -1.0625
-6.4375 1.3125 3.5
-7.875 -0.1875 3.75
-8.3125 -2.6875 2.3125
-9.9375 -3.4375 1.125
-9.875 -3.6875 -0.875
-9.9375 -2.8125 -0.375
-8.5 -0.9375 1
-6.625 -0.375 4.125
-9.1875 -1.75 2.25
-14.6875 -3.4375 -0.75
-16.375 -3.1875 -2.6875
-13.875 0.125 -1.875
-12.3125 0.5 -0.9375
-8.5625 2.3125 0.75
-8.1875 1.9375 0.625
-8.1875 2.25 2.3125
-11.6875 1.0625 1.625
-14.0625 0.5625 0.1875
-15.8125 -2.1875 -2.25
-12.375 -1.8125 0.1875
-9.8125 -1 0.125
-10.3125 -0.125 -0.5
-8.9375 0.5 -0.375
-8.5 -0.25 -0.125
-6.3125 0.125 0.5625
-4.375 0.25 1.4375
-3.5 -0.8125 1.25
-2.4375 -0.25 1.125
-5.6875 -1.1875 0.875
-6.9375 -1 -0.3125
-4.125 0.3125 0.4375
-3 -0.125 1.125
-2.0625 -0.8125 2.375
-3.6875 -2.9375 4.375
-2.8125 -3.5 2.625
-0.3125 -1.0625 1.125
-1.1875 -0.5 0.5
-4.875 -1 -0.9375
-5.6875 -0.3125 1.4375
-5.25 0.25 2.375
-6.5625 1.4375 2.125
-5.0625 3.0625 2.5625
-6.5 1.875 2.375
-9.0625 0.125 -0.5
-8.75 0.1875 -1.3125
-8.5 0.25 -1.625
-4.6875 1.75 0.5
-3.8125 0.25 1.375
-0.3125 -0.8125 4
-1.5625 -1.9375 3.625
-2.3125 -2.6875 2.125
-5.375 -4.3125 -0.1875
-6.3125 -4.875 -2.1875
-4.625 -3.9375 -1.625
-6.75 -3.625 0.125
-6.8125 -2.4375 0.125
-6.5 -0.875 0.625
-7 -1 0.1875
-5.875 0.25 0
-7.5625 0.1875 -1.625
-8.375 1.5 -1.5
-6.5 5.0625 -0.125
-4.5 5.3125 1.5
-4.375 5.4375 1.9375
-6.125 3.8125 0.5625
-5.3125 1.0625 -0.3125
-6.0625 -0.1875 -1.5
-7.5625 -1.4375 -0.5
-6.9375 -1.25 0.5
-6.3125 -0.4375 1
-6.0625 0.25 0.6875
-5.5 0.5625 1.375
-6.4375 -0.3125 1
-10 -2.0625 -0.4375
-8.75 -1.125 0.5625
-7.5625 -0.625 0.75
-3.5 1.875 2.3125
-5.125 0.25 -0.3125
-5.0625 0.3125 -0.8125
-6.375 -0.375 -1.6875
-8.75 -0.5 -2.25
-8.4375 0.5 -0.3125
-10.3125 -0.0625 -0.6875
-9.875 0.1875 -0.25
-9.3125 0.5625 -0.875
-7 1.625 -0.375
-7.8125 1.375 -1.25
-9.25 0.625 -3.1875
-10.375 -0.5625 -3.5625
-10.5 -0.875 -5.5625
-11.125 -0.4375 -3.75
-11.5625 -0.625 -3.25
-10.625 -0.9375 -2.1875
-9.875 -2.0625 -3
-8.8125 -2.8125 -2.9375
-8.3125 -2.8125 -2
-9.125 -4 -2.625
-12.1875 -8.3125 -3.3125
-15.8125 -11.3125 -0.6875
-15.6875 -10.5 16
-7.75 -4.3125 3.875
-8.4375 -4.6875 4.1875
-6.8125 3.5 3.1875
-7.125 1.4375 1.375
-9.6875 -8.0625 -3.9375
-7.625 -4.125 -4.25
-4 0.3125 -3.4375
-3.8125 1 -1.8125
-5.5 -3.375 -1.5
-6.5 -9.5625 -0.75
-7.25 -10.875 1.875
-8.9375 -5.875 5.125
-8 -2.8125 -1.3125
-8.8125 -0.75 -3.4375
-6.0625 1.75 -1.5
-5 3.75 1.125
-6 1.6875 -1.625
-5.6875 0.75 -2.375
-4.4375 -1.8125 0.3125
-6.3125 -3 1.6875
-8.4375 -3.4375 2.8125
-8.1875 -2.375 -1
-7.6875 -1.25 -3.875
-5.5625 -0.4375 -2.1875
-4.1875 -1.0625 -1.1875
-3.625 -1.375 -1.0625
-3.4375 -1.25 -2.0625
-2.125 -0.5625 0
-2.3125 -2.4375 4.8125
-2.3125 -5.25 3.4375
-2.5 -6.625 2.625
-3.6875 -5.6875 2.3125
-3.1875 -4.75 0
-1.375 -3.0625 2.375
-1.4375 -4.3125 5.0625
-0.375 -1.625 2.625
0.4375 0.125 2.4375
-1.0625 1.75 0.75
-3.8125 -2.25 -2.5
-5.6875 -5.5 -0.9375
-4.1875 -6.8125 0.9375
-4.625 -7.625 -1.1875
-3.6875 -4.25 -0.25
-3.8125 -2.5 0.8125
-4.75 -1.125 1.6875
-7 1.5 -1.6875
-6.625 2.9375 -1.0625
-8.4375 2.3125 0.25
-10.0625 1.8125 0.4375
-13.125 2.375 -1
-12 4 -5.375
-10.6875 5.5625 -4.25
-9.625 5.6875 -2.25
-9.8125 5.0625 -0.6875
-11.875 3.5625 -0.375
-13.0625 1.375 -0.875
-8.6875 0.75 -1.1875
-7.3125 0.625 -0.3125
-7.0625 -1.125 2.4375
-6.9375 -0.875 2.5
-6.8125 0.25 2.3125
-6.1875 2 2.375
-4.6875 3.125 0.9375
-3.875 2.75 1.75
-4.9375 1.875 1
-4.25 2.0625 0.9375
-3.125 3.1875 0.8125
-3.5 4.75 0.625
-3.5 3.875 0.625
-4.875 3 -0.4375
-6.125 2.0625 -1.5
-6.875 1.8125 -2.3125
-6.1875 4.5625 -2.5625
-4.25 3.75 -3
-4.25 3.4375 -3.25
-4.9375 -0.0625 -8.4375
-6.625 -0.375 -6.25
-3.5 0.6875 -6.875
-2.0625 2.3125 -5.25
0.75 3.9375 -2.5
3.4375 6 0.5625
4.9375 13.375 -5.875
8.0625 16 -13.625
6 6.5625 -14.5
-12.25 -13.3125 -25.5
-19.0625 -18.6875 -20.5
16.5625 2.25 45.8125
22.6875 4.25 51.5
12.625 9.75 64.375
34 -1.0625 56.875
33.1875 3.1875 48.875
3.9375 21.5 21.375
-1.5625 10.4375 2.3125
-10.1875 -4.25 0.375
-7.875 -0.3125 10.375
-2.75 8.5 0.125
-1.8125 10.1875 -1.25
-2.3125 9.5 0.75
-3.6875 7.25 28.6875
-6.0625 3.5625 8.375
-8.375 -0.6875 0.125
-8.5 -1 0.1875
-6.875 1.375 -0.0625
-5.3125 3.9375 -3.4375
-4.5625 6.1875 0.4375
-7.0625 8 49.0625
-3 16.625 131.8125
-40.125 -36.75 283.9375
-90.1875 -146.3125 368.6875
-35 -193.8125 364.625
118.5 -192.75 332.75
53.375 -92.875 162.5625
-29.75 -47.125 80.9375
-90.3125 -0.375 -39.375
-5.75 7.375 -79.5625
11.6875 -21.625 -77.8125
18.5625 -32.875 -37.8125
5.0625 -46.375 -14.8125
-6.1875 -56.25 9.625
29.75 -38 61.6875
22.4375 -52.3125 70.4375
9.625 -55.6875 63.5625
-5.8125 -51.9375 53.5
9.3125 2.375 41.0625
-12.1875 24.6875 12.1875
-16.4375 37.25 2.1875
-28.9375 28.1875 -6.5
-9.8125 0.5625 -1.3125
8.1875 -25.75 8.75
9.875 -31.1875 10.875
1.8125 -33.0625 8.9375
17.1875 12.5625 12.125
-17.3125 19.25 8.8125
-41.4375 25.25 10.6875
-34.375 24.375 18
-21.6875 15.625 25.1875
2.3125 -9.125 28.6875
5.25 -9.6875 17.375
-2.3125 -2.4375 9.5
-19.8125 5.25 -2.4375
-17.0625 2.5625 -2.875
-11.9375 -4.8125 -1.0625
0.1875 -7.25 5
-6.8125 -6.625 5.0625
-10.6875 -9.875 4.5
-10.375 -12.5 4.5
-0.875 -15.625 6.375
1.25 -18.625 6.125
1.8125 -21.6875 2.0625
3.125 -18.75 -2.5
-2.4375 -6.25 -10.125
-7.5625 0.5 -9.25
-14.9375 1.4375 2.0625
-11.8125 1.375 9.875
-4.25 2.3125 16.8125
-5.0625 1.25 14.375
-9.75 -0.4375 4.6875
-9.75 -0.6875 0.5
-6.75 -2.8125 -3.5
-5.25 -3.375 -2.875
-5.875 -4.25 -0.4375
-6.75 -3.4375 1
-8.3125 -0.4375 3.125
-8.125 0.9375 4.125
-8.5 0.625 5
-7.875 0.3125 4.9375
-6.125 1 -5.9375
-99.125 68.375 -27.625
-135.5625 59.6875 -6.5
-112.3125 57.75 38.4375
-24.75 -47.5 -23.3125
23.9375 -3.5625 71.75
-31 53.1875 -109.0625
-20.25 47.8125 -74.875
-14.8125 22.75 -43.0625
-19.3125 -8.3125 -34.0625
-16 -31.875 -1.375
-11.4375 -33.5625 16.5
-4.1875 -45.25 46.75
23.875 -32.4375 112.375
8.8125 -38.1875 85.75
-5.9375 -51.125 35.5625
-10.5 -31.5625 15.5
-7.3125 2.5625 -0.375
-6.6875 6.0625 -0.5625
-7.1875 2.875 -0.375
-8.5625 -3.4375 0.3125
-9.9375 -9.375 0.875
-8.875 -4.625 0.4375
-7.6875 0.875 -0.125
-7.625 1.4375 -0.0625
-8.1875 -1.3125 0.125
-8.6875 -3.75 0.4375
-8.5625 -3.125 0.25
-8 0.25 0
-7.75 0.1875 -0.0625
-8 -0.75 0.0625
-8.375 -2 0.25
-8.125 -1.6875 0.125
-7.8125 -0.6875 0.3125
-7.5625 -0.3125 0.75
-7.375 -0.8125 1.6875
-7.4375 -0.625 1.875
-7.1875 -0.4375 2.125
-7.25 -0.0625 2.25
-7.375 -0.3125 1.6875
-7.875 -0.625 0.5
-7.9375 -0.875 0.25
-8 -1.0625 0.5
-7.5625 -0.3125 1.4375
-6.9375 0.4375 2.75
-7.375 -0.375 1.8125
-7.9375 -0.375 0
-8.125 -0.8125 0.1875
-8 -1.0625 0.375
-8 -0.625 0.1875
-8 -0.5 0.25
-7.9375 -0.375 0.125
-8.125 -0.5625 0.3125
-7.9375 -0.625 0.3125
-7.9375 -0.875 0.5
-8.125 -0.8125 0.3125
-8 -0.5 0.25
-7.8125 -0.5 0.125
-7.9375 -0.75 0.25
-7.9375 -0.5625 0.1875
-7.875 -0.1875 0.375
-7.5625 -0.25 0.375
-7.75 -0.6875 0.6875
-7.9375 -0.75 0.6875
-7.6875 -0.625 0.875
-7.625 -0.5 0.75
-7.6875 -0.0625 0.4375
-7.9375 -0.5 0.1875
-8.0625 -0.6875 0.1875
-7.8125 -0.4375 0.4375
-7.625 -0.25 0.625
-7.9375 -0.5 0.375
-7.5625 -0.1875 0.5
-7.6875 -0.5 0.75
-7.625 -0.5625 1
-7.4375 -0.3125 1.3125
-7 -0.25 1.9375
-6.5 0.1875 3.75
-6.6875 -0.375 3.25
-7.375 -0.8125 1.875
-7.8125 -0.3125 0.8125
-7.6875 -0.25 0.9375
-7.3125 0.1875 1.5
-7 0.125 2.5625
-6 0.3125 4.6875
-6.3125 0.0625 4
-6.4375 0.4375 3.625
-7.0625 -0.375 2.375
-7.8125 -0.6875 0.125
-7.9375 -0.5 0
-8 -0.6875 0.125
-8.0625 -0.625 0.125
-7.9375 -0.6875 0
-7.8125 -0.3125 0.125
-7.875 -0.25 0.0625
-7.9375 -0.6875 0.0625
-8.0625 -0.5625 0.0625
-7.9375 -0.5625 0.0625
-8 -0.4375 0.0625
-8.0625 -0.4375 0.0625
-7.875 -0.625 0.0625
-7.875 -0.625 0.0625
-7.9375 -0.375 -0.0625
-7.9375 -0.4375 -0.0625
-7.875 -0.4375 0
-7.875 -0.4375 0
-7.875 -0.75 0
-7.9375 -0.4375 0.125
-7.9375 -0.25 0.1875
-7.875 -0.375 0.0625
-7.875 -0.375 0.1875
-7.75 -0.4375 0.4375
-7.6875 -0.1875 0.875
-6.9375 0.25 1.875
-5.25 1.125 6.125
-5.375 0.5625 6.5
-7.125 -0.0625 2.5625
-7.75 -0.625 0.6875
-7.9375 -0.25 0
-7.9375 -0.125 0.125
-7.9375 -0.4375 0.25
-7.875 -0.6875 0.3125
-8 -0.4375 0.3125
-8.125 -0.1875 0.125
-8 -0.25 0.25
-7.75 -0.1875 0.25
-7.8125 -0.5 0.5
-7.875 -0.4375 0.3125
-8 -0.3125 0.0625
-7.875 -0.25 0.1875
-7.9375 -0.375 0.1875
-7.875 -0.375 0.3125
-7.9375 -0.5625 0.1875
-7.875 -0.375 0.4375
-7.8125 -0.375 0.1875
-7.8125 -0.25 0.125
-7.75 -0.1875 0.5
-7.6875 -0.125 0.8125
-7.3125 -0.1875 1.125
-6.9375 0.25 1.8125
-7.4375 -0.3125 1.0625
-7.75 -0.1875 0.5625
-7.9375 -0.6875 0.0625
-7.9375 -0.625 0.1875
-7.875 -0.25 0.1875
-7.9375 -0.3125 0.0625
-8 -0.3125 0.125
-7.9375 -0.5625 0.3125
-7.8125 -0.625 0.5
-7.875 0 0
-7.8125 0.25 -0.0625
-7.875 0.125 -0.125
-8.125 -0.75 0
-8.0625 -0.8125 0.0625
-7.875 -0.375 0.125
-7.875 0.0625 0.0625
-7.8125 -0.25 0.125
