0 0 0
6.56 -3.58 -4.51
6.55 -3.55 -4.54
6.56 -3.54 -4.54
-0.45 0.25 -0.37
-0.46 0.24 -0.36
-0.44 0.26 -0.33
-0.46 0.28 -0.31
-0.46 0.28 -0.31
-0.46 0.3 -0.29
-0.44 0.31 -0.29
-0.45 0.33 -0.28
-0.46 0.33 -0.32
-0.46 0.36 -0.25
-0.47 0.37 -0.25
-0.45 0.37 -0.25
-0.45 0.37 -0.25
-0.46 0.39 -0.24
-0.44 0.4 -0.25
-0.45 0.39 -0.23
-0.45 0.43 -0.19
-0.45 0.42 -0.24
-0.44 0.44 -0.22
-0.43 0.44 -0.19
-0.46 0.44 -0.18
-0.46 0.46 -0.18
-0.44 0.47 -0.18
-0.45 0.47 -0.17
-0.46 0.49 -0.18
-0.45 0.49 -0.16
-0.46 0.49 -0.15
-0.46 0.52 -0.15
-0.48 0.53 -0.13
-0.45 0.52 -0.15
-0.46 0.54 -0.14
-0.44 0.53 -0.15
-0.45 0.55 -0.13
-0.45 0.55 -0.11
-0.46 0.56 -0.13
-0.45 0.56 -0.09
-0.45 0.55 -0.1
-0.46 0.57 -0.12
-0.44 0.58 -0.11
-0.46 0.6 -0.09
-0.44 0.6 -0.08
-0.45 0.58 -0.09
-0.46 0.58 -0.08
-0.45 0.59 -0.08
-0.45 0.6 -0.05
-0.45 0.61 -0.06
-0.45 0.6 -0.1
-0.45 0.61 -0.07
-0.45 0.64 -0.05
-0.45 0.62 -0.03
-0.46 0.61 -0.05
-0.45 0.65 -0.05
-0.43 0.64 -0.07
-0.45 0.63 -0.09
-0.46 0.63 -0.04
-0.45 0.65 -0.03
-0.44 0.63 -0.07
-0.45 0.65 -0.04
-0.45 0.64 -0.02
-0.47 0.66 -0.03
-0.46 0.67 -0.02
-0.44 0.65 0
-0.44 0.65 -0.03
-0.45 0.67 -0.03
-0.44 0.66 -0.01
-0.44 0.67 -0.01
-0.46 0.66 -0.03
-0.45 0.69 -0.04
-0.45 0.69 -0.01
-0.45 0.69 -0.04
-0.44 0.69 0.02
-0.46 0.67 0
-0.45 0.67 -0.04
-0.45 0.68 -0.01
-0.45 0.67 -0.01
-0.46 0.68 -0.01
-0.45 0.67 0
-0.44 0.7 -0.03
-0.65 1.69 1.23
0.95 -0.58 -1.02
-0.41 -0.39 1.02
-0.23 0.79 -2.43
1.31 0.22 -0.58
-0.06 -0.05 -0.48
-0.91 0.32 0.19
-1.53 -0.56 0.1
-1.39 -0.16 0.71
-1.01 0.14 0.37
-0.13 1.51 -0.17
0.18 1.88 -0.33
0.23 1.91 -0.37
-0.05 1.38 -0.43
-0.75 0.43 -0.05
-0.36 1.14 0.32
-0.48 1.02 0.48
-0.51 0.9 0.32
-0.43 1.01 0.1
-0.46 0.93 0.01
-0.49 0.87 0
-0.44 0.98 0.04
-0.52 0.9 0.29
-0.51 0.94 0.31
-0.49 0.93 0.16
-0.51 0.89 0.13
-0.43 0.91 0.03
-0.45 0.91 0.16
-0.58 0.77 0.2
-0.4 0.98 0.13
-0.6 0.37 -1.12
-0.47 0.97 -0.05
-0.49 0.93 -0.11
-0.38 1.17 0.24
-0.54 1.04 0.57
-0.64 1.05 0.64
-0.56 0.93 0.29
-0.58 0.82 0
-0.53 0.07 -0.05
-0.33 1 0.04
-0.54 1.18 0.07
-0.68 1.12 0.03
-0.5 0.97 -0.11
-0.52 1 0.07
-0.41 1.05 0.21
0.29 0.79 0.01
-0.59 0.69 0.23
-0.7 1.11 0.62
-0.48 0.67 1.19
-0.2 0.61 0.68
-0.32 0.93 0.21
-0.22 1.2 0.27
-0.2 1.66 0.12
-0.27 1.78 0.07
-0.84 1.02 0.34
-1.49 0.01 1.23
-1.5 0.21 0.93
0 2 0.38
0.02 1.95 0.63
-0.48 1.94 0.39
-1.32 0.5 -0.18
-0.73 2.1 -0.02
-1.25 1.08 0.64
-1.36 0.45 0.45
-1.22 0.8 0.24
0.41 2.95 1.06
0.06 2.37 -0.99
-0.51 1.57 0.11
-0.45 1.8 0.67
-1.3 0.65 1.09
0.79 2.17 -0.03
-0.61 1.94 1.57
0.68 0.38 1.41
-0.04 0.96 0.92
-0.63 2.01 -0.08
-0.31 2.29 -0.33
-0.68 1.92 0.33
-0.76 1.88 0.11
-0.77 1.25 0.67
-1 1.2 1
-0.84 1.56 0.8
-0.6 1.71 0.41
-0.55 1.75 0.38
-0.15 2.05 0.57
-0.35 2.08 0.37
-0.5 2.09 0.31
-0.38 2.1 0.33
-0.86 1.63 0.51
-0.36 2.07 0.61
-0.29 2.2 0.88
-0.38 1.53 1.2
-0.3 1.99 0.84
-0.5 1.5 1.07
-0.53 1.3 0.98
-0.49 1.56 0.86
-0.44 1.56 0.78
-0.46 1.73 0.92
-0.57 1.73 1.08
-0.7 1.79 0.98
-0.87 1.93 1.06
-0.5 1.77 0.95
-0.15 2.01 1
-0.13 1.81 0.91
-0.45 1.75 1.1
-0.48 1.8 0.79
-0.34 1.73 0.72
-0.49 1.76 0.49
-0.75 1.8 0.5
-0.58 1.72 0.69
-0.12 1.71 0.61
-0.04 1.96 0.67
-0.37 1.51 0.38
0.04 1.86 0.61
-0.61 1.91 1
-0.78 1.91 1.1
-0.5 1.93 0.85
-0.4 1.68 0.78
0.13 1.76 0.92
-0.84 1.37 1.29
-0.58 1.82 0.98
-0.45 2.03 0.94
-0.69 0.91 1.73
-0.62 1.01 1.73
-0.09 2.73 1.49
-0.32 2.7 0.48
-0.17 2.44 0.6
-0.43 1.76 0.74
-1.13 1.17 1.7
-0.01 2.42 0.94
-0.2 2.27 0.76
-0.45 1.8 0.82
-0.24 2.06 0.59
-0.63 2.39 1.09
-0.77 2.27 1.22
-0.8 2.42 0.89
-0.68 2.16 0.74
-0.45 2.34 0.88
-0.6 1.66 1.39
0.04 2.35 1.43
0.05 2.68 1.64
-0.58 1.78 0.55
-0.33 2.43 0.95
-0.8 2.78 0.35
-0.63 2.69 0.3
0.04 2.79 0.79
-0.04 2.63 1
-0.48 2.75 0.86
-0.58 2.62 1.17
-0.52 2.17 1.45
-0.76 2.07 1.72
-0.51 1.79 1.9
-0.39 1.87 1.75
-0.48 2.16 1.68
-0.53 2.4 1.24
-0.44 2.38 1.22
-0.26 2.34 1.26
-0.36 2.76 0.95
-0.51 2.39 1.45
-0.53 2.1 1.61
-0.65 2.14 1.54
-0.54 2.27 1.63
-0.4 2.34 1.76
-0.42 2.32 1.76
-0.55 2.4 1.58
-0.4 2.48 1.35
-0.34 2.48 1.39
-0.17 2.43 1.42
-0.29 2.36 1.76
-0.39 2.42 1.7
-0.45 2.35 1.33
-0.52 2.1 1.42
-0.47 2.29 1.52
-0.8 1.95 1.77
-0.76 2.04 1.62
-0.46 2.26 1.35
-0.4 2.52 1.39
-0.3 2.45 1.37
-0.18 2.16 1.14
-0.22 2.11 1.01
-0.34 2 1.32
-0.45 1.95 1.42
-0.79 1.67 1.94
-0.71 1.42 1.93
-0.78 1.89 1.69
-0.75 2.52 0.95
-0.38 2.41 0.99
0.01 2.36 1.42
-0.5 2.28 1.56
-0.76 1.98 1.4
-0.88 2.15 1.33
-0.69 1.65 1.52
-0.86 1.68 1.79
0.02 3.78 1.65
-0.22 2.59 1.27
-0.15 2.45 1.38
-0.23 2.35 1.16
-0.32 2.48 1.01
-0.71 2.6 1.19
-0.79 2.12 1.63
-0.82 2.01 1.84
-0.43 2.4 1.59
-0.34 2.46 1.71
-0.46 2.55 1.58
-0.43 2.5 1.32
-0.38 2.49 1.31
-0.5 2.65 1.2
-0.41 2.41 1.16
-0.43 2.03 1.01
-0.44 2.08 1.13
-0.31 1.98 1.26
-0.31 1.88 1.49
-0.41 2 1.34
-0.82 1.43 1.72
-0.6 2.23 1.09
-0.47 2.29 1.08
-0.27 2.25 1.19
-0.12 2.19 1.34
-0.21 2.21 1.08
-0.38 2.48 1.18
-0.32 2.54 1.15
-0.28 2.65 1.02
-0.29 2.43 1.07
-0.02 1.95 1.13
0.15 3.02 1.58
-0.56 2.26 1.38
-0.67 2.19 1.75
-0.35 2.5 1.07
-0.19 2.5 1.45
-0.25 2.63 1.45
-0.57 2.08 1.3
-0.43 2.14 1.23
-0.39 2.3 1.25
-0.45 2.19 1.25
-0.39 2.25 1.3
-0.36 2.22 1.19
-0.41 2.1 1.1
-0.42 2 0.93
-0.39 2.03 0.97
-0.41 1.91 0.89
-0.66 1.49 0.74
-0.15 1.8 1.16
-0.26 1.83 1.27
-0.34 1.97 1.04
-0.62 1.13 1.23
-0.6 1.75 1.16
-0.42 2.16 0.88
-0.35 2.15 0.77
-0.27 2.43 0.93
-0.52 2.22 0.87
-0.46 2.05 0.84
-0.29 2.05 0.9
-0.27 1.97 1.03
-0.38 1.93 1.51
-0.74 1.79 1.33
-0.5 2 1.23
-0.32 1.76 1.62
-0.37 1.98 1.36
-0.37 2.15 1.63
-0.79 2.39 1.27
-0.4 1.47 1.41
-0.24 1.83 1.17
-0.35 0.84 1.43
-0.34 1.04 1.74
-0.44 2.15 1.12
-0.41 2.32 0.98
-0.34 2.37 1.18
-0.54 1.84 1.5
-0.96 1.39 1.27
-1.3 1.25 1.82
-0.98 1.8 2.01
-0.94 1.52 1.96
-0.57 2.09 2.13
-0.67 2.13 2.07
-0.48 1.81 2.4
-0.74 1.94 2.01
-0.73 1.76 2.07
-0.75 1.53 1.88
-0.75 1.88 1.67
-0.49 2.07 1.51
-0.37 2.24 1.62
-0.45 1.93 1.94
-0.36 1.39 2.18
-0.63 1.6 1.54
-0.38 1.42 1.66
-0.35 1.33 1.8
-0.74 1.52 2
-0.7 1.49 2.24
-0.24 1.5 2.53
-0.32 1.27 2.83
-0.37 1.49 2.71
-0.78 1.58 2.07
-0.59 1.82 1.83
-0.98 0.97 1.7
-1.13 1.77 1.63
-0.52 1.66 1.9
-0.3 1.61 2.17
-0.61 1.21 2.44
-0.62 1.49 2.02
-0.38 1.37 2.06
-0.08 1.23 2.61
-0.44 1.09 2.5
-1.13 1.12 2.16
-1.04 1.46 1.86
-0.83 1.5 1.88
-0.24 1.38 2.42
-0.25 1.27 2.6
-0.39 1.13 2.58
-0.29 1.26 2.55
-0.3 1.16 2.46
-0.42 1.04 2.23
-0.91 1.47 1.79
-0.78 1.33 1.94
-0.64 1.3 2.06
-0.33 1.32 2.21
-0.15 1.26 2.28
-0.45 1.21 2.15
-0.4 1.24 2.19
-0.13 0.82 2.44
-0.17 1.03 2.4
-0.28 1.03 2.08
-0.25 1.24 2.08
-0.42 1.17 2.22
-0.43 1.21 2.06
-0.32 1.15 1.88
-0.26 1.15 1.69
-0.43 1.26 1.44
-0.4 1.23 1.5
-0.22 1.14 1.81
-0.18 1.07 2
-0.74 1.11 1.81
-0.99 1.27 1.52
-0.33 1.05 2.35
-0.16 1.02 2.46
-0.1 1.01 2.45
-0.45 0.92 2.34
-0.57 1.03 2.19
-0.46 0.97 2.32
-0.3 0.97 2.41
-0.54 1.11 2.17
-0.54 1.03 2.01
-0.53 1.07 1.92
-0.34 1.12 1.92
-0.25 1 1.95
0.03 1.03 1.89
0.08 0.99 2.04
-0.29 1.07 1.79
-0.34 1.18 1.36
-0.24 1.15 1.36
-0.18 1.14 1.34
-0.12 1.12 1.56
-0.11 1.06 1.72
-0.22 1.05 1.8
-0.41 1.12 1.91
-0.45 1.14 1.94
-0.57 1.1 1.78
-0.42 1.14 1.78
-0.19 1.03 1.86
-0.32 1.02 1.92
-0.32 1 1.87
-0.37 1.05 1.81
-0.35 1.03 1.75
-0.27 1.08 1.49
-0.3 1.01 1.45
-0.34 1.22 1.17
-0.3 1.23 1.21
-0.19 1.12 1.32
-0.21 1.2 1.3
-0.17 1.17 1.35
-0.13 1.11 1.42
-0.24 1.2 1.18
-0.27 1.2 1.32
-0.27 1.21 1.14
-0.09 1.54 0.79
-0.21 1.53 1.07
-0.51 1.59 1.21
-0.34 1.78 0.88
-0.34 1.68 1.02
0 1.28 0.64
0.05 1.13 0.67
0.04 1.18 1.11
-0.09 1.04 1.31
-0.06 1.3 1.37
-0.21 1.25 2.08
0.07 1.21 2.06
0.17 1.18 1.85
0.43 1.39 1.29
0.55 1.64 0.22
-0.5 2.03 -0.44
-0.75 2.08 -0.53
-1.13 2.03 -0.54
-0.29 1.54 0.78
0.08 1.61 1.32
-0.03 1.66 1.22
-0.09 1.86 1.21
-0.31 1.95 1.41
0.04 1.8 1.27
0.17 1.7 1.18
-0.23 1.94 1.08
-0.39 1.78 0.82
-0.27 1.89 0.9
-0.34 1.78 0.87
-0.41 1.82 1.23
-0.32 1.73 1.26
-0.25 1.48 1.52
-0.11 1.56 1.67
0.06 2.07 1.84
-0.01 2.02 1.41
-0.22 1.98 1.44
-0.56 2.08 1.63
-0.62 1.97 1.74
-0.18 2.17 1.81
-0.06 2.25 1.28
-0.07 2.36 1.17
-0.46 2.74 1.01
-0.06 1.79 2.26
0.42 2.69 1.58
0.26 2.51 1.69
0.13 2.5 1.31
0.08 2.6 1.35
-0.53 2.71 0.75
-1.59 2.69 0.55
-0.98 1.24 0.2
0.74 2.6 0.93
1.13 2.95 1.54
0.95 2.75 1.43
0.17 1.06 2.75
0 0.48 3.92
-0.17 2.03 2.45
-0.58 2.3 1.89
-0.73 2.49 0.65
-0.67 2.52 0.04
-0.12 2.69 0.94
0.19 2.41 1.18
-0.09 2.32 1.74
0 2.68 1.37
-0.11 2.75 1.1
-0.11 2.74 0.99
-0.35 2.41 1.36
-0.42 2.77 1.54
-0.25 2.93 1.31
-0.1 2.44 1.24
-0.3 2.4 1.38
0.1 2.25 1.86
0.22 2.42 1.92
0.32 2.16 1.88
0.07 2.45 1.38
0.05 2.65 1.54
-0.52 2.71 1.43
-0.5 2.72 1.29
0.06 2.39 1.63
0.11 2.6 1.66
-0.17 2.72 1.48
-0.41 2.98 1.68
-0.79 2.98 1.98
0.2 1.87 1.58
1.12 1.69 1.22
0.12 2.23 1.72
-0.24 3.23 2.29
0.64 3.01 1.89
-0.07 2.64 1.35
0.15 2.29 1.56
-0.63 1.85 0.88
-0.55 2.52 0.59
-0.37 2.98 1.98
-0.91 3.07 3.05
-1.61 2.95 3.21
1.92 2.08 2.85
0.09 2.81 2.73
1.75 3.09 0.26
0.75 3.3 -0.77
0.49 3.38 0.75
0.48 3.45 1.12
0.32 3.3 1.34
-0.24 2.74 2.31
-0.47 2.36 2.45
-0.56 2.28 2.63
-0.58 2.14 2.47
-0.53 2.21 2.39
-0.18 2.68 2.06
0.02 2.89 1.81
-0.05 2.87 1.74
-0.04 2.8 1.74
-0.05 2.76 1.8
-0.18 2.64 2.11
-0.24 2.56 2.12
-0.3 2.5 2.21
-0.24 2.58 2.18
-0.19 2.63 2.09
-0.2 2.59 1.96
-0.1 2.66 1.73
-0.14 2.61 1.81
-0.3 2.27 1.66
-0.58 1.93 1.96
-0.23 2.6 2.24
-0.01 2.9 2.03
0.02 2.97 2
-0.27 2.41 1.9
-0.2 2.5 1.96
-0.22 2.53 1.99
-0.26 2.41 2
-0.21 2.5 1.91
-0.14 2.59 1.88
-0.4 2.08 1.77
-0.47 1.97 1.71
-0.27 2.28 1.69
-0.28 2.23 1.65
-0.29 2.12 1.49
-0.37 2 1.54
-0.48 1.85 1.76
-0.44 1.83 1.63
-0.45 1.94 1.99
0.26 2.81 0.96
-0.37 1.35 0.21
0.56 3.08 0.54
-0.04 1.92 0.23
0.41 1.51 1.07
0.2 2.2 1.31
0.06 2.19 1.81
-0.25 0.55 2.61
0.15 1.71 1.34
0.31 1.82 1.19
-1.03 1.67 1.54
-0.24 2.02 1.98
-0.05 2.84 0.88
-0.22 2.54 1.24
-0.81 2.35 0.73
-0.38 2.02 0.34
-0.03 1.97 -0.12
0.42 2.43 0.55
0.16 3.29 1.35
-1.77 2.31 2.47
-1.1 2.33 2.37
-0.67 2.03 2.38
0.11 2.61 1.21
-0.47 2.27 1.39
-0.57 2.42 1.81
-0.74 2.51 1.7
0.09 4.15 1.79
-0.98 3.09 3.09
0.34 3.38 0.57
1.01 2.86 0.3
-1.23 2.19 1.78
0.53 2.89 1.97
0.4 3.1 2.12
0.08 1.25 1.24
0.21 2.38 0.99
0.46 1.41 2.09
0.32 1.74 1.86
-0.39 2.48 1.91
-0.55 2.34 1.95
-0.54 2.37 1.81
-0.37 2.65 1.86
-0.32 2.58 1.57
-0.37 2.5 1.35
-0.46 2.5 1.19
-0.06 3.19 1.65
-0.26 2.93 1.61
0.04 3.54 1.61
-0.25 3.31 2.32
-0.64 2.74 3.09
-0.88 2.41 3.06
-2.27 0.7 4.9
-1.72 0.94 2.2
-0.43 2.68 1.09
-0.12 3.27 0.96
0.35 3.53 0.21
0.52 3.48 0.53
0.41 3.33 1.09
-0.06 2.85 2.26
-0.06 2.51 2.32
-2.86 1 5.26
-0.08 2.32 -0.09
-0.62 2.63 2.48
-0.57 2.82 2.6
-0.42 2.91 2.07
0.2 3.13 1.07
0.89 3.46 -0.66
1.08 3.59 -0.76
0.48 3.41 1.57
-0.77 1.78 2.5
-1.07 0.53 3.29
0.74 0.86 3.99
-0.7 0.61 3.2
-0.71 1.32 2.51
-0.57 1.78 2.02
-0.54 1.63 1.81
-0.23 2.13 1.96
-0.22 1.54 2.14
-0.55 1 5.37
-1.33 0.44 4.46
-0.33 2.78 0.83
-0.64 2.28 0.79
0.36 4.13 -0.18
-0.63 1.96 1.72
-0.41 0.89 3.16
-2.84 1.08 3.42
-1.5 1.51 2.36
0.83 2.8 1.04
0.17 2.28 0.88
0.02 2.44 1.91
-1 0.74 2.31
-1.07 0.73 2.64
-0.89 1.24 3.18
-1.02 0.92 2.74
-0.63 1.35 2.01
-0.16 2.3 2.47
-0.74 1.39 3.47
-0.47 1.16 0.66
-0.57 1.16 2.24
-0.25 1.8 2.71
-0.21 1.84 2.76
-0.02 1.99 2.14
-0.41 1.38 3.14
0.13 1.5 0
-1.04 -0.08 3.07
-0.63 0.72 2.7
0.02 1.36 5.13
2.75 -2.01 0.72
2.93 -0.69 4.15
3.64 -0.44 2.88
3.61 0.11 1.47
2.69 -0.02 3.5
0.97 1.28 0.66
-0.62 1.46 3.12
-1 1.94 3.29
-1.09 1.44 3.7
-1.08 2.01 2.83
-0.27 0.9 1.18
0.18 -0.17 1.15
-0.07 0.54 0.81
-1.12 0.11 2.17
-2.89 2.88 3.41
-2.74 2.01 3.41
-2.63 1.51 3.75
-2.02 0.33 5.56
-1.12 0.04 2.77
-0.27 0.18 2.15
0.05 -0.06 2.44
0.05 -0.2 2.61
-0.51 0.26 2.34
-0.52 1.19 1.97
-0.39 5.22 -0.82
1.93 -0.5 3.16
-0.03 2.76 3.09
-0.11 1.26 3.96
-0.53 -1.46 4.16
-1.12 0.01 5.47
-0.85 0.45 5.26
0.66 1.03 3.18
0.98 1.06 2.68
0.1 1.6 2.97
-0.26 1.75 2.93
0.17 0.84 2.68
0.2 0.32 2.73
0.33 -0.93 3.56
-0.75 2.79 2.83
-0.71 2.94 2.7
-0.72 2.78 2.12
-0.74 1.75 2.39
-0.49 0.16 2.44
0.87 -2.35 2.6
1.58 -1.89 1.95
0.32 0.25 2.35
-0.48 1.62 2.44
-0.99 3.4 2.3
-2.09 4.37 2.73
-2.34 2.91 3.06
-1.76 1.9 2.37
-1.42 2.31 2.09
-0.96 1.77 1.79
-0.58 2.17 1.7
-1.09 2.26 2.57
-1.33 1.8 3.53
-1.49 1.02 4.76
-1.49 0.72 4.88
5.6 0.46 -1.17
4.86 0.8 6.43
1.68 7.5 8
-3.19 11.87 7.34
-0.12 2.02 3.54
-6.63 7.74 4.3
1.68 -3.35 4.32
-0.75 2.67 4.5
-0.04 2.26 3.39
0.9 1.8 1.85
0.76 1.75 1.53
0.67 2.53 2.26
0.49 3.11 2.37
0.48 3.85 3.64
1.09 3.14 3.7
0.14 2.34 3.14
0.14 1.32 3.12
0.03 0.72 2.49
1.15 1.2 1.48
1.16 2.33 1.41
1.47 3.28 1.34
1.27 3.4 1.64
0.11 2.94 2.95
-1.84 3.82 3.33
0 3.4 9.37
0.11 2.25 3.16
-0.46 2.91 4.39
-2.92 1.97 4.2
-0.36 2.26 3.45
-1.13 1.53 2.2
-0.99 2.26 2.71
-0.48 2.88 4.01
-0.33 2.89 3.88
-1.68 2.17 4.44
-0.99 2.26 4.26
0 4.16 3.15
-0.01 1.47 2.97
0.42 0.96 3.26
0.3 2.08 2.37
-1.38 2.43 2.99
-0.86 2.6 3.81
-0.57 2.44 4.33
0 1.66 2.56
-0.97 1.4 2.57
0.62 2.19 5.03
-0.39 1.15 3.01
-1.5 3.76 4.59
-1.36 2.54 4.89
-0.61 1.4 3.85
-1.41 2.22 3.33
-0.41 0.4 4.41
0.26 2.3 4.78
-5.77 1.54 4.59
-3.13 2.51 2.49
-2.26 2.25 2.58
0.84 3.93 3.11
-0.02 2.15 3.82
-1.08 2.89 2.93
1.04 2.59 2.95
-2.56 2.73 3.71
-1.38 2.43 3.47
-2.23 2.75 2.68
-2.41 2.61 2.66
-2.9 2.62 3.1
-1.5 -1.13 3.99
-0.9 5.05 1.45
-2.26 6.06 5.37
-1 5.41 7.63
-2.41 2.5 2.34
-2.02 4.62 2.96
-2.12 4.88 3.03
-2.45 4.83 2.91
-1.83 4.28 1.66
-1.9 4.42 2.63
-1.59 5.09 2.88
-1.5 5.45 3.04
-1.72 4.46 2.77
-2.25 3.7 1.32
-1.31 3.01 2.18
-1.59 4.1 2.6
-1.93 4.38 3.05
-1.93 4.18 2.68
-1.51 4.25 2.51
-2.2 4.31 2.86
-2.14 4.23 2.48
-1.89 4.52 2.68
-1.61 4.04 2.96
-3.76 5.05 2.52
-1.61 4.3 2.98
-3.42 5 2.67
-1.73 4.38 2.75
-1.96 4.14 2.37
-1.83 3.71 2.3
-2.02 4.21 2.53
-1.98 4.34 2.81
-2.3 4.38 2.87
-2.27 4.54 3.18
-2.13 4.49 3.11
-1.93 4.15 2.82
-2.19 3.88 2.5
-2.08 4.36 2.88
-1.96 3.88 2.79
-2.56 3.73 2.57
-2.27 4.5 2.86
-2.45 4.86 3.08
-2.43 3.79 2.99
-2.38 4.31 2.95
-2.27 4.31 2.83
-2.51 4.42 2.8
-2.03 3.96 2.49
-2.2 4.25 2.7
-2.29 4.43 2.55
-2.51 4.58 2.78
-2.62 4.2 2.64
-2.49 3.47 2.28
-2.18 2.97 2.18
-3.04 4.66 3.56
-2.58 3.8 2.68
-2.65 6.97 2.5
-2.4 4.39 2.5
-3.31 5.38 1.08
-1.89 5.06 3.9
-2.67 3.01 1.55
-4.2 4.53 2.25
-1.98 3.19 1.83
-2.22 5.27 2
-3.02 4.29 2.19
-3.47 3.98 2.57
-4.93 4.65 2.15
-5.06 4.96 2.7
-5.44 4.26 2.26
1.79 6.81 3.4
-3.01 3.34 2.09
-3.29 3.48 1.7
-1 3 1.51
-3.02 3.88 0.74
-3.46 4.69 1.64
-3.09 4.39 2.43
-2.08 5.12 1.4
-1.93 3.7 2.47
-2.56 4.44 1.79
-1.98 5.17 2.09
-2.93 5.42 1.34
-1.57 4.42 2.79
-3.09 5.87 1.18
1.2 4.37 0.3
-2.55 5.69 2.31
-2.41 4.69 2.22
-2.34 5.1 2.75
-2.16 5.53 2.09
-2.31 5.56 2.61
-2.73 5.02 2.15
-2.28 8.1 1.83
-3.43 4.37 2.08
-2.42 4.7 2.25
-2.89 5.66 2.14
-1.99 6.37 2.02
-2.52 5.77 0.22
-2.23 5.05 3.61
-2.3 5.76 1.04
-1.71 4.5 1.99
-2.75 6.39 0.61
-2.02 5.29 1.36
-2.53 5.79 1.55
-1.93 5.16 1.46
-2.47 5.32 1.12
-2.23 5.76 1.21
-2.68 5.61 1.37
-3.03 5.61 1.36
-3.48 5.64 1.57
-3.31 5.91 1.98
-2.51 4.76 1.41
-3.27 5.17 1.22
-2.4 5.4 1.66
-2.63 4.43 0.94
-3.43 5.31 1.28
-4.55 5.38 1.24
-3.83 5.3 1.11
-1.58 4.83 1.26
-1.9 5.66 1.64
-3.93 4.42 1.04
-4.19 4.49 1.01
-4.54 4.83 1.06
-4.02 5.09 1.29
-2.7 4.95 1.06
-4.33 4.55 0.99
-4.76 4.04 1.16
-4.36 4.1 1.31
-3.86 4.34 1.17
-4.44 4.18 1.27
-4.45 3.96 1.37
-4.51 3.96 1.11
-3.97 4.61 1.5
-4.89 3.76 1.83
-4.55 3.76 1.12
-3.67 4.3 0.41
-4.14 3.4 1.53
-4.22 3.94 1.5
-3.98 4.1 1.48
-5.33 3.01 1.76
-4.27 4.05 1.46
-4.44 3.57 1.62
-4.57 4 1.55
-4.38 4 1.55
-4.26 3.83 1.45
-4.04 3.83 1.3
-3.96 3.6 1.2
-3.87 3.51 1.1
-3.69 3.34 0.95
-3.58 3.23 0.88
-3.27 3.15 0.7
-3.29 3 0.66
-3.1 2.97 1.14
-2.65 4.35 0.96
-3.52 3.21 0.35
-3.48 2.25 1
-3.68 2.69 0.5
-3.52 2.56 0.52
-3.56 2.61 0.44
-6.5 1.15 0.71
-5.26 0.89 0.68
-2.68 3.73 0.24
-3.23 2.5 0.46
-3.88 2.85 0.37
-4.43 2.03 0.5
-3.85 2.48 0.57
-4.01 2.03 0.57
-3.72 2.07 0.48
-3.51 2.41 0.35
-4 0.73 0.7
-3.85 1.26 0.66
-4.15 1.93 0.56
-4.02 1.29 0.63
-4.21 1.89 0.54
-4.04 1.38 0.58
-3.5 1.35 0.48
-4.09 1.25 0.55
-4.21 -0.01 0.78
-4.67 1.69 0.09
-3.88 0.67 0.7
-4.03 0.76 0.6
-4.18 0.79 0.72
-4.09 0.65 0.52
-3.89 0.21 0.45
-3.43 0.04 0.49
-4.02 0.25 0.68
-3.62 0.01 0.62
-3.87 0.39 0.53
-4.06 0.38 0.59
-4.04 0.37 0.56
-3.93 0.22 0.55
-3.68 0.16 0.47
-3.06 0.38 0.42
-3.83 -0.23 0.51
-3.58 0.04 0.49
-3.5 -0.36 0.57
-3.41 -0.16 0.5
-3.43 0.18 0.47
-3.15 -0.39 0.53
-3.62 0.1 0.46
-3.7 0.32 0.47
-3.45 -0.06 0.44
-3.22 -0.07 0.34
-4.48 -0.38 0.49
-3.54 0.06 0.34
-4.01 -0.15 0.36
-3.29 0.04 0.34
-3.6 0.32 0.3
-3.14 0.03 0.26
-3.04 -0.07 0.29
-3.05 -0.04 0.27
-2.94 -0.1 0.26
-2.71 -0.19 0.25
-2.71 -0.04 0.14
-2.63 -0.04 0.13
-2.48 -0.01 0.11
-2.41 -0.04 0.05
-2.26 -0.02 0
-1.98 -0.12 0
-1.67 -0.42 0.01
-2.12 0.03 -0.02
-1.96 -0.07 -0.04
-2.16 0.15 -0.06
-2.14 0.13 -0.06
-1.94 0.02 -0.08
-1.92 0.13 -0.08
-1.84 0.07 -0.06
-1.19 -0.6 -0.07
-1.63 -0.06 -0.12
-1.57 -0.1 -0.1
-1.65 0.03 -0.13
-1.68 -0.23 -0.08
-1.6 0.12 -0.15
-1.52 0.09 -0.16
-1.67 0.54 -0.23
-1.47 0.07 -0.2
-1.31 0.11 -0.23
-1.21 0.17 -0.23
-1.12 0.11 -0.22
-1.18 0.22 -0.23
-1.15 0.18 -0.29
-0.27 -0.97 -0.16
-1.67 1.06 -0.33
-0.97 0.19 -0.29
-0.37 -0.57 -0.17
-1.34 0.66 -0.34
-1.52 0.72 -0.29
-1.15 0.33 -0.3
-0.99 0.17 -0.29
-1.04 0.34 -0.28
-0.73 0.01 -0.29
-0.92 0.34 -0.32
-0.46 0.04 -0.24
-0.67 0.33 -0.35
-0.97 0.06 -0.27
-0.89 0.2 -0.3
-0.85 0.29 -0.32
0.02 0.94 -0.39
-1.03 0.21 -0.27
-1.24 -0.04 -0.26
-0.74 0.11 -0.3
-0.75 0.47 -0.35
-1.58 0.78 -0.34
-0.75 0.32 -0.34
-0.64 0.89 -0.45
-0.97 0.2 -0.31
-0.86 0.33 -0.34
-0.83 0.36 -0.33
-0.8 0.4 -0.33
-0.77 0.38 -0.35
-0.74 0.37 -0.37
-0.6 0.34 -0.32
-0.75 0.74 -0.46
-0.26 0.29 -0.41
-0.36 0.18 -0.29
-0.58 1.63 -0.53
-1.09 -0.46 -0.39
-0.75 0.54 -0.35
-0.73 0.99 -0.5
-0.79 0.73 -0.45
-0.66 0.31 -0.24
3.06 3.24 -1.72
-1.53 -1.17 -0.17
-1.98 3.35 -0.8
-0.91 1.25 -0.41
-4.04 1.44 -0.37
-2.01 1.5 -0.45
1.15 -1.99 -0.12
3.64 0.01 -0.36
0.45 0.48 -0.39
-0.18 0.41 -0.37
0.45 1.76 -0.51
-0.03 1.87 -0.62
-0.87 2.65 -0.59
-0.6 -0.72 -0.27
-0.26 1.14 -0.46
-0.58 1.03 -0.44
-0.42 1.67 -0.53
-1.13 1.9 -0.51
0.16 1.97 -0.55
0.09 1.39 -0.4
-0.71 1.46 -0.53
-0.39 1.66 -0.53
-0.43 1.35 -0.43
-0.55 1.6 -0.43
-0.49 1.57 -0.47
-0.21 1.9 -0.51
-0.79 1.46 -0.43
-0.27 1.84 -0.47
-0.53 1.58 -0.62
-0.26 1.39 -0.33
-0.63 1.37 -0.46
-0.11 1.88 -0.41
-0.34 2.39 -0.55
-0.33 2.02 -0.46
-1.4 4.43 -0.83
1.12 -0.4 -0.8
0.1 2.23 -0.32
0.19 2.41 -0.19
-0.04 2.06 -0.59
-0.61 1.41 -1.2
-0.22 1.8 -0.35
0.32 2.23 -0.42
0.73 2.29 -0.26
1 2.81 -0.43
0.5 2.28 -0.32
-1.28 1.53 -0.33
0.48 2.64 -0.39
0.79 2.38 -0.37
-0.16 2.14 -0.37
0.6 2.41 -0.45
0.5 2.23 -0.5
0.91 2.55 -0.36
1.13 2.63 -0.36
0.36 2.35 -0.3
0.85 2.54 -0.36
1.11 2.58 -0.41
0.84 2.35 -0.49
0.45 2.26 -0.36
0.91 2.4 -0.41
0.37 2.19 -0.34
0.8 2.33 -0.35
1.14 2.35 -0.39
1.29 2.86 -0.42
-0.97 0.59 -0.22
0.08 1.81 -0.46
0.84 2.11 -0.49
0.91 2.22 -0.34
0.78 2.06 -0.5
5.25 3.81 0.18
-1.75 1.2 -1.18
0.94 2.31 -0.19
0.7 2.13 -0.37
1.04 2.26 -0.33
0.96 2.17 -0.34
2.32 2.62 -0.33
0.81 2.06 -0.37
0.29 1.89 -0.32
0.7 2.05 -0.29
0.92 2.14 -0.32
0.99 2.3 -0.31
1.09 2.21 -0.29
0.85 1.87 -0.35
0.95 2.04 -0.32
1.11 2.28 -0.34
1.2 2.47 -0.27
0.91 2 -0.32
0.92 2 -0.49
0.9 1.97 -0.44
0.8 1.75 -0.43
0.33 1.6 -0.31
1.22 1.88 -0.41
0.29 1.36 -0.33
0.94 1.71 -0.41
0.77 1.64 -0.4
0.62 1.48 -0.32
0.52 1.35 -0.37
0.82 1.81 -0.45
0.79 1.75 -0.45
0.74 1.62 -0.42
0.68 1.49 -0.39
0.61 1.4 -0.39
0.58 1.28 -0.4
0.58 1.27 -0.38
0.49 1.21 -0.4
0.49 1.21 -0.39
0.5 1.13 -0.39
0.48 1.12 -0.4
0.03 0.88 -0.37
0.23 1.03 -0.4
0.81 1.55 -0.42
0.76 1.13 -0.4
0.28 1.07 -0.4
0.83 0.89 -0.36
0.88 2.12 -0.4
0.52 1.36 -0.42
0.39 1.14 -0.39
0.38 1.13 -0.38
-0.07 1.57 -0.45
-0.49 1.41 -0.37
0.46 1.61 -0.33
1.62 1.3 -0.39
0.09 1.27 -0.35
-0.53 0.59 -0.3
1.7 2.77 -0.55
0.71 1.66 -0.42
0.39 1.71 -0.43
1.06 1.44 -0.39
1.18 1.66 -0.46
1.44 1.64 -0.41
-0.01 1.3 -0.35
0.03 1.08 -0.35
-1.22 1.26 -0.29
0.15 1.33 -0.43
-0.18 1.19 -0.42
1.4 1.73 -0.5
0.37 1.86 -0.49
1.92 1.25 -0.39
-0.32 2.31 -0.37
-0.88 1.81 -0.38
0.24 1.5 -0.2
0.25 1.61 -0.72
0.77 1.39 -0.33
0.19 1.37 -0.41
0.35 1.53 -0.42
0.62 2.29 -0.41
0.26 -0.55 -0.17
0.81 0.85 -0.35
0.63 1.49 -0.36
0.44 1.42 -0.34
0.8 1.62 -0.35
0.67 1.53 -0.38
0.21 1.73 -0.36
-0.21 1.51 -0.43
0.06 -0.04 -0.23
5.13 0.77 -0.37
0.69 0.61 0.12
-0.52 1.14 0.27
1.65 0.7 1.06
1.37 0.75 0.18
0.39 2.29 -0.05
0.26 1.14 0.01
-0.87 -0.92 0.46
1.46 -0.89 0.11
0.07 -2.01 -0.24
0.72 0.85 -0.7
1.89 2.12 -0.67
2.7 2.72 -0.28
0.67 2.2 -0.17
1.15 2.36 0.17
0.13 2.58 -1.17
0.92 2.62 1.21
1.64 1.88 -0.29
1.13 1.2 -0.22
1.42 1.62 -0.26
1.52 2.07 -0.27
1.08 1.98 -0.38
1.41 2.15 -0.41
1.03 0.86 -0.38
1.45 1.9 -0.54
1.29 0.33 0.24
-4.35 -3.95 2.78
-2.64 -5.12 3.87
12.28 28.29 -9.03
0.95 2.33 -0.24
1.33 1.48 -0.36
0.99 1.13 -0.41
1.25 1.46 -0.16
1.93 2.2 -0.17
1.57 2.21 0.07
1.7 2.04 0.13
1.43 1.98 -0.09
1.29 2.02 -0.29
2.22 2.06 0.18
1.48 0.98 -0.34
1.69 1.29 1.62
1.67 1.11 1.08
2.02 1.33 0.9
1.41 1.55 0.79
1.82 0.9 1.42
2.02 1.36 1.11
2.14 1.14 -0.11
1.7 1.22 0.13
2.03 1.09 0.26
2.04 0.73 0.46
1.88 0.54 0.03
1.46 0.81 0.7
1.85 0.92 0.62
1.63 -0.43 1.27
2.62 2.63 -0.14
2.52 1.19 0.54
0.89 0.49 0.88
1.22 0.82 1.04
1.27 0.71 1.37
3.27 -0.24 0.85
1.48 2.76 0.31
2.5 1.3 1.12
1.57 1.51 -0.3
2.39 0.84 -0.07
1.65 -0.02 1.38
3.22 1.57 1.71
2.6 0.55 1.42
4.31 3.63 -1.06
-2.08 -0.66 1.88
3.75 1.32 -0.46
2.22 0.71 0.52
2.18 1.16 0.69
2.13 0.81 1.72
-0.08 25.58 -9.59
-4.08 -9.99 0.59
3.38 3.2 -2.19
4.89 11.07 2.03
4.78 -0.15 8.39
2.12 -1.85 0.37
1.93 3.29 -0.63
1.61 1.44 0.5
3.35 0.26 1.44
1.58 1.23 0.76
2.54 2.07 0.09
2.06 1.98 0.55
1.52 1.63 0.28
0.39 1.77 1.26
0.55 2.33 0.64
1.36 2.48 -0.47
1.78 2.52 0.11
1.61 2.76 0.56
1.8 2.95 0.63
1.5 1.69 1.37
1.19 2.2 2.45
1.41 1.98 1.2
1.12 2.04 0.62
1.85 3.69 -0.66
1.41 3.36 0.62
1.1 3.32 0.67
0.59 2.97 1.01
0.72 3.05 0.64
1.11 3.64 -0.45
1.42 1.84 1.47
1.04 2.36 1.63
2.35 3.49 2.99
0.55 2.07 1.2
0.02 2.9 0.43
0.24 2.79 1
0.13 2.5 1.34
0.16 2.64 1.48
-0.23 2.84 1.19
-0.66 3.05 1.08
0.21 3.33 1.1
0.35 3.55 1.02
-0.13 3.58 1.07
-0.24 3.39 1.29
-0.17 3.12 1.43
-0.2 3 1.45
-0.11 3.37 1.42
-0.09 3.66 1.51
0.03 3.39 1.29
0.54 2.95 1.59
1.06 2.18 1.63
0.85 3.12 1.17
0.97 3.56 0.46
-0.25 3.59 0.56
0.39 3.48 1.35
-0.19 2.98 1.02
-0.63 3.86 2.76
-0.36 3.54 4.21
-0.55 2.01 0.52
-0.59 2.28 -0.16
0 1.7 0
-0.06 1.68 2.5
-0.39 3.01 0.64
-0.68 2.57 0.52
-0.55 2.78 0.9
-0.84 3.34 1.5
-0.58 3.43 1.37
-0.67 3.46 0.22
-0.72 3.68 0.72
-0.82 4.14 0.88
3.42 -0.96 2.39
-0.44 0.86 0.54
-0.42 3.08 1.14
-1.96 3.39 0.82
-6.42 3.95 1.67
2.29 2.29 0.28
-2.06 1.49 0.13
0.14 3.11 -0.6
-2.36 2.49 -0.26
-3.01 2.39 1.08
-1.47 3.07 0.96
-3.87 1.97 0.6
0.15 3.49 0.11
-1.56 0.82 0.11
3.53 3.54 -1.52
-4.09 0.78 0.67
-1.89 2.6 -0.24
-3.36 0.45 0.91
-3.29 0.55 1.65
-3.84 0.41 0.93
-3.9 0.57 1.12
-6.12 0.21 0.54
1.17 0.32 1.78
-4.54 -0.01 0.78
-4.16 -1.32 1.87
-5.33 -0.64 2.14
-3.98 -0.8 1.21
-3.58 -0.98 1.4
-2.73 -0.25 1.13
-3.11 0.11 1
-3.65 1.12 2.12
-4.3 0.58 2.47
-3.33 1.13 2.27
-3.88 1.35 2.27
-3.99 1.26 2.8
-4.6 1.28 2.71
-4.02 1.93 2.31
-4.52 1.12 0.47
-4.23 1.99 0.77
-3.21 2.57 1.57
-3.28 2.73 1.8
-3.93 2.58 1.57
-3.98 2.87 1.48
-4.21 2.68 0.86
-4.13 2.64 1.15
-3.59 3.16 1.45
-3.51 2.93 0.94
-1.47 2.4 1.89
-1.2 2.3 1.67
-1.88 2.02 1.47
-2.33 2.04 1.71
-2.52 0.84 1.42
-2.12 1.25 1.45
-2.55 1.17 0.68
-1.84 1.6 0.59
1.31 2.59 2.45
-1.11 1.89 0.64
-1.77 1.6 0.61
-1.85 0.82 0.41
-1.13 0.62 0.55
-1.49 0.37 0.7
-1.9 -0.28 0.2
-1.63 -0.17 0.02
-1.79 -0.37 -0.77
-0.92 -0.21 -0.26
-0.87 -0.52 0.03
-1.04 -0.73 -0.1
-1.44 -0.9 -0.25
-2.92 -1.36 -1.06
-2.87 -1.5 -1.17
-4.09 -0.62 -0.96
-3.78 -0.37 -0.55
-3.26 0.23 -0.4
-3.02 0.48 -0.26
-3.19 0.79 0
-2.05 1.13 1.06
-2.32 1.79 1.27
-2.67 1.94 0.94
-3.16 2.21 0.72
-3.24 2.54 0.52
-3.21 2.17 1.66
-3.1 2.33 1.87
-2.87 2.23 2.39
-3.11 2.37 1.94
-2.14 3.06 1.62
-2.35 2.9 1.45
-2.67 2.92 3.05
-2.93 2.48 3.75
-3.89 1.8 2.97
-3.72 1.83 3
-3.67 1.81 2.36
-3.44 1.46 2.04
-3.56 1.47 2.34
-3.85 1.53 2.27
-5.19 1.05 2.15
-5.16 0.43 1.9
-5.05 1.56 1.12
-4.31 1.12 1.23
-3.22 0 2.74
-3.06 0.71 3.14
-2.81 0.27 2.34
-3.45 0.91 1.74
-3.57 0.15 2.27
-3.66 0.21 1.15
-3.62 -0.72 0.7
-3.71 -0.54 0.68
-2.11 1.16 1.11
-1.74 1.46 1
-1.97 0.66 -0.09
-2.35 1.02 0.02
-2.51 1.14 0.46
-1.51 0.98 1.16
-2.8 1.96 0.78
-1.9 1.23 -0.11
-1.03 2.96 1.12
-1 2.61 1.63
-1.1 2.13 1.35
-1.33 1.77 0.99
-1.14 1.99 2.66
-2.02 2.11 1.19
-1.94 1.83 0.87
-2.38 2.83 0.78
-2.28 3.14 0.45
-1.91 2.85 0.33
-1.82 3.31 0.66
-2.01 2.47 0.82
-2.31 1.9 0.79
-3.25 3.56 0.4
-3.29 4.68 0.35
-3.55 3.94 -0.68
-3.55 3.75 -0.66
-2.9 3.98 0.97
-2.96 3.42 1.03
-2.83 3.54 0.92
-4.09 3.28 0.7
-3.54 3.39 0.88
-3.37 3.27 0.2
-3.24 3.58 -0.04
-2.02 3 -0.09
-1.69 3.01 0.51
-2.38 3.17 1.48
-2.81 3.23 0.98
-2.92 3.09 1.11
-2.89 4.03 1.14
-3.96 1.61 1.65
-3.87 2.12 0.3
-5.53 3.35 0.46
0.6 2.85 2.47
0.48 1.02 2.15
-3.58 0.01 -0.92
-4.8 2.16 2.35
-3.86 1.48 3.85
-2.72 1.58 4.3
-2.99 1.26 3.67
-2.29 1.86 2.17
-1.42 3.08 -0.25
-1.29 3 0.71
-2.13 2.82 0.55
-3.7 1.94 0.53
-3.34 1.72 1.75
-3.35 1.53 2.62
-1.5 1.9 2.17
-2.72 1.19 1.54
-2.94 1.3 1.86
-2.9 1.19 2.05
-3.21 0.99 2.12
-3.25 0.63 2.25
-3.31 1.03 3.2
-2.71 1 2.58
-2.9 0.5 1.04
-2.35 -0.09 0.98
-3.46 0.33 1.33
-3.31 0.6 1.33
-3.23 0.58 1.72
-3.19 0.89 1.72
-3.7 0.78 1.08
-3.59 0.55 1.84
-3.85 0.81 0.89
-2.26 1.94 3.31
-2.17 1.9 4.05
-2.53 2.22 1.79
-4.02 1.2 1.75
-4.1 1.27 2.15
-3.58 1.23 1.78
-3.04 1.62 2.13
-3.95 0.69 1
-3.9 0.98 0.73
-3.51 0.69 0.04
-1.99 0.43 1.81
-2.08 1.37 3.45
-1.35 1.84 3.5
-1.56 1.75 3.36
-0.34 1.06 6.99
-1.84 1.34 1.62
-2.54 1.25 1.6
-2.6 1.23 1.61
-2.67 1.31 1.6
-2.7 1.02 1.29
-3.3 1.56 2.47
-2.67 0.92 1.2
-2.99 1.15 0.44
-4.65 1.82 2.66
-2.38 0.79 1.01
-5.36 0.8 1.61
-3.06 1.82 1.97
-5.2 0.72 0.8
-3.3 1.39 -0.13
-6.29 0.8 0.21
-3.39 2.5 1.35
-3.72 1.88 0.2
-3.57 1.98 1.62
-3.63 1.67 0.35
-3.68 1.68 0.33
-3.73 1.8 0.29
-3.55 1.58 0.35
-3.02 1.77 0.27
-3.35 1.97 0.32
-3.89 1.61 0.34
-3.03 2.32 -0.28
-3.63 2.13 0.73
-4.15 1.2 0.34
-3.08 2.39 0.05
-3.53 1.25 0.45
-2.76 2.67 0.12
-4.49 0.47 0.34
-3.85 1.55 0.3
-3.08 2.17 0.01
-2.9 1.19 0.53
-3.29 1.05 0.26
-2.26 3.66 0
-3.68 2.64 0.13
-4.09 2.32 0.18
-3.7 2.01 0.23
-3.42 2.08 0.2
-4.76 1.86 0.23
-3.77 1.4 0.3
-3.33 1.38 0.29
-3.59 1.68 0.42
-2.89 2.23 0.38
-5.87 1.98 0.31
0.85 4.36 -1.55
6.01 -3.05 1.26
-1.71 1.63 0.29
-3.48 2.51 0.01
-3.67 1.08 0.54
-3.09 2.34 0.32
-3.1 2.18 0.25
-4.33 2.46 0.39
-1.88 1.97 0.31
-3.18 3.15 0.18
-3.7 2.12 0.32
-3.51 2.2 0.33
-3.66 2.02 0.39
-3.63 2.07 0.4
-3.63 2.09 0.4
-3.07 1.67 0.45
-3.17 1.6 0.38
-3.75 1.71 0.41
-3.47 2.44 0.36
-3.66 2.13 0.31
-3.63 2.51 0.35
-3.74 2.34 0.39
-3.7 2.43 0.35
-3.68 2.42 0.32
-3.44 2.19 0.3
-3.36 2.05 0.29
-3.21 1.89 0.17
-3.13 1.72 0.16
-2.72 1.96 0.09
-3.3 1.14 0.25
-2.79 1.96 0.09
-2.86 1.63 0.08
-3.12 1.36 0.19
-3.01 1.49 0.11
-2.81 1.55 0.03
-2.6 1.66 0.01
-2.4 1.89 -0.01
-2.56 1.72 0
-2.51 1.61 0.01
-2.57 1.37 0.03
-2.43 1.39 -0.02
-2.38 1.23 -0.02
-2.25 1.13 -0.05
-2.12 1.12 -0.1
-1.95 1.01 -0.06
-1.95 0.92 -0.11
-1.32 1.47 -0.22
-1.92 0.51 -0.1
-1.96 0.37 -0.06
-1.68 1.13 -0.16
-2.78 0.79 -0.14
-2 0.98 -0.11
-1.78 1.27 -0.24
-1.91 1.18 -0.11
-2.13 2.41 -0.3
-2.71 1.02 -0.08
-2.11 1.09 -0.13
-1.96 0.92 -0.11
-1.79 0.86 -0.07
-1.8 0.88 -0.09
-2.01 0.88 -0.09
-1.56 0.69 -0.08
-1.75 0.78 -0.12
-1.63 0.76 -0.15
-1.6 0.74 -0.17
-1.5 0.72 -0.16
-1.45 0.71 -0.16
-1.38 0.67 -0.17
-1.3 0.63 -0.17
-1.25 0.64 -0.19
-1.18 0.62 -0.21
-1.14 0.62 -0.19
-1.07 0.59 -0.2
-1.04 0.58 -0.23
-0.97 0.58 -0.22
-0.96 0.56 -0.2
-0.89 0.59 -0.25
-0.84 0.55 -0.21
-0.83 0.55 -0.22
-0.76 0.52 -0.24
-0.74 0.53 -0.24
-0.72 0.51 -0.26
-0.67 0.5 -0.26
-0.65 0.5 -0.24
-0.62 0.51 -0.24
-0.59 0.51 -0.25
-0.56 0.5 -0.26
-0.55 0.51 -0.24
-0.54 0.5 -0.25
-0.51 0.5 -0.25
-0.49 0.49 -0.25
-0.5 0.5 -0.26
-0.48 0.49 -0.27
-0.45 0.49 -0.27
-0.45 0.49 -0.27
-0.42 0.5 -0.26
-0.41 0.49 -0.27
-0.39 0.5 -0.26
-0.39 0.5 -0.25
-0.36 0.49 -0.28
-0.36 0.49 -0.29
-0.35 0.5 -0.28
-0.32 0.48 -0.29
-0.34 0.46 -0.27
-0.31 0.48 -0.28
-0.29 0.48 -0.29
-0.29 0.49 -0.3
-0.36 0.62 -0.31
-0.31 0.52 -0.3
-0.42 0.67 -0.34
-0.17 0.44 -0.31
-0.29 0.57 -0.32
-0.25 0.53 -0.34
-0.17 0.47 -0.35
-0.2 0.54 -0.35
-0.28 0.63 -0.37
-0.22 0.54 -0.37
-0.21 0.55 -0.36
-0.21 0.52 -0.39
-0.19 0.54 -0.4
-0.19 0.56 -0.4
-0.2 0.54 -0.39
-0.19 0.56 -0.4
-0.19 0.55 -0.39
-0.19 0.57 -0.38
-0.16 0.55 -0.39
-0.15 0.57 -0.37
0.07 0.37 -0.36
-0.06 0.49 -0.38
-0.05 0.51 -0.4
-0.03 0.47 -0.42
0.25 0.21 -0.34
-0.1 0.15 -0.35
-0.04 0.88 -0.45
-0.21 0.78 -0.4
-0.14 0.57 -0.36
0.13 0.32 -0.35
0.26 0.19 -0.35
-0.22 0.72 -0.4
-0.14 0.64 -0.39
-0.14 0.7 -0.39
-0.17 0.69 -0.41
-0.14 0.7 -0.41
-0.11 0.67 -0.41
0.88 1.82 -0.58
0.14 0.91 -0.43
0 0.77 -0.41
0.1 0.95 -0.46
2 -1.82 -0.15
0.5 0.38 -0.4
-0.32 1.02 -0.44
0.52 0.16 -0.37
0.58 0.12 -0.38
-0.63 1.43 -0.45
-0.24 1.07 -0.45
-0.37 1.2 -0.45
-0.06 0.86 -0.45
-0.14 0.92 -0.43
-0.14 0.9 -0.4
-0.1 0.85 -0.44
-0.12 0.84 -0.42
0.42 0.38 -0.35
0.62 0.1 -0.39
-1.02 1.84 -0.57
-0.3 1.12 -0.45
-0.14 0.9 -0.4
-0.61 1.44 -0.48
-0.13 0.94 -0.43
-0.14 0.96 -0.42
-0.13 0.95 -0.45
-0.23 1.13 -0.44
-0.08 1.02 -0.41
0.51 0.84 -0.45
-0.6 1.26 -0.45
-0.01 0.85 -0.43
-0.24 1.1 -0.41
-0.31 1.63 -0.44
-0.13 1.01 -0.46
-0.34 1.13 -0.45
-0.19 0.96 -0.44
-0.19 1.16 -0.45
-0.03 0.99 -0.44
-0.09 1.14 -0.46
-0.2 0.76 -0.4
-0.26 0.89 -0.41
0.23 0.93 -0.43
-0.2 0.83 -0.4
-0.17 0.82 -0.39
-0.26 0.75 -0.4
-0.17 0.8 -0.41
-0.03 0.94 -0.43
0.03 0.86 -0.4
0.08 0.78 -0.41
-0.56 0.55 -0.37
-0.41 0.63 -0.39
-0.15 0.78 -0.4
-0.18 0.8 -0.4
-0.09 0.81 -0.4
-0.13 0.76 -0.4
-0.03 0.75 -0.39
0 0.69 -0.38
-0.33 0.71 -0.4
-0.17 0.75 -0.41
-0.1 0.68 -0.39
-0.09 0.65 -0.36
-0.09 0.67 -0.41
-0.03 0.72 -0.4
-0.1 0.63 -0.37
-0.08 0.61 -0.42
-0.07 0.6 -0.39
-0.09 0.6 -0.38
-0.08 0.57 -0.38
-0.06 0.56 -0.38
-0.06 0.58 -0.38
-0.07 0.58 -0.39
-0.06 0.57 -0.4
-0.06 0.55 -0.36
-0.06 0.55 -0.4
-0.42 0.42 -0.36
0.06 0.44 -0.35
-0.24 0.24 -0.37
0.38 0.81 -0.41
0.58 1.31 -0.51
0.61 1.31 -0.49
-0.2 0.57 -0.37
0.01 0.79 -0.45
0.48 1.48 -0.51
0.12 0.43 -0.41
-0.2 0.79 -0.38
0.77 1.38 -0.51
0.81 1.75 -0.6
-0.43 1.13 -0.48
0.03 0.85 -0.46
0.05 0.81 -0.42
0.04 0.82 -0.43
-0.05 0.98 -0.47
-0.24 1.11 -0.44
0.01 0.89 -0.47
0.03 0.82 -0.44
-0.1 0.45 -0.35
0.74 1.88 -0.65
-0.02 1 -0.43
0.07 0.93 -0.42
0.14 0.75 -0.33
0.12 0.75 -0.38
-0.15 1.18 -0.42
-0.26 0.66 -0.37
0.01 0.22 -0.41
0.39 1.28 -0.47
0.57 1.68 -0.51
0.48 1.37 -0.5
0.21 1.15 -0.43
0.03 1.14 -0.46
0.12 0.99 -0.42
0.18 1.09 -0.47
0.29 1.13 -0.47
0.17 1 -0.45
0.28 0.8 -0.44
0.1 0.92 -0.44
0.06 0.89 -0.43
0.05 0.86 -0.43
0.05 0.84 -0.41
0.06 0.83 -0.42
0.05 0.8 -0.43
-0.03 0.89 -0.43
-0.01 0.84 -0.43
-0.01 0.8 -0.42
0.07 0.73 -0.4
0.12 0.68 -0.4
0.11 0.7 -0.4
0.11 0.65 -0.42
0.05 0.69 -0.41
0.01 0.71 -0.42
0.02 0.7 -0.42
0.03 0.68 -0.43
0.16 0.56 -0.38
0.06 0.66 -0.4
0.02 0.68 -0.43
0.07 0.64 -0.39
0.06 0.64 -0.38
0.08 0.6 -0.44
0.11 0.56 -0.38
0.06 0.57 -0.38
0.18 0.51 -0.39
-0.03 0.72 -0.39
0 0.63 -0.4
-0.05 0.66 -0.43
-0.06 0.46 -0.4
0.21 0.89 -0.46
0.03 0.59 -0.4
0.08 0.71 -0.42
-0.03 0.63 -0.39
-0.03 0.64 -0.38
0 0.61 -0.39
0 0.59 -0.4
0.06 0.57 -0.38
0.03 0.58 -0.4
-0.01 0.63 -0.41
0.02 0.59 -0.39
0.01 0.59 -0.4
0 0.59 -0.4
0 0.6 -0.39
0.03 0.56 -0.39
-0.02 0.6 -0.41
0 0.57 -0.4
0 0.57 -0.39
0 0.6 -0.42
-0.01 0.59 -0.39
0 0.57 -0.39
0 0.56 -0.38
0.02 0.57 -0.41
0.07 0.51 -0.39
-0.01 0.58 -0.42
0 0.56 -0.41
0 0.57 -0.4
0 0.57 -0.4
0.01 0.55 -0.39
0 0.57 -0.41
0 0.56 -0.4
0 0.56 -0.42
0 0.56 -0.43
0 0.55 -0.39
0 0.56 -0.41
0 0.58 -0.41
0 0.58 -0.38
0.01 0.55 -0.4
0.02 0.56 -0.42
-0.01 0.59 -0.4
0.01 0.57 -0.39
0 0.57 -0.43
-0.02 0.55 -0.41
0 0.56 -0.4
0.04 0.54 -0.41
-0.09 0.71 -0.4
-0.02 0.6 -0.4
-0.03 0.62 -0.41
-0.01 0.58 -0.39
0.02 0.58 -0.4
0 0.59 -0.4
0 0.58 -0.42
0 0.61 -0.41
0 0.6 -0.4
0 0.6 -0.42
0 0.59 -0.42
-0.01 0.6 -0.41
0 0.58 -0.4
0 0.58 -0.39
0 0.58 -0.4
-0.01 0.57 -0.4
0 0.58 -0.38
0 0.58 -0.41
0 0.58 -0.4
0 0.58 -0.38
0 0.57 -0.38
0.01 0.57 -0.39
0 0.56 -0.41
0 0.57 -0.38
0.03 0.54 -0.42
0 0.55 -0.36
0 0.59 -0.4
-0.01 0.57 -0.38
-0.01 0.59 -0.44
0 0.58 -0.41
-0.02 0.58 -0.39
0 0.57 -0.42
0 0.58 -0.4
0.01 0.59 -0.39
0 0.58 -0.39
0 0.59 -0.39
0 0.59 -0.39
0 0.57 -0.4
0 0.61 -0.4
0 0.58 -0.4
0 0.56 -0.39
0.01 0.58 -0.41
0 0.59 -0.41
-0.01 0.59 -0.39
0 0.58 -0.4
0 0.59 -0.4
0 0.58 -0.37
0 0.58 -0.41
0 0.6 -0.4
-0.02 0.6 -0.39
0 0.56 -0.38
0 0.58 -0.41
-0.02 0.57 -0.4
0 0.59 -0.39
-0.01 0.58 -0.41
0 0.55 -0.4
0 0.56 -0.4
0 0.57 -0.42
-0.01 0.57 -0.4
-0.01 0.58 -0.39
0 0.56 -0.42
-0.03 0.57 -0.39
0 0.54 -0.39
0.07 0.47 -0.39
0 0.59 -0.42
0 0.57 -0.4
-0.01 0.58 -0.38
-0.03 0.56 -0.39
-0.01 0.58 -0.41
0 0.6 -0.4
0 0.58 -0.42
0 0.56 -0.41
-0.01 0.57 -0.4
-0.01 0.57 -0.4
-0.01 0.59 -0.4
0 0.59 -0.39
0 0.57 -0.38
-0.01 0.56 -0.39
0 0.57 -0.4
0 0.58 -0.37
0 0.58 -0.41
-0.02 0.58 -0.41
0 0.58 -0.39
-0.01 0.56 -0.39
0 0.59 -0.42
-0.03 0.58 -0.4
-0.01 0.59 -0.39
0 0.58 -0.42
0 0.6 -0.41
-0.01 0.58 -0.4
-0.01 0.58 -0.39
-0.01 0.59 -0.39
-0.01 0.58 -0.38
0 0.57 -0.41
-0.01 0.57 -0.42
-0.01 0.58 -0.4
0 0.56 -0.4
-0.02 0.57 -0.41
-0.01 0.56 -0.4
-0.02 0.55 -0.39
-0.02 0.57 -0.41
0 0.56 -0.41
0 0.57 -0.39
0 0.56 -0.39
-0.03 0.57 -0.41
-0.01 0.54 -0.41
-0.01 0.57 -0.39
-0.01 0.56 -0.41
-0.01 0.58 -0.41
-0.01 0.55 -0.4
-0.01 0.55 -0.42
-0.01 0.57 -0.42
0.03 0.54 -0.4
-0.06 0.62 -0.38
0 0.54 -0.39
0 0.52 -0.4
-0.03 0.5 -0.19
0.01 0.49 -0.24
-0.01 0.57 -0.45
0.02 0.54 -0.67
-0.08 0.58 -0.32
-0.35 0.36 -0.47
0 0.62 -0.21
-0.24 0.62 -0.05
-0.03 0.63 -0.26
0.46 0.44 -0.18
-0.11 0.86 -0.5
-0.18 1.32 -0.33
-0.21 0.87 -0.47
0.03 1.04 -0.12
-0.04 1.31 0.22
0.34 1.76 0.52
0.89 1.65 0
-0.22 1.11 -0.44
-0.32 0.43 -0.78
-0.66 0.17 -0.61
-1.57 0.67 2.37
-0.29 0.75 0.21
1.46 2.03 -0.9
0.67 1.82 0.46
0.61 1.38 0.01
0.16 1.02 0
0.25 1.39 -0.39
0.43 1.92 -0.08
0.45 1.83 0
0.16 0.09 -0.95
0.13 1.36 -0.03
-0.12 0.79 -0.16
0.62 1.45 -0.76
-0.18 -0.59 -0.97
-0.15 -0.53 -1.3
-0.23 -0.28 -0.96
0.04 0.64 -0.82
-0.07 0.37 -1.03
-0.46 -0.54 -1.48
-0.11 0.5 -1.22
-0.3 0.69 -0.82
-0.29 0.47 -0.82
-0.37 0.06 -0.56
-0.03 -0.15 -1.35
-0.58 -0.58 -0.89
-0.09 1.03 -0.91
0.6 2.28 -0.84
-0.13 0.85 -1.37
-0.06 0.39 -1.36
0.28 0.42 -1.2
0.34 -1.42 -0.63
-0.85 1.12 -1.92
-0.11 0.05 -1.69
0 0.94 -1.08
0.27 -0.19 -1.42
-0.87 -0.69 -2.03
-0.7 -0.04 -0.59
-0.47 -0.27 -1.29
-0.81 -0.9 -1.52
-0.71 -0.93 -1.46
-0.63 -1.43 -1.85
-0.24 -0.19 -1.9
0.21 0.66 -2.04
0.22 1.43 -1.4
0.09 1.24 -1.43
0.32 1.1 -1.76
-0.11 -0.36 -1.7
-0.67 -0.91 -1.1
-0.23 -0.62 -2.35
-0.48 0.04 -0.61
-0.48 -0.2 -1.13
-0.48 0 -1.21
-0.6 -0.48 -1.42
-0.34 -0.61 -1.91
-0.1 -0.38 -2.17
0 0.45 -1.36
-0.04 0.81 -1.29
0.61 2.03 -1.5
0.23 1.05 -1.97
-0.25 0.46 -1.25
-0.39 -0.43 -1.88
-0.68 -1.08 -1.84
-0.37 -0.51 -1.8
0.06 0.4 -1.97
-0.07 0.41 -1.91
-0.05 0.28 -2.11
-0.33 -0.02 -1.82
-0.6 -1.29 -1.81
-0.72 -1.41 -1.88
-0.71 -1.52 -2.1
-0.34 -0.9 -2.16
0.05 -0.4 -3.83
0.05 0.07 -3.29
-0.01 0.66 -1.96
0.37 2.26 -1.23
1.02 1.09 -1.28
-0.49 1.52 -3.75
-1.01 -1.16 -3.57
-0.75 -2.32 -3.24
0.27 -0.11 -1.19
0.49 1.85 1.15
0.35 2.83 1.93
0.51 3.63 -0.9
0.55 3.26 -2.21
0.02 1.28 -4.39
-0.02 0.31 -4.49
0.71 1.35 -0.56
-1.44 5.74 2.84
-0.56 1.21 -2.01
-0.45 1.7 -0.53
0.33 2.71 -0.88
0.81 3.42 -0.4
0.93 3.62 -0.79
0.56 2.66 -1.2
0.9 2.92 -2.47
0.36 -2.05 -5.72
0.41 5.42 0.57
-0.27 2.08 -1.09
0.44 1.56 -1.43
0.71 2.55 -1.77
0.57 2.44 -1
0.83 6.03 2.22
0.93 3.78 0.36
0.61 2.55 -1.31
0.49 2.7 -1.47
0.5 2.65 -1.29
0.67 2.51 -1.3
0.74 2.38 -1.39
0.49 2.78 -1.2
0.66 2.59 -1.21
1.32 2.91 -1.49
0.24 3.04 -1.39
-0.02 1.46 -2.1
-0.85 1.94 3.09
0.47 5.56 2
0.31 3.48 -0.13
0.33 3.09 -0.46
0.28 3.19 -0.35
0.28 3.2 -0.35
0.3 3.25 -0.34
0.32 3.26 -0.36
0.3 3.21 -0.35
0.28 3.12 -0.37
0.27 2.97 -0.4
0.26 2.81 -0.41
0.25 2.73 -0.38
0.25 2.58 -0.43
0.21 2.47 -0.43
0.21 2.39 -0.42
0.18 2.27 -0.46
0.18 2.18 -0.41
0.18 2.12 -0.42
0.17 2 -0.46
0.14 1.92 -0.45
0.16 1.85 -0.46
0.14 1.77 -0.47
0.14 1.72 -0.45
0.13 1.62 -0.41
0.11 1.6 -0.41
0.11 1.5 -0.4
0.1 1.49 -0.42
0.12 1.42 -0.44
0.11 1.38 -0.44
0.1 1.32 -0.43
0.09 1.3 -0.41
0.07 1.25 -0.41
0.1 1.18 -0.41
0.07 1.17 -0.39
0.07 1.13 -0.39
0.06 1.08 -0.39
0.07 1.08 -0.4
0.03 1.02 -0.37
0.07 1.01 -0.42
0.06 0.97 -0.39
0.06 0.95 -0.38
0.06 0.94 -0.37
-0.01 0.82 -0.38
0.16 0.88 -0.4
0.1 0.81 -0.36
0.11 0.83 -0.4
0.03 0.8 -0.35
0.03 0.8 -0.35
0.04 0.78 -0.37
0.04 0.76 -0.36
0.04 0.74 -0.34
0.03 0.73 -0.36
0.03 0.71 -0.36
0.01 0.71 -0.36
0.02 0.72 -0.34
0.01 0.68 -0.37
0.06 0.58 -0.31
-0.07 0.54 -0.32
0.09 0.71 -0.35
0.02 0.66 -0.36
0.03 0.7 -0.36
0.04 0.72 -0.36
0.02 0.7 -0.37
0.01 0.71 -0.33
0.08 0.62 -0.33
0.07 0.64 -0.37
0.04 0.66 -0.37
0.04 0.66 -0.35
0.05 0.63 -0.34
0.01 0.67 -0.35
0 0.79 -0.36
0.08 0.57 -0.34
0.08 0.5 -0.34
0.04 0.52 -0.35
0.05 0.63 -0.36
0.05 0.59 -0.33
0 0.63 -0.35
0 0.62 -0.36
0.01 0.72 -0.36
0.13 0.54 -0.35
0 0.54 -0.35
0 0.6 -0.35
0 0.61 -0.35
0 0.6 -0.37
0 0.58 -0.35
0 0.58 -0.37
-0.48 0.54 -0.3
0.13 0.66 -0.36
0.14 0.49 -0.34
0 0.6 -0.35
-0.13 0.75 -0.37
-0.14 0.28 -0.34
-0.39 -0.22 -0.25
0.01 0.64 -0.39
0 0.63 -0.36
0.38 0.36 -0.36
-0.1 0.77 -0.38
0.05 0.64 -0.37
0.02 0.57 -0.33
0.02 0.57 -0.34
-0.08 0.74 -0.28
0 0.76 -0.4
-0.01 0.71 -0.36
-0.06 0.78 -0.41
0 0.7 -0.36
0 0.67 -0.35
0 0.68 -0.37
0.01 0.66 -0.39
0 0.64 -0.35
0.47 0.24 -0.3
0.01 0.63 -0.35
0.06 0.64 -0.33
0.02 0.58 -0.36
0 0.64 -0.37
0.06 0.6 -0.36
-0.02 0.69 -0.38
-0.05 0.73 -0.38
-0.03 0.66 -0.35
-0.02 0.66 -0.35
-0.02 0.63 -0.35
0 0.63 -0.36
-0.01 0.64 -0.36
0 0.64 -0.34
0 0.66 -0.38
-0.09 0.54 -0.34
-0.01 0.64 -0.36
0 0.65 -0.38
0.03 0.64 -0.38
-0.01 0.64 -0.36
-0.08 0.84 -0.37
0.25 1.01 -0.37
0.09 0.7 -0.39
0 0.59 -0.45
-0.28 0.06 -0.34
0.08 0.77 -0.38
0.06 0.72 -0.38
0 0.7 -0.38
-0.01 0.68 -0.38
0 0.69 -0.38
-0.01 0.7 -0.38
-0.02 0.69 -0.37
-0.01 0.68 -0.37
-0.03 0.69 -0.37
0 0.67 -0.4
0 0.64 -0.35
-0.01 0.64 -0.37
-0.02 0.62 -0.38
0.07 0.73 -0.38
0 0.6 -0.4
-0.04 0.52 -0.36
0 0.61 -0.35
-0.02 0.61 -0.35
-0.01 0.62 -0.38
0 0.59 -0.36
0 0.61 -0.37
0 0.58 -0.39
0 0.59 -0.38
-0.02 0.6 -0.37
0 0.61 -0.35
0.01 0.6 -0.38
0.09 0.36 -0.46
0.03 0.56 -0.38
-0.01 0.52 -0.37
0 0.1 -0.31
0.11 0.68 -0.37
-0.08 0.31 -0.33
0.14 0.93 -0.43
1.73 2.07 -0.42
-0.1 0.46 -0.45
-0.5 0.14 -0.11
-0.8 1.04 0.15
-0.09 0.93 -0.03
0.07 0.96 -1.08
1.71 0.56 -1.44
-1.07 0.53 -0.5
-0.1 0.73 -1.15
-0.02 1.42 0.09
0.03 0.82 -0.47
0.61 1.56 -0.06
1.96 2.14 0.44
0.97 1.43 0.34
1.2 1.56 0.28
-1.49 0.82 0.93
-0.17 -0.14 0.03
-0.33 0.8 -1.44
-1.64 1.2 -2.02
-0.12 0.79 -0.51
0.05 1.32 -1.06
0.01 1.5 -0.93
0.81 -0.01 1.09
0.6 1.23 0.32
0.38 1.76 0.02
0.2 1.87 0.23
-0.06 0.98 -0.18
-0.01 1.01 -0.63
0.07 0.92 -0.46
0 1.15 -0.56
-0.01 1.24 -1.01
-0.29 1.75 -1.12
-0.11 1.45 -0.9
-0.04 1.4 -0.68
-0.39 0.85 -0.36
-0.22 0.97 -0.58
-0.03 1.35 -0.61
0 1.21 -0.63
0 1.24 -0.67
-0.03 1.13 -0.11
0.04 1.07 -0.34
-0.02 1.26 -0.41
-0.07 1.32 -0.4
-0.09 1.29 -0.23
-0.03 1.19 -0.5
-0.02 1.06 -0.2
-0.08 1.09 -0.3
-0.1 1.15 -0.47
-0.08 1.08 -0.39
-0.1 1.05 -0.25
-0.02 1.01 -0.26
-0.06 0.8 -0.37
-0.36 0.48 -0.29
-0.1 0.98 -0.26
-0.02 1.2 -0.31
-0.13 0.97 -0.51
-0.17 0.8 -0.21
-0.12 0.83 -0.25
-0.01 1.14 -0.24
-0.04 1.09 -0.23
-0.13 0.81 -0.46
-0.11 0.78 -0.4
-0.12 0.87 -0.01
-0.08 0.92 0
-0.1 0.68 -0.17
0.14 0.9 -0.41
0.19 0.95 -0.41
-0.58 0.79 -0.12
-0.21 0.9 -0.22
-0.09 0.88 -0.66
-0.35 0.73 -0.5
-0.39 0.64 -0.18
-0.17 0.7 -0.24
-0.18 0.95 -0.28
0.17 1.14 0
-0.23 0.98 0
-0.27 0.58 -0.52
-0.3 0.9 -0.3
-0.21 0.91 -0.23
-0.17 1.21 -0.23
-0.07 1.12 -0.53
-0.04 0.82 -0.33
-0.05 1.05 -0.7
-0.19 1.06 -0.09
-0.13 0.92 -0.61
-0.13 1.12 -0.37
-0.05 1.03 -0.32
-0.1 1.01 -0.27
-0.06 0.98 -0.2
-0.65 0.97 -0.73
-0.04 0.93 -0.11
-0.05 1 -0.5
-0.09 0.77 -0.39
-0.09 0.7 -0.3
-0.07 0.69 -0.32
-0.11 0.71 -0.31
-0.15 0.7 -0.34
-0.31 0.28 -0.35
-0.17 0.69 -0.32
-0.16 0.77 -0.42
-0.2 0.8 -0.42
-0.04 0.9 -0.09
-0.32 0.1 -0.13
-0.03 0.59 -0.1
-0.09 0.76 -0.05
-0.07 0.82 -0.3
-0.03 0.82 -0.5
-0.01 0.77 -0.37
-0.01 0.82 -0.43
0 0.91 -0.36
0.06 0.27 -0.6
0.08 0.48 -0.63
0.02 0.77 -0.47
-0.01 0.79 -0.53
0 0.8 -0.34
0.05 0.71 -0.37
-0.01 0.78 -0.39
-0.06 0.54 0
-0.17 0.6 0.14
-0.15 0.48 0.06
-0.2 0.54 0.14
-0.18 0.53 0.13
-0.27 0.75 -0.04
-0.22 0.65 -0.02
-0.13 0.52 0
-0.16 0.53 0.02
-0.2 0.67 -0.05
-0.2 0.71 0.12
-0.2 0.7 0.06
-0.1 0.71 -0.56
0.3 0.56 -0.67
0.02 0.8 -0.62
-0.09 0.72 0.15
-0.97 0.61 0.68
0.43 0.78 -0.48
-0.26 0.95 -0.11
-0.01 0.68 -0.02
-0.03 0.8 -0.31
-0.04 0.8 -0.14
-0.02 0.85 -0.29
0.01 0.84 -0.46
-0.07 0.86 -0.08
-0.09 0.9 0.04
-0.07 0.85 -0.1
-0.07 0.88 -0.29
-0.02 0.59 0.26
-0.02 0.6 0.19
-0.05 0.96 -0.56
-0.02 0.9 -0.49
-0.07 0.72 0.34
-0.07 0.68 0.38
-0.05 0.95 -0.41
-0.14 0.97 -0.25
-0.13 0.92 -0.15
-0.1 0.83 0
-0.12 0.8 0.06
-0.23 0.85 0.23
-0.09 0.8 -0.51
0.06 0.8 -0.61
0.02 0.86 -0.33
-0.04 0.95 -0.2
0 0.86 -0.23
-0.01 0.79 -0.05
0 0.88 -0.42
-0.04 0.97 -0.4
0.04 0.98 -0.47
-0.07 1.21 -0.35
-0.01 1.07 -0.44
-0.1 1.38 -0.53
0.04 1.02 -0.27
0.04 0.96 -0.12
0.06 0.88 -0.42
0.01 0.92 -0.41
0.04 0.84 -0.4
0.02 0.87 -0.55
-0.02 0.73 0.07
0.05 0.62 0.02
0.11 0.57 -0.15
0.03 0.81 -0.33
0 0.86 -0.39
0.03 0.73 -0.27
0.05 0.7 -0.23
0.04 0.67 -0.15
0.03 0.69 -0.19
-0.04 0.81 -0.34
-0.01 0.73 -0.3
-0.03 0.67 -0.14
0.02 0.59 -0.2
0.01 0.54 -0.06
0.01 0.49 0.09
0 0.58 -0.13
-0.03 0.61 -0.12
-0.01 0.66 -0.31
0 0.61 -0.28
-0.01 0.48 0.04
0 0.5 -0.05
0 0.54 -0.14
0 0.51 -0.15
0 0.5 -0.17
0.03 0.48 -0.16
-0.01 0.5 -0.06
0.02 0.39 -0.03
-0.01 0.41 -0.03
-0.01 0.54 -0.19
0 0.48 -0.25
-0.02 0.44 -0.05
-0.03 0.45 -0.11
0 0.41 -0.17
0 0.36 -0.1
0 0.37 -0.08
0.01 0.36 -0.28
-0.03 0.44 -0.18
-0.01 0.41 -0.25
0 0.35 -0.17
0 0.35 -0.24
-0.04 0.44 -0.41
-0.11 0.51 -0.38
-0.1 0.44 -0.32
-0.15 0.47 -0.32
-0.19 0.64 -0.73
0.08 0.47 -0.68
-0.26 0.69 -0.09
-1.3 0.2 1.58
-0.59 0.71 0.06
0.06 0.05 -0.09
-0.38 0.05 0.5
-0.11 0.59 -0.34
0.37 -0.1 -0.23
0.25 0.82 -0.23
-0.65 -0.09 -0.09
-0.19 0.66 -0.36
-0.7 -0.27 -0.1
-0.19 0.92 -0.14
-0.36 -0.24 -0.39
-0.39 0.19 -0.14
-0.22 1.02 -0.59
-0.43 0.19 0.35
-0.44 0.27 0.26
-0.66 -0.19 -0.08
0.18 1.28 -0.02
2.33 2.02 -1.71
0.04 1.36 -1.26
-0.06 1.15 -1.06
-0.38 0.78 -0.22
-0.28 0.66 0.07
-0.22 0.7 -0.05
-0.17 0.57 -0.05
-0.35 0.89 -0.25
0.3 1.28 -0.63
-0.13 1.47 -0.86
1.45 1.71 -1.36
0.42 0.37 -0.1
-2.33 0.49 1.22
0.11 0.41 0.7
0.38 0.94 -0.28
-0.19 0.93 -0.38
-0.16 1.04 -0.36
-0.28 1 -0.42
-0.31 1.05 -0.56
-0.27 1.03 -0.52
-0.46 1 -0.54
-0.75 1.44 -0.76
-0.15 0.55 -0.39
-0.2 1.08 -0.26
-0.19 1.14 -0.64
0.09 1.1 -1.31
0.32 1.61 -0.93
0 1 -0.36
-0.64 0.65 -0.37
-0.06 1.25 -0.42
-0.46 1.16 -0.42
-0.24 1.17 -0.37
-0.37 1.26 -0.38
0 1.42 -0.46
0.32 1.53 -0.46
-0.37 1.24 -0.39
-0.34 1.28 -0.42
-0.34 1.29 -0.4
-0.37 1.3 -0.38
-0.7 1.11 -0.38
-0.21 1.2 -0.42
-0.31 1.21 -0.41
-0.27 1.17 -0.42
-0.25 1.13 -0.42
-0.25 1.09 -0.41
-0.25 1.06 -0.4
-1.69 0.56 -0.32
-0.93 0.78 -0.35
-1.17 0.86 -0.17
-2.19 0.01 -0.23
-0.31 1.1 -0.27
0.76 1.94 -0.3
0.65 1.79 -0.35
-0.76 1.65 -0.47
-0.2 0.89 -0.32
-0.18 0.94 -0.15
-0.27 1.43 -0.01
-0.46 1.01 0.04
-0.73 1.56 0.03
-0.37 1.26 -0.8
-0.79 1.13 -0.85
-0.75 1 -0.25
1.51 2.48 -0.29
0.05 0.69 -1.37
0.2 1.05 -1.32
0.33 1.2 -1.09
-0.54 -0.1 -2.06
0.04 1.42 -1.21
-0.13 1.46 -0.41
-0.37 1.33 1.86
0.41 1.96 -1.03
-0.06 -0.62 0.38
-0.38 0.83 0.29
-0.22 2.28 -1.8
-0.8 0.42 -0.78
-0.05 2.51 -1.07
0.15 2.41 0.41
-0.57 1.45 -0.66
-0.09 1.6 -0.1
-0.35 1.56 -0.88
-0.42 1.69 -0.51
-0.39 1.51 -0.46
-0.33 1.61 -0.5
-0.29 1.59 -0.45
-0.28 1.55 -0.55
-0.3 1.44 -0.61
-0.27 1.41 -0.53
-0.25 1.28 -0.59
-0.18 1.44 -0.48
-0.19 1.31 -0.47
-0.19 1.13 -0.46
-0.11 1.27 -0.45
-0.18 1.06 -0.4
-0.06 1.24 -0.35
-0.04 1.25 -0.48
-0.06 1.17 -0.37
-0.06 1.08 -0.37
-0.04 1.01 -0.4
-0.01 1.07 -0.46
-0.03 1.01 -0.49
-0.11 0.98 -0.36
-0.04 0.86 -0.22
0.15 1.33 -0.5
0.51 0.79 -0.01
-0.55 0.65 -0.2
-1.02 1.29 -0.28
-0.77 1.01 -0.93
2.15 0 -1.69
1.34 0.36 -1.59
2.07 0.02 -1.36
-1.03 1.27 0.17
2.3 -0.8 -2.99
-0.25 0.05 -0.47
-3.15 2.37 2.25
2.87 3.95 -0.23
-1.49 -0.31 2.23
0.89 1.58 -1.42
-0.14 0.91 -0.52
-0.2 1.05 -0.09
-0.07 1.18 -0.03
-0.29 0.75 -0.02
-0.09 1.15 -0.23
-0.08 1.08 -0.13
-0.17 0.91 -0.26
0 1.28 -0.24
0.08 1.3 -0.1
-0.11 1.81 0.11
0.24 1.73 -0.33
-0.18 1.27 -0.4
-0.63 0.49 -0.52
-0.41 0.84 -0.28
-0.25 0.94 -0.47
0.06 1.27 -0.59
-0.11 1.46 -0.88
0.5 1.42 -0.78
-0.12 1.35 -0.18
0.13 0.97 -0.63
0.17 0.97 -1
0.24 1.01 -0.77
0.04 1.33 -0.54
0.17 1.54 -0.25
0.06 1.37 -0.24
-0.05 1.19 -0.35
-0.31 1.2 -0.15
-0.26 1.25 -0.88
-0.16 1.06 -0.64
0.28 1.57 -1.25
-0.02 1.33 -1.12
-0.01 1.6 -0.66
0.4 1.52 -0.43
-0.27 1.65 -0.51
0.5 1.51 0.29
0.18 1.63 0.19
-0.08 1.33 -0.32
0 1.52 -0.41
0.1 1.8 -0.57
-0.03 1.48 -0.44
-0.03 1.47 -0.48
-0.06 1.19 -0.45
-0.06 1.41 -0.41
-0.11 1.38 -0.46
0.05 1.75 -0.47
0.1 1.77 -0.34
-0.58 1.65 -0.5
-0.19 1.82 -0.56
-0.06 1.42 -0.44
0.17 1.18 -0.45
0.1 1.28 -0.53
0.12 1.61 -0.32
0.09 1.85 -0.26
-0.06 1.87 -0.39
0 1.75 -0.51
-0.11 1.54 -0.37
-0.03 1.67 -0.39
-0.23 2.01 -0.47
-0.15 1.57 -0.57
0.24 1.71 -0.51
0.61 1.85 -0.24
0.05 1.8 -0.36
0.05 1.81 -0.29
0.07 1.7 -0.45
0.06 1.65 -0.57
0.03 1.66 -0.51
0.03 1.56 -0.38
0.09 1.53 -0.33
0.09 1.5 -0.34
0 1.41 -0.32
-0.55 1.73 -0.42
0.3 1.29 -0.16
0.2 1.49 -0.3
0.09 1.34 -0.43
-0.04 1.37 -0.27
0.4 1.54 -0.17
0.33 1.61 -0.26
0.05 1.39 -0.56
0.16 1.56 -0.69
0.28 1.53 -0.26
0.23 1.47 -0.19
0.21 1.43 -0.27
0.13 1.56 -0.48
0.13 1.47 -0.4
0.23 1.26 -0.17
0.2 1.14 -0.54
0.31 1 -0.37
0.16 1.33 -0.49
0.21 1.35 -0.17
0.21 1.28 -0.35
0.19 1.28 -0.32
0.21 1.36 -0.24
0.22 1.22 -0.3
0.25 1.09 -0.35
0.24 1.08 -0.33
0.3 0.99 -0.14
0.28 0.99 -0.13
0.27 0.96 -0.25
0.28 0.95 -0.23
0.29 0.91 -0.25
0.26 0.86 -0.37
0.23 0.89 -0.34
0.32 0.74 -0.13
0.34 0.71 -0.07
0.34 0.73 -0.12
0.32 0.69 -0.24
0.34 0.58 -0.18
0.33 0.62 -0.12
0.26 0.75 -0.18
0.27 0.74 -0.24
0.28 0.59 -0.29
0.32 0.54 -0.3
0.29 0.62 -0.3
0.31 0.61 -0.21
0.3 0.58 -0.25
0.28 0.59 -0.17
0.3 0.55 -0.16
0.31 0.56 -0.14
0.33 0.47 -0.07
0.33 0.53 -0.09
0.34 0.54 0.04
0.27 0.57 -0.29
0.31 0.48 -0.17
0.3 0.5 -0.15
0.35 0.41 -0.09
0.36 0.52 -0.02
0.27 0.61 -0.07
0.23 0.54 -0.4
0.29 0.16 -0.23
0.46 0.35 -0.19
0.13 0.25 -0.41
0.27 0.56 -0.56
0.35 0.55 -0.14
0.42 0.59 -0.05
0.34 0.54 -0.14
0.34 0.45 -0.18
0.28 0.59 -0.19
0.31 0.57 -0.1
0.34 0.47 -0.08
0.36 0.41 -0.26
0.37 0.34 -0.19
0.37 0.38 -0.27
0.22 0.82 0.06
0.29 0.54 -0.15
0.3 0.51 -0.07
0.38 0.31 -0.2
0.44 0.25 -0.07
0.36 0.37 -0.11
0.38 0.29 -0.25
0.36 0.42 -0.05
0.34 0.42 -0.13
0.31 0.47 -0.09
0.26 0.53 -0.28
0.3 0.45 -0.17
0.31 0.46 -0.15
0.35 0.4 -0.21
0.33 0.46 -0.13
0.32 0.47 -0.11
0.36 0.27 -0.2
0.31 0.41 -0.25
0.29 0.52 -0.22
0.35 0.29 -0.44
0.19 0.72 -0.25
0.3 0.49 -0.12
0.44 0.19 -0.12
0.4 0.15 -0.35
0.39 0.43 -0.22
0.57 0.44 0.18
0.87 0.57 0.09
0.85 0.45 -0.51
0.45 0.16 -0.21
1.51 0.02 -0.27
1.12 0.14 -0.08
-0.02 0.91 0.17
0.13 0.67 0.05
0.68 0.66 -0.35
0.49 0.53 -0.2
0.81 0.51 -0.68
0.02 0.39 -0.34
0.45 0.38 -0.45
0.64 0.84 -0.41
-1.33 3.3 2.21
-1.12 0.4 -0.89
-0.4 0.59 -0.58
0.26 0.73 0.97
0.1 1.2 -0.07
3.93 -4.99 -7.57
-0.52 2.28 3.31
0.59 2.31 1.7
0.32 1.01 0
0.19 0.93 -0.57
0.19 0.96 -0.4
0.36 1.15 0.32
0.26 1.18 -0.47
0.32 1.1 0.23
0.22 1.09 -0.24
0.16 1.07 -0.41
-0.17 1.05 -0.37
0.39 1.02 -0.41
0.1 1.04 -0.4
0.22 1.16 -0.38
0.23 1.03 -0.64
1.03 1.94 -0.18
0.12 1.1 -0.39
-0.15 0.8 -0.07
0.06 1.12 -0.44
0 1.07 -0.4
0.1 1.18 -0.41
0.12 1.16 -0.42
0.11 1.09 -0.44
0.11 1.07 -0.44
0.46 1.47 -0.47
0.08 1.04 -0.34
-0.06 0.44 -0.43
0.04 0.68 -0.36
0.09 0.97 -0.39
0.17 0.94 -0.51
0.08 0.94 -0.37
0.17 0.83 -0.34
0.15 0.82 -0.33
0.26 0.75 -0.47
-0.33 1.02 -0.54
-0.1 1.21 -0.26
0.28 1.72 0
0.84 2.14 0.44
1.72 2.09 0.73
6.49 -0.49 2.34
-2.5 0.95 -0.73
-4.87 -0.25 -0.71
0.85 0.56 0.11
3.71 -1.91 1.47
-5.33 6.84 -3.63
-0.69 1.31 -0.19
-0.96 0.97 -0.23
-1.22 0.99 -1.05
0.44 1.12 -1.03
0.63 1.94 -2.53
-0.29 0.59 -0.9
0.39 1.23 -1.19
0.82 1.98 -0.62
-0.27 0.7 0
-0.07 0.98 -0.37
0.21 0.91 -0.31
0.31 1.26 -0.58
0.13 1.31 -0.83
0.22 1.3 -1.03
0.42 1.64 -0.89
0.22 1.71 -0.57
-0.45 0.7 -0.35
-0.49 1.06 0
-0.45 1.12 -0.55
0.24 1.61 -1.11
0.05 1.62 -0.84
0.08 1.47 -0.31
-0.06 1.1 0.15
-0.42 0.79 -0.41
-0.1 1 0.11
-0.41 1.24 -0.16
-0.26 2.16 -1.99
-0.07 2.02 -1.48
0.02 1.33 -0.35
-0.26 1.31 0.26
-0.15 1.35 -0.4
-0.08 1.51 -0.77
0.01 1.5 -1.01
0.05 1.46 -0.55
0.11 1.28 -0.34
0.03 1.39 -0.49
0.1 1.65 -0.91
0.02 1.52 -0.87
0.04 1.4 -0.29
-0.01 1.46 -0.67
-0.26 1.41 -0.87
-0.22 1.3 -0.52
-0.24 1.2 0.13
-0.16 1.22 -0.37
-0.12 1.5 -1
0.06 1.5 -0.55
0.07 1.44 -0.31
-0.09 1.46 -0.4
-0.05 1.49 -0.48
0.01 1.54 -0.88
-0.14 1.5 -0.88
-0.07 1.33 -0.43
-0.24 1.24 -0.34
-0.36 1.35 -0.37
-0.33 1.38 -0.4
-0.18 1.27 -0.21
-0.15 1.45 -0.45
0.11 1.46 -0.7
0.06 1.26 -1.25
-0.17 1.22 -0.39
-0.05 1.37 -0.41
0.15 1.24 -0.59
0.07 1.42 -0.51
-0.21 1.49 -0.95
-0.34 1.39 -0.74
0.36 2.09 -0.54
0.4 2.33 -0.91
-0.1 1.92 -0.9
0.07 1.39 -0.37
0.13 0.76 -0.73
0 1.53 -1.21
-0.23 1.68 -0.42
-0.07 1.84 -0.49
0.88 1.22 -0.77
0.05 1.27 -0.43
0 1.86 -0.55
0.8 1.68 -0.57
-0.66 0.25 -0.93
-0.49 1.77 -0.6
0.03 1.72 -0.76
-0.32 1.69 -1.02
-0.07 2.06 -0.95
0.22 2.12 -0.65
0.69 1.2 -0.56
-0.83 1.89 -1.1
0.67 1.56 0
1 1.99 0.54
0.2 1.6 -0.62
-0.09 1.81 -0.61
0.07 2.12 -0.92
0.22 2.17 -0.66
0.08 2.2 -0.67
-0.11 1.69 -0.73
-0.24 1.81 -0.47
0.12 1.54 0.31
-0.29 1.62 -1.12
-0.4 1.8 -1.13
-0.61 2.18 -1.56
-0.83 2.54 -1.26
-0.4 2.01 -1.25
0.36 2 -0.21
-0.95 1.36 -0.21
0.74 1.64 -0.63
0.82 2.3 -0.2
1.09 3.07 -0.1
0.72 2.17 -0.07
-0.2 2.03 -0.59
0.65 2.34 -0.01
0.43 4 1.78
0.12 2.18 -0.39
-0.21 2.16 -0.55
0.43 2.2 -0.86
-0.08 1.98 -0.75
0.05 2.12 -0.93
-0.06 2.06 -0.82
0.15 2.49 -0.5
0.04 2.37 -0.57
-0.08 2.04 -0.81
-0.03 2.09 -0.83
-0.02 1.75 -1
-0.01 1.77 -0.7
0.07 2.37 -1.05
0.07 2.54 -1.24
0 2.38 -0.98
-0.12 2.13 -0.64
-0.05 2.26 -0.53
-0.27 2.72 -0.37
0 2.56 -0.85
0.36 2.87 -1.04
-0.04 2.25 -1.02
-0.05 2.11 -1.12
-0.38 2.37 -0.27
0.08 2.79 -0.59
-0.25 2.51 -0.6
0.51 2.68 -1.09
-0.18 2.47 -1.03
-0.09 2.29 -0.83
-0.08 2.39 -0.52
0.04 -2.36 1.46
2.91 6.64 -0.8
0.79 2.17 -0.63
0.82 2.66 -0.63
-0.09 3.51 -0.68
-0.21 3.48 -1.18
-0.34 1.89 -0.84
0.07 1.71 -0.62
-0.45 2.29 -0.9
-0.27 2.62 -0.66
-0.41 3.13 -0.51
-0.19 2.95 -0.44
-0.2 3.03 -0.32
-0.37 3.32 -0.57
-0.27 3.02 -0.72
-0.21 2.82 -0.74
-1.01 2.75 -0.6
0.04 2.4 -0.97
-0.13 2.18 -0.6
-0.23 2.44 -0.65
-0.16 2.95 -0.58
-0.39 2.9 -0.6
-0.5 3.21 -0.65
-0.23 3.12 -0.62
-0.2 2.94 -0.72
-0.46 2.18 -0.58
0.09 2.47 -0.6
0.4 1.91 -0.75
-0.3 2.44 -0.94
-0.28 2.87 -0.86
-0.36 2.98 -1.22
-0.26 3.14 -0.86
-0.34 3.21 -0.61
-0.33 3.1 -0.6
-0.36 3.06 -0.46
-0.47 2.96 -0.54
-0.55 2.93 -0.84
-0.06 3.08 -0.85
-0.38 3.05 -0.63
-0.43 3.24 -0.92
0.45 2.45 -0.6
0.04 2.79 -0.65
-0.43 3.31 -0.81
-0.08 2.3 -0.69
-0.78 2.92 1.57
-0.95 4.11 -0.31
0.05 3.27 -0.2
-0.62 3.59 -0.31
-0.32 3.37 -0.45
-0.76 3.62 -1.95
-0.92 3.05 2.77
-0.82 5.01 0.09
-0.53 3 1.36
-0.37 3.66 -0.23
-0.44 3.57 -0.22
-0.42 3.62 -0.21
-0.26 3.87 -0.15
-0.52 4.19 -0.27
-0.33 3.75 -0.18
0.1 4.41 -0.03
-0.41 3.47 -0.26
-0.45 3.34 -0.25
-0.35 3.49 -0.29
-0.49 3.2 -0.31
-0.3 3.39 -0.31
-0.35 3.13 -0.32
-0.41 3.11 -0.37
-0.57 2.79 -0.27
-0.5 2.79 -0.32
-0.43 2.82 -0.4
-0.57 2.53 -0.6
0 3.25 0.1
-0.46 2.81 -0.4
-0.42 2.77 -0.42
-0.45 2.84 -0.4
-0.4 2.71 -0.39
-0.37 2.59 -0.47
-0.36 2.47 -0.43
-0.36 2.41 -0.44
-0.3 2.28 -0.47
-0.36 2.19 -0.44
-0.33 2.14 -0.42
-0.11 1.86 -0.47
-0.27 1.97 -0.44
-0.32 1.85 -0.44
-0.3 1.99 -0.48
-0.25 1.89 -0.48
-0.23 1.87 -0.45
-0.22 1.71 -0.47
-0.22 1.54 -0.47
-0.15 1.47 -0.43
0.1 1.06 -0.41
-0.19 1.86 -0.48
-0.3 1.81 -0.51
-0.21 1.51 -0.43
0.03 1.22 -0.44
-0.4 1.8 -0.51
-0.73 2.04 -0.51
-0.01 1.17 -0.44
-0.12 1.23 -0.44
-0.14 1.3 -0.42
-0.15 1.29 -0.47
0 1.09 -0.42
-0.38 1.18 -0.38
-0.03 1.26 -0.45
0.19 1.31 -0.49
-0.16 1.06 -0.44
-0.02 1.25 -0.43
-0.31 0.87 -0.41
0.06 1.39 -0.51
-0.41 0.76 -0.35
0.03 1.25 -0.44
0.17 1.43 -0.49
-0.39 0.64 -0.37
-0.17 0.86 -0.41
0.21 -0.28 -0.25
-0.27 1.15 -0.45
-0.18 1.06 -0.44
-0.16 1.1 -0.43
-0.17 1.1 -0.47
-0.17 1.12 -0.45
-0.18 1.13 -0.43
-0.16 1.07 -0.43
-0.17 1.04 -0.43
-0.13 1 -0.44
-0.15 0.99 -0.44
-0.13 0.94 -0.43
-0.14 0.9 -0.43
-1.01 1.17 -0.44
-0.26 1.04 -0.45
-0.12 0.92 -0.4
-0.27 1.21 -0.48
0.17 1.08 -0.42
0.47 0.93 -0.42
-0.17 1.55 -0.48
0.21 1.12 -0.48
0.04 0.8 -0.47
-0.04 1.38 -0.5
-0.24 1.7 -0.68
0.04 0.08 -0.22
0 0.98 -0.41
0.31 0.53 -0.35
-0.01 1.36 -0.58
0.06 1.33 -0.45
0.13 1.18 -0.48
0.24 1.07 -0.45
-0.13 1.41 -0.5
0.23 1.02 -0.44
0.33 1.11 -0.42
0.13 1.03 -0.46
0.06 1.03 -0.44
0.05 1.01 -0.42
0.05 0.99 -0.45
-0.08 1.09 -0.46
0.04 0.98 -0.45
0.18 0.77 -0.43
0.1 0.89 -0.45
0.17 0.73 -0.43
0 0.87 -0.43
0.01 0.84 -0.44
0.23 0.58 -0.36
0.06 0.8 -0.42
0.15 0.7 -0.42
0.06 0.74 -0.41
0.05 0.73 -0.42
0.02 0.76 -0.41
0 0.75 -0.42
0.09 0.64 -0.41
0.13 0.6 -0.39
0.06 0.67 -0.43
0.01 0.67 -0.4
0.02 0.68 -0.39
-0.11 0.8 -0.43
-0.06 0.77 -0.41
0.23 0.35 -0.37
0 0.71 -0.39
-0.26 0.52 -0.34
0 0.69 -0.4
0.07 0.59 -0.4
-0.04 0.73 -0.46
0.07 0.6 -0.38
0 0.68 -0.36
0.02 0.66 -0.38
0 0.65 -0.37
0.25 0.48 -0.68
-0.02 0.62 -0.2
0 0.64 -0.41
-0.04 0.69 -0.37
-0.02 0.71 -0.4
-0.08 0.78 -0.46
0.27 0.43 -0.4
-0.01 0.68 -0.38
-0.02 0.73 -0.42
0.13 0.56 -0.38
0.02 0.65 -0.38
0 0.66 -0.37
-0.01 0.65 -0.43
-0.03 0.68 -0.37
-0.01 0.69 -0.41
0.07 0.55 -0.39
0.02 0.62 -0.38
0.02 0.57 -0.39
0 0.63 -0.4
0.01 0.63 -0.4
0.01 0.63 -0.39
-0.01 0.64 -0.4
0 0.62 -0.4
0.01 0.63 -0.37
0 0.64 -0.4
0.01 0.65 -0.42
-0.03 0.66 -0.4
-0.01 0.64 -0.37
0 0.61 -0.42
0.03 0.6 -0.39
0.03 0.61 -0.37
0 0.61 -0.4
-0.02 0.67 -0.39
-0.11 0.73 -0.32
0.05 0.61 -0.34
0 0.65 -0.51
-0.07 0.71 -0.29
0.11 0.53 -0.42
0.13 0.53 -0.47
0.03 0.61 -0.39
0.06 0.63 -0.41
0.02 0.63 -0.44
0.02 0.64 -0.38
0 0.63 -0.37
0 0.61 -0.4
-0.06 0.69 -0.33
0 0.63 -0.4
0 0.62 -0.41
0.03 0.59 -0.4
-0.02 0.65 -0.39
0 0.62 -0.41
-0.01 0.65 -0.4
0 0.63 -0.37
0.06 0.54 -0.36
0.08 0.55 -0.38
0.1 0.54 -0.41
-0.04 0.64 -0.4
-0.07 0.71 -0.38
-0.01 0.63 -0.37
-0.01 0.6 -0.37
0.04 0.54 -0.38
-0.03 0.63 -0.41
-0.07 0.7 -0.38
-0.07 0.5 -0.29
-0.02 0.6 -0.37
-0.15 0.39 -0.4
-0.02 0.53 -0.42
-0.05 0.59 -0.36
0.07 0.6 -0.39
0.1 0.67 -0.38
0.27 0.82 -0.43
0.28 1.47 -0.52
0.14 0.48 -0.35
-0.01 0.67 -0.43
0 0.69 -0.37
-0.03 0.74 -0.41
-0.01 0.7 -0.41
0 0.69 -0.41
0 0.71 -0.39
-0.01 0.68 -0.44
-0.08 0.76 -0.4
-0.11 0.78 -0.42
-0.1 0.76 -0.44
0.32 0.21 -0.35
-0.03 0.66 -0.42
0 0.65 -0.42
-0.02 0.65 -0.4
-0.02 0.65 -0.42
-0.08 0.69 -0.35
-0.26 0.37 -0.38
-0.74 0.1 -0.25
-0.08 0.78 -0.36
-0.09 0.65 -0.39
0.21 0.92 -0.39
-0.14 0.74 -0.29
0.03 0.82 -0.43
-0.11 0.75 -0.36
0.29 0.46 -0.37
0.1 0.61 -0.47
-0.12 0.78 -0.35
-0.39 0.42 -0.38
0.11 0.29 -0.6
0.12 0.91 -0.23
0.12 0.81 -0.5
0.02 0.9 -0.47
0.02 0.69 -0.56
-0.05 0.98 -0.34
0.01 0.87 -0.46
0.01 0.8 -0.45
-0.11 0.81 -0.38
0.16 0.86 -0.4
0.01 0.82 -0.47
0.04 0.78 -0.41
0.02 0.8 -0.42
0.02 0.79 -0.4
0.01 0.78 -0.42
0.05 0.75 -0.4
0.01 0.76 -0.38
0.01 0.75 -0.43
0.06 0.71 -0.36
0.04 0.73 -0.39
-0.01 0.78 -0.38
0.04 0.71 -0.4
0.07 0.7 -0.4
-0.05 0.76 -0.42
0.01 0.72 -0.41
0.04 0.69 -0.39
0.03 0.66 -0.41
0.02 0.67 -0.42
0.02 0.66 -0.37
-0.03 0.69 -0.38
0 0.67 -0.41
0 0.66 -0.42
0.07 0.63 -0.4
-0.05 0.68 -0.42
-0.03 0.69 -0.43
0.05 0.6 -0.41
0.02 0.62 -0.38
-0.04 0.7 -0.4
0 0.65 -0.4
0 0.65 -0.37
0 0.65 -0.39
0.01 0.65 -0.41
-0.03 0.65 -0.36
0 0.62 -0.35
0 0.63 -0.39
0.01 0.6 -0.39
0 0.61 -0.38
0 0.62 -0.39
0.01 0.62 -0.4
0.02 0.62 -0.4
0 0.6 -0.4
0 0.64 -0.39
0.01 0.64 -0.37
0.01 0.61 -0.38
0.46 0.09 -0.35
0.53 -0.02 -0.34
0.24 0.49 -0.38
-0.14 0.7 -0.46
-0.01 0.67 -0.37
0.05 0.36 -0.2
-0.04 0.5 -0.35
0.05 0.57 -0.36
-0.12 0.86 -0.39
-0.02 0.86 -0.32
-0.01 0.76 -0.29
-0.02 0.86 -0.43
-0.2 1.35 -0.65
0.15 0.97 -0.48
-0.07 0.49 -0.37
-0.11 1.12 -0.57
-0.01 0.34 -0.27
0 0.66 -0.46
-0.06 0.48 -0.36
-0.07 0.76 -0.41
-0.06 0.76 -0.45
0 0.67 -0.38
-0.03 0.66 -0.38
-0.01 0.66 -0.41
0 0.65 -0.42
-0.01 0.64 -0.4
-0.01 0.63 -0.39
-0.02 0.63 -0.41
-0.03 0.62 -0.34
0 0.62 -0.37
0.01 0.63 -0.42
-0.02 0.63 -0.38
-0.03 0.63 -0.37
-0.02 0.63 -0.4
-0.03 0.64 -0.38
-0.01 0.63 -0.38
-0.27 1.02 -0.62
-0.1 0.73 -0.36
-0.06 0.68 -0.4
-0.03 0.62 -0.4
0 0.6 -0.33
-0.08 0.72 -0.38
-0.16 0.82 -0.38
-0.08 0.7 -0.4
0.03 0.59 -0.41
0.01 0.57 -0.36
-0.06 0.68 -0.39
0.27 0.62 -0.34
0.15 0.67 -0.31
0.28 0.53 -0.46
0.18 0.41 -0.46
-0.24 0.67 -0.42
-0.12 0.83 -0.41
-0.13 0.87 -0.41
-0.13 0.92 -0.45
0.06 0.69 -0.39
0.14 0.57 -0.43
0.16 0.59 -0.37
0.03 0.72 -0.4
0 0.79 -0.39
0.01 0.77 -0.4
0.02 0.76 -0.45
-0.02 0.78 -0.4
0.05 0.73 -0.4
-0.01 0.76 -0.42
0 0.74 -0.38
-0.01 0.75 -0.37
0 0.75 -0.43
0.01 0.7 -0.43
-0.01 0.75 -0.4
-0.02 0.76 -0.39
0.01 0.71 -0.41
0.02 0.68 -0.39
0.02 0.7 -0.38
0.01 0.71 -0.41
0.01 0.69 -0.41
0.11 0.58 -0.39
0.2 0.53 -0.39
0 0.67 -0.4
-0.05 0.71 -0.42
-0.09 0.76 -0.41
-0.07 0.75 -0.39
-0.02 0.69 -0.43
0.01 0.66 -0.39
-0.03 0.7 -0.41
0 0.65 -0.43
-0.02 0.68 -0.4
-0.04 0.7 -0.39
-0.02 0.67 -0.38
-0.01 0.64 -0.4
-0.01 0.65 -0.39
0 0.65 -0.36
0 0.65 -0.4
0 0.64 -0.39
-0.01 0.65 -0.39
-0.01 0.65 -0.41
0 0.64 -0.39
-0.01 0.61 -0.4
-0.03 0.64 -0.4
-0.01 0.62 -0.39
0 0.63 -0.39
0 0.62 -0.38
-0.01 0.65 -0.37
0 0.62 -0.4
-0.01 0.63 -0.4
-0.02 0.62 -0.38
-0.01 0.63 -0.39
0 0.63 -0.39
0 0.62 -0.37
-0.02 0.64 -0.4
0 0.63 -0.38
-0.01 0.64 -0.38
-0.03 0.62 -0.39
0 0.62 -0.39
-0.01 0.61 -0.43
0 0.61 -0.4
0 0.61 -0.42
0 0.61 -0.38
-0.02 0.6 -0.38
-0.03 0.62 -0.41
-0.02 0.63 -0.4
-0.01 0.6 -0.39
-0.02 0.64 -0.38
-0.01 0.62 -0.39
-0.01 0.62 -0.4
-0.01 0.61 -0.39
0 0.63 -0.42
0 0.63 -0.39
0 0.61 -0.39
0 0.61 -0.41
-0.01 0.63 -0.37
0.01 0.62 -0.38
-0.01 0.62 -0.41
-0.01 0.6 -0.39
-0.01 0.61 -0.32
0.06 0.52 -0.36
-0.1 0.37 -0.38
-0.01 0.65 -0.37
0 0.62 -0.39
-0.07 0.72 -0.35
0 0.61 -0.4
0 0.62 -0.4
0 0.62 -0.39
-0.01 0.63 -0.42
-0.01 0.62 -0.35
-0.01 0.63 -0.4
-0.17 0.55 -0.4
0.17 0.62 -0.41
0.16 0.63 -0.43
0.23 0.61 -0.38
0.09 0.68 -0.42
-0.05 0.67 -0.35
-0.07 0.21 -0.3
0.11 0.53 -0.41
-0.05 0.25 -0.32
0.1 0.7 -0.4
-0.17 0.58 -0.4
0.04 0.88 -0.4
-0.01 0.7 -0.41
-0.04 0.57 -0.37
0.05 0.57 -0.4
0.05 0.48 -0.51
0.55 1.96 -0.52
0.01 0.69 -0.41
0.05 1.12 -0.43
-0.26 1.4 -0.48
0.28 -0.17 -0.26
0 0.76 -0.34
-0.1 0.78 -0.49
0.19 0.92 -0.42
0.1 0.79 -0.49
-0.41 0.84 -0.47
-0.02 0.81 -0.41
-0.21 0.89 -0.41
-0.16 0.79 -0.37
0 0.84 -0.4
0.12 0.75 -0.4
0.04 0.77 -0.42
0.1 0.81 -0.41
-0.11 0.86 -0.41
0 0.7 -0.4
-0.07 0.8 -0.39
0 0.74 -0.4
-0.01 0.69 -0.41
-0.05 0.74 -0.37
-0.03 0.71 -0.42
0 0.69 -0.4
-0.01 0.67 -0.38
-0.01 0.68 -0.38
-0.02 0.62 -0.38
0 0.62 -0.36
-0.03 0.63 -0.38
0 0.62 -0.38
0 0.62 -0.4
0 0.61 -0.4
0 0.63 -0.39
-0.01 0.62 -0.37
-0.01 0.6 -0.38
0 0.61 -0.4
-0.02 0.62 -0.42
-0.01 0.62 -0.38
-0.02 0.6 -0.39
-0.01 0.61 -0.4
0 0.63 -0.4
-0.01 0.63 -0.37
-0.01 0.63 -0.41
0 0.63 -0.38
-0.02 0.64 -0.37
0 0.62 -0.38
0 0.64 -0.41
-0.02 0.63 -0.36
-0.01 0.62 -0.4
-0.01 0.58 -0.4
0 0.59 -0.34
0.19 0.42 -0.33
-0.09 0.71 -0.46
0 0.6 -0.42
0 0.59 -0.31
0 0.49 0.38
0 0.76 -0.87
0 0.64 -0.45
0 0.8 -0.84
0 0.79 -0.99
0.02 0.66 -0.25
0.28 0.41 -0.04
0.18 0.45 0.1
0.08 0.49 0.46
-0.22 1.12 -0.75
0.25 0.57 -0.5
0 0.69 -0.55
-0.24 1.13 -1.03
0.07 0.77 -0.88
0.03 0.89 -1.14
0.04 0.75 -0.65
0.1 0.68 -0.63
0.07 0.73 -0.47
0 0.81 -0.5
0.01 0.8 -0.52
0.02 0.82 -0.62
0.01 0.77 -0.61
0.01 0.75 -0.69
0.05 0.76 -0.62
-0.11 1.22 -1.98
-0.06 1.6 -4.39
0.02 -0.72 2.66
-0.04 1.16 -0.85
-0.03 0.95 -0.4
-0.01 0.95 -0.42
0 0.98 -0.45
-0.02 1.01 -0.41
-0.01 1.02 -0.4
0 0.96 -0.46
0 0.95 -0.42
-0.03 0.93 -0.42
-0.02 0.92 -0.44
-0.01 0.91 -0.39
-0.01 0.87 -0.42
0.01 0.86 -0.44
0 0.83 -0.41
-0.01 0.84 -0.42
0 0.81 -0.41
-0.02 0.8 -0.42
-0.01 0.79 -0.39
-0.01 0.8 -0.38
-0.02 0.76 -0.42
0 0.75 -0.4
-0.02 0.73 -0.38
-0.02 0.75 -0.39
-0.03 0.73 -0.4
0 0.73 -0.4
0 0.71 -0.39
0 0.7 -0.43
-0.02 0.69 -0.4
-0.02 0.69 -0.38
-0.02 0.7 -0.42
0 0.69 -0.42
-0.02 0.7 -0.37
0 0.68 -0.38
-0.02 0.68 -0.41
-0.01 0.68 -0.39
-0.02 0.67 -0.37
-0.02 0.65 -0.4
0 0.66 -0.4
-0.02 0.66 -0.4
-0.01 0.67 -0.4
-0.01 0.64 -0.4
0 0.64 -0.36
0 0.64 -0.36
-0.01 0.63 -0.4
-0.01 0.64 -0.38
0 0.63 -0.37
0.01 0.57 -0.37
-0.03 0.62 -0.4
0 0.61 -0.4
-0.02 0.61 -0.37
0 0.6 -0.37
0 0.58 -0.38
0.01 0.58 -0.4
0 0.57 -0.37
-0.02 0.59 -0.37
0 0.59 -0.38
-0.03 0.58 -0.39
0 0.57 -0.39
0 0.56 -0.38
0 0.58 -0.4
0 0.56 -0.38
0 0.54 -0.37
0.03 0.51 -0.37
0.01 0.52 -0.38
0.09 0.43 -0.36
-0.07 0.7 -0.37
-0.06 0.67 -0.41
0.1 0.46 -0.36
-0.23 0.96 -0.39
-0.08 0.74 -0.39
-0.03 0.69 -0.33
0.01 0.58 -0.4
0.02 0.54 -0.33
0 0.6 -0.44
0 0.64 -0.37
0.03 0.59 -0.43
-0.3 0.8 -0.26
0.01 0.66 -0.39
0.03 0.46 -0.38
0.04 0.61 -0.46
0 0.65 -0.35
0.05 0.64 -0.35
0.04 0.7 -0.55
0.06 0.64 -0.4
0.04 0.69 -0.56
0.07 0.66 -0.56
0.02 0.67 -0.51
0.03 0.63 -0.39
0.02 0.61 -0.3
0.02 0.64 -0.32
0.01 0.63 -0.4
0.03 0.64 -0.41
0.01 0.64 -0.47
0.02 0.63 -0.43
0.03 0.64 -0.41
0.05 0.6 -0.47
0.03 0.59 -0.47
0.08 0.63 -0.99
-0.21 0.84 0.08
-0.02 0.66 -0.37
0 0.64 -0.4
0.01 0.68 -0.44
-0.09 0.74 -0.26
0 0.71 -0.41
-0.03 0.72 -0.38
0 0.73 -0.39
-0.01 0.75 -0.39
0 0.77 -0.39
-0.01 0.76 -0.38
-0.02 0.76 -0.41
-0.03 0.75 -0.39
-0.01 0.74 -0.39
-0.01 0.74 -0.43
-0.02 0.74 -0.4
-0.01 0.74 -0.38
0 0.71 -0.4
0.02 0.65 -0.4
0.04 0.63 -0.38
0.02 0.66 -0.38
-0.02 0.73 -0.4
-0.04 0.72 -0.39
-0.02 0.7 -0.37
-0.03 0.66 -0.37
0.18 0.44 -0.37
-0.13 0.79 -0.4
0 0.59 -0.38
-0.01 0.59 -0.4
-0.01 0.57 -0.38
-0.01 0.56 -0.36
0 0.55 -0.38
-0.02 0.54 -0.36
0.01 0.53 -0.39
0.01 0.55 -0.4
0 0.54 -0.35
-0.01 0.53 -0.36
0 0.57 -0.38
-0.01 0.58 -0.38
-0.02 0.56 -0.36
0 0.58 -0.36
0 0.58 -0.39
-0.01 0.57 -0.38
0 0.58 -0.39
-0.01 0.58 -0.41
-0.01 0.59 -0.37
0 0.6 -0.38
0 0.6 -0.38
0 0.6 -0.39
-0.01 0.6 -0.38
-0.01 0.61 -0.39
0 0.61 -0.39
-0.01 0.62 -0.37
-0.01 0.61 -0.34
-0.03 0.59 -0.38
0.37 1.06 -0.44
-0.26 0.29 -0.28
0.93 1.89 -0.59
-0.04 0.68 -0.37
-0.1 0.54 -0.33
-0.02 0.74 -0.39
-0.12 0.55 -0.37
-0.01 0.75 -0.39
0.23 1.15 -0.41
0.03 0.86 -0.43
-0.01 0.81 -0.4
-0.01 0.83 -0.4
-0.01 0.81 -0.37
-0.01 0.75 -0.41
0 0.76 -0.4
-0.03 0.76 -0.41
-0.01 0.76 -0.41
-0.03 0.78 -0.4
-0.01 0.74 -0.38
0.04 0.82 -0.4
-0.01 0.71 -0.37
-0.02 0.71 -0.38
-0.02 0.71 -0.38
-0.01 0.71 -0.39
0.05 0.8 -0.42
-0.05 0.64 -0.36
0.01 0.7 -0.36
0 0.7 -0.37
0.09 0.78 -0.39
-0.01 0.6 -0.37
0 0.7 -0.39
-0.05 0.6 -0.36
-0.04 0.59 -0.39
0.01 0.65 -0.37
0.02 0.68 -0.34
-0.02 0.6 -0.36
-0.01 0.62 -0.4
-0.02 0.62 -0.39
0.03 0.68 -0.38
-0.05 0.56 -0.35
-0.02 0.61 -0.36
0 0.61 -0.35
0 0.58 -0.38
0 0.59 -0.38
-0.01 0.58 -0.39
-0.04 0.51 -0.37
0.04 0.62 -0.36
0.13 0.8 -0.41
0 0.59 -0.36
0 0.59 -0.36
-0.01 0.59 -0.36
-0.02 0.59 -0.37
-0.03 0.57 -0.37
-0.02 0.6 -0.35
0 0.52 -0.37
0 0.62 -0.37
-0.01 0.6 -0.36
0 0.59 -0.36
0 0.59 -0.35
-0.01 0.56 -0.36
-0.02 0.61 -0.37
0 0.62 -0.39
-0.01 0.62 -0.36
-0.02 0.58 -0.37
-0.02 0.59 -0.37
-0.01 0.59 -0.38
0 0.58 -0.35
0.02 0.59 -0.35
0 0.59 -0.35
0 0.58 -0.36
-0.01 0.58 -0.38
-0.04 0.51 -0.43
0.03 0.59 -0.34
-0.01 0.56 -0.35
-0.01 0.54 -0.35
0.07 0.59 -0.39
0 0.54 -0.36
0.01 0.5 -0.37
0.06 0.58 -0.39
-0.02 0.54 -0.37
0 0.51 -0.42
0.02 0.49 -0.39
-0.15 0.28 -0.35
-0.12 0.32 -0.4
0.08 0.79 -0.4
0.18 0.72 -0.37
0.1 0.71 -0.34
0.38 0.78 -0.39
0.15 0.81 -0.07
-0.07 0.58 -0.25
-0.31 0.21 -0.76
-0.17 0.37 -0.71
0.02 0.71 -0.49
0.28 1.02 -0.25
0.11 0.82 -0.28
0.09 0.81 -0.22
0.07 0.75 -0.3
-0.14 0.52 -0.62
-0.08 0.63 -0.48
0.06 0.82 -0.4
0.12 0.86 -0.28
0.09 0.79 -0.3
0.04 0.76 -0.4
0.05 0.75 -0.34
-0.03 0.66 -0.47
-0.04 0.63 -0.47
-0.08 0.57 -0.46
-0.03 0.61 -0.42
0.08 0.7 -0.13
0.03 0.68 -0.32
0 0.63 -0.37
0.02 0.65 -0.39
0.02 0.64 -0.38
-0.01 0.67 -0.37
0.02 0.66 -0.41
0 0.65 -0.42
0 0.63 -0.39
0.03 0.63 -0.37
0 0.65 -0.39
1.06 1.15 -0.33
-0.03 0.61 -0.43
0.06 0.65 -0.46
0.03 0.71 -0.41
0.03 0.78 -0.38
0.07 0.88 -0.33
0 0.83 -0.36
-0.02 0.82 -0.4
-0.03 0.78 -0.43
0 0.82 -0.38
-0.02 0.78 -0.37
-0.02 0.76 -0.36
0 0.72 -0.38
-0.01 0.69 -0.39
-0.02 0.71 -0.41
-0.01 0.68 -0.4
-0.01 0.68 -0.37
-0.01 0.66 -0.39
-0.02 0.67 -0.4
-0.01 0.63 -0.39
-0.01 0.63 -0.36
0 0.61 -0.38
-0.01 0.62 -0.4
-0.03 0.62 -0.35
0 0.65 -0.37
-0.01 0.62 -0.37
-0.01 0.6 -0.36
0 0.62 -0.36
-0.01 0.58 -0.39
0 0.57 -0.38
-0.01 0.58 -0.37
0 0.58 -0.38
0 0.57 -0.38
-0.01 0.59 -0.38
0 0.56 -0.36
-0.01 0.59 -0.39
-0.01 0.58 -0.36
-0.01 0.58 -0.38
-0.01 0.56 -0.37
0 0.55 -0.37
0 0.55 -0.39
0 0.56 -0.38
0 0.55 -0.37
-0.01 0.56 -0.38
-0.01 0.56 -0.37
-0.01 0.56 -0.36
0 0.57 -0.36
-0.05 0.5 -0.36
-0.14 0.39 -0.33
0.02 0.62 -0.37
0.06 0.65 -0.38
-0.07 0.47 -0.35
-0.05 0.52 -0.38
0.16 0.8 -0.39
0.06 0.69 -0.38
0.14 0.78 -0.42
-0.02 0.59 -0.37
-0.02 0.59 -0.38
-0.01 0.59 -0.36
-0.03 0.58 -0.39
-0.01 0.59 -0.38
-0.01 0.6 -0.38
-0.01 0.59 -0.37
-0.02 0.61 -0.37
-0.03 0.57 -0.36
-0.01 0.58 -0.38
0.06 0.68 -0.39
0.15 0.79 -0.41
-0.01 0.61 -0.37
-0.01 0.58 -0.37
0.01 0.53 -0.38
-0.07 0.46 -0.38
-0.02 0.52 -0.38
-0.01 0.53 -0.41
0 0.54 -0.38
0 0.54 -0.39
0 0.52 -0.38
-0.01 0.55 -0.4
-0.02 0.54 -0.38
-0.01 0.54 -0.38
-0.16 0.72 -0.4
-0.12 0.67 -0.36
-0.05 0.6 -0.39
0.12 0.43 -0.4
-0.11 0.7 -0.38
0.06 0.48 -0.41
-0.02 0.54 -0.38
0.11 0.42 -0.44
-0.04 0.54 -0.36
0.02 0.44 -0.3
0.34 0.22 -0.61
-0.09 0.61 -0.2
-0.04 0.54 -0.34
-0.08 0.57 -0.39
0 0.5 -0.33
0.06 0.48 -0.44
-0.03 0.54 -0.44
0 0.5 -0.37
0 0.5 -0.34
0 0.52 -0.45
-0.01 0.5 -0.3
0 0.52 -0.34
0.03 0.51 -0.32
0.26 0.34 -0.59
-0.09 0.62 -0.24
0.04 0.49 -0.41
-0.03 0.65 -0.45
0.08 0.51 -0.41
-0.1 0.66 -0.25
0.01 0.59 -0.48
0 0.55 -0.26
0 0.56 -0.2
0 0.58 -0.28
0 0.61 -0.4
0.02 0.69 -0.57
0.01 0.67 -0.5
-0.14 0.74 -0.29
-0.03 0.67 -0.36
0.17 0.56 -0.53
-0.04 0.66 -0.42
-0.04 0.65 -0.37
0 0.62 -0.42
0 0.6 -0.44
0 0.59 -0.39
0 0.55 -0.22
0.02 0.6 -0.4
0 0.63 -0.55
-0.01 0.58 -0.51
-0.01 0.59 -0.44
0 0.55 -0.43
-0.09 0.62 -0.37
0 0.57 -0.44
0 0.58 -0.48
0.01 0.57 -0.44
0 0.55 -0.41
0 0.57 -0.37
0 0.58 -0.25
-0.01 0.54 -0.28
0 0.59 -0.33
-0.01 0.61 -0.44
0 0.67 -0.58
0 0.56 -0.34
-0.02 0.32 0.98
-0.02 0.66 -0.35
-0.01 0.67 -0.34
0 0.71 -0.37
-0.01 0.72 -0.34
-0.01 0.72 -0.34
-0.02 0.74 -0.37
-0.01 0.75 -0.35
-0.01 0.72 -0.34
-0.02 0.7 -0.35
0 0.7 -0.36
-0.02 0.68 -0.34
-0.02 0.67 -0.32
-0.02 0.68 -0.37
-0.01 0.65 -0.33
-0.01 0.64 -0.33
0 0.67 -0.37
-0.02 0.66 -0.35
0 0.65 -0.32
-0.02 0.65 -0.33
-0.01 0.63 -0.32
-0.02 0.63 -0.36
-0.03 0.65 -0.32
0 0.64 -0.37
-0.01 0.64 -0.35
0 0.65 -0.34
-0.02 0.65 -0.33
0 0.62 -0.35
0.04 0.7 -0.33
0.05 0.72 -0.37
-0.01 0.63 -0.33
-0.01 0.63 -0.32
-0.01 0.64 -0.33
-0.02 0.61 -0.36
-0.03 0.61 -0.36
-0.01 0.62 -0.31
-0.01 0.61 -0.31
-0.03 0.6 -0.34
-0.01 0.61 -0.35
0 0.62 -0.35
0 0.6 -0.35
0 0.61 -0.38
-0.02 0.59 -0.33
-0.01 0.6 -0.32
0 0.58 -0.34
0 0.58 -0.33
-0.01 0.59 -0.33
-0.01 0.58 -0.32
0 0.58 -0.32
0 0.58 -0.33
-0.01 0.57 -0.36
-0.01 0.56 -0.34
0 0.57 -0.34
0 0.58 -0.35
-0.01 0.57 -0.32
-0.01 0.56 -0.31
-0.01 0.56 -0.35
-0.01 0.57 -0.34
-0.03 0.55 -0.34
-0.03 0.56 -0.31
-0.01 0.53 -0.32
0 0.56 -0.31
0.02 0.56 -0.34
0 0.57 -0.32
-0.02 0.53 -0.33
0.01 0.56 -0.36
-0.01 0.58 -0.26
0 0.57 -0.33
0 0.55 -0.36
0.01 0.54 -0.36
-0.02 0.56 -0.33
-0.07 0.65 -0.16
0 0.55 -0.36
-0.06 0.53 -0.29
0.16 0.54 -0.48
0.07 0.51 -0.48
-0.01 0.59 -0.27
-0.06 0.6 -0.26
0.01 0.57 -0.35
0.03 0.53 -0.42
0.01 0.55 -0.38
-0.05 0.57 -0.29
-0.05 0.56 -0.35
0 0.54 -0.32
-0.03 0.55 -0.32
0.01 0.57 -0.34
0.01 0.58 -0.31
-0.06 0.57 -0.3
-0.06 0.58 -0.29
0 0.55 -0.37
0.03 0.54 -0.39
0.01 0.56 -0.37
0.02 0.55 -0.34
-0.04 0.55 -0.32
-0.02 0.58 -0.32
0 0.59 -0.32
-0.03 0.57 -0.31
-0.04 0.55 -0.32
-0.02 0.54 -0.32
-0.03 0.55 -0.32
-0.01 0.56 -0.35
0.03 0.57 -0.35
0 0.58 -0.29
0.03 0.55 -0.42
0 0.58 -0.33
0 0.59 -0.29
-0.07 0.59 -0.25
-0.04 0.56 -0.3
-0.01 0.5 -0.44
0.05 0.53 -0.42
0 0.55 -0.37
0.01 0.63 -0.31
0.03 0.59 -0.31
0 0.64 -0.3
0 0.61 -0.31
-0.01 0.55 -0.36
-0.04 0.49 -0.39
-0.04 0.58 -0.32
-0.04 0.57 -0.32
-0.03 0.59 -0.29
0.01 0.58 -0.37
0.03 0.56 -0.41
0 0.58 -0.32
-0.04 0.61 -0.3
0 0.57 -0.34
0 0.58 -0.35
-0.03 0.58 -0.33
0.02 0.58 -0.39
0 0.59 -0.32
-0.01 0.61 -0.31
-0.06 0.55 -0.33
-0.02 0.58 -0.35
-0.02 0.57 -0.36
0 0.57 -0.36
0 0.58 -0.34
-0.04 0.6 -0.27
-0.04 0.59 -0.3
0.03 0.55 -0.43
-0.03 0.59 -0.31
-0.04 0.61 -0.29
-0.01 0.61 -0.34
0.02 0.58 -0.37
0.04 0.59 -0.35
-0.01 0.59 -0.32
0.02 0.59 -0.37
0 0.59 -0.34
0 0.6 -0.36
-0.04 0.61 -0.34
0.01 0.62 -0.31
-0.04 0.64 -0.28
-0.03 0.57 -0.36
-0.03 0.6 -0.3
0.1 0.58 -0.43
-0.03 0.58 -0.34
-0.03 0.61 -0.34
-0.03 0.63 -0.27
-0.02 0.56 -0.31
0.01 0.59 -0.33
0.03 0.6 -0.32
-0.04 0.55 -0.39
-0.03 0.56 -0.37
0.01 0.6 -0.37
-0.01 0.61 -0.28
-0.01 0.61 -0.34
-0.07 0.61 -0.3
0.02 0.6 -0.39
0.04 0.59 -0.36
-0.02 0.61 -0.33
-0.01 0.59 -0.35
-0.04 0.59 -0.33
-0.01 0.58 -0.35
0.01 0.61 -0.32
0.03 0.59 -0.39
0.04 0.6 -0.37
-0.02 0.59 -0.33
-0.04 0.6 -0.28
0 0.59 -0.38
0.02 0.59 -0.34
0 0.6 -0.34
-0.03 0.6 -0.33
-0.03 0.59 -0.32
-0.01 0.59 -0.37
-0.01 0.63 -0.31
-0.04 0.61 -0.29
-0.07 0.6 -0.33
0 0.6 -0.37
0 0.6 -0.34
0 0.59 -0.33
0 0.59 -0.34
0 0.59 -0.36
0 0.6 -0.3
0 0.59 -0.39
-0.01 0.61 -0.32
-0.01 0.62 -0.33
0.01 0.61 -0.32
0.01 0.62 -0.32
0.02 0.58 -0.38
0 0.59 -0.34
-0.01 0.59 -0.33
0.03 0.6 -0.37
-0.06 0.6 -0.3
-0.03 0.6 -0.33
0.01 0.59 -0.32
-0.03 0.61 -0.31
0.03 0.63 -0.32
0 0.61 -0.35
0 0.6 -0.34
0.01 0.58 -0.4
-0.04 0.62 -0.31
0 0.6 -0.34
-0.03 0.6 -0.3
0 0.59 -0.34
0.02 0.6 -0.35
0.02 0.59 -0.37
0.02 0.58 -0.38
0.01 0.6 -0.32
0 0.6 -0.37
-0.02 0.6 -0.36
0 0.61 -0.33
-0.02 0.6 -0.31
0.06 0.59 -0.38
0.01 0.58 -0.34
0.03 0.6 -0.35
-0.03 0.59 -0.36
0.01 0.61 -0.34
-0.03 0.59 -0.32
0.01 0.63 -0.3
0 0.6 -0.33
0.03 0.62 -0.39
-0.01 0.61 -0.31
-0.03 0.6 -0.32
-0.04 0.61 -0.32
-0.05 0.62 -0.32
-0.03 0.6 -0.31
0.01 0.62 -0.34
-0.01 0.61 -0.34
0.01 0.6 -0.36
0.02 0.59 -0.35
-0.02 0.59 -0.31
-0.04 0.62 -0.28
0.03 0.58 -0.4
0.03 0.57 -0.36
0.06 0.58 -0.39
-0.01 0.59 -0.32
-0.02 0.57 -0.33
-0.05 0.59 -0.32
-0.02 0.59 -0.33
0.07 0.6 -0.37
0.01 0.58 -0.31
0 0.57 -0.34
-0.01 0.59 -0.35
0.01 0.58 -0.36
0.02 0.62 -0.34
-0.02 0.61 -0.33
-0.02 0.61 -0.31
-0.02 0.59 -0.32
0.02 0.6 -0.35
0 0.59 -0.34
0.03 0.6 -0.35
0 0.6 -0.36
-0.02 0.61 -0.33
0.01 0.59 -0.33
-0.02 0.63 -0.31
-0.02 0.61 -0.35
-0.02 0.64 -0.3
0.53 0.82 -0.32
-0.33 0.39 -0.56
0.02 0.65 -0.36
0.04 0.65 -0.35
0.02 0.64 -0.38
-0.04 0.72 -0.24
0.06 0.64 -0.36
0.03 0.63 -0.39
0.06 0.64 -0.39
-0.02 0.62 -0.33
0.11 0.71 -0.34
0.21 0.71 -0.35
-0.07 0.61 -0.32
-0.47 0.29 -0.35
-0.05 0.59 -0.32
0.04 0.65 -0.37
0.05 0.69 -0.31
0 0.71 -0.31
0 0.7 -0.37
0.08 0.71 -0.36
0.04 0.7 -0.34
-0.02 0.68 -0.33
-0.01 0.66 -0.38
-0.14 0.63 -0.33
-0.06 0.67 -0.33
0.05 0.64 -0.38
0 0.66 -0.31
0 0.66 -0.35
0 0.64 -0.39
0.02 0.66 -0.34
-0.04 0.64 -0.31
-0.01 0.62 -0.35
0 0.65 -0.33
0 0.63 -0.32
0.01 0.62 -0.36
0.01 0.65 -0.35
0.01 0.62 -0.34
-0.01 0.58 -0.35
0.14 0.6 -0.3
0.14 0.57 -0.34
0.43 0.46 -0.25
0.28 0.5 -0.41
-0.1 0.7 -0.25
-0.3 0.73 -0.36
-0.32 0.89 -0.35
-0.17 0.83 -0.31
-0.05 0.77 -0.36
-0.07 0.72 -0.33
0.01 0.7 -0.36
-0.03 0.73 -0.32
-0.07 0.72 -0.3
-0.08 0.66 -0.36
0.02 0.68 -0.35
0 0.67 -0.35
0.01 0.68 -0.33
-0.01 0.67 -0.31
-0.02 0.64 -0.34
-0.01 0.64 -0.35
0 0.64 -0.32
0.01 0.65 -0.35
-0.04 0.64 -0.33
-0.02 0.64 -0.33
0 0.61 -0.35
-0.01 0.63 -0.34
0.02 0.61 -0.33
-0.04 0.63 -0.3
-0.02 0.63 -0.33
0 0.6 -0.33
-0.01 0.59 -0.32
0 0.61 -0.32
-0.02 0.6 -0.34
-0.01 0.59 -0.35
-0.02 0.6 -0.32
0.01 0.59 -0.34
0 0.6 -0.36
0 0.59 -0.32
0 0.59 -0.32
-0.01 0.57 -0.34
-0.06 0.54 -0.36
-0.01 0.56 -0.36
0.01 0.55 -0.34
0.03 0.54 -0.4
-0.1 0.52 -0.34
-0.04 0.53 -0.36
0.1 0.63 -0.32
0.59 0.36 -0.16
0.61 0.08 -0.26
0.18 1.29 -1.27
-0.18 0.97 -0.51
-0.55 0.91 -0.19
-0.24 0.57 -0.54
-0.16 0.56 -0.45
-0.75 1.05 0.47
-0.19 0.24 -0.39
-0.1 1.14 -0.35
-0.06 0.74 -0.25
-0.15 0.31 -0.41
-0.01 0.76 -0.4
0.02 0.8 -0.37
-0.54 0.45 -0.25
0.67 1.36 -0.54
0.39 1.34 -0.35
0 0.9 -0.33
-0.03 0.91 -0.37
0.05 0.84 -0.36
0.01 0.9 -0.39
-0.28 0.29 -0.23
-2.06 -0.25 -0.02
-2.28 1.73 -0.28
-1.39 1.03 0.21
0.56 2.1 2.32
1.18 1.88 1.18
0.37 0.73 -1.47
1.48 -0.69 -2.61
1.27 -0.56 -2.25
0.41 0.57 -0.44
0.04 1.08 0.7
-0.12 1.71 -0.25
-0.18 1.81 -0.52
-0.17 1.9 -0.46
-0.2 1.88 -0.42
-0.09 1.59 -0.29
0.23 1.22 -0.59
0.26 1.18 -0.68
0.35 1.21 -1.07
0.4 1.1 -0.85
0.33 1.22 -0.78
0.26 1.26 -0.39
0.14 1.39 -0.13
0.07 1.56 0.06
0.1 1.56 -0.14
0.22 1.49 -0.5
0.22 1.54 -0.66
0.27 1.58 -1.09
0.22 1.63 -0.95
0.07 1.74 -0.31
0.07 1.73 -0.05
0.11 1.68 0.03
0.29 1.52 -0.35
0.35 1.5 -0.71
0.35 1.57 -0.67
0.29 1.62 -0.69
0.14 1.76 -0.23
0.14 1.73 -0.3
0.23 1.73 -0.51
0.22 1.73 -0.55
0.19 1.66 -0.4
0.19 1.6 -0.33
0.17 1.52 -0.38
0.14 1.46 -0.41
0.23 1.31 -0.5
0.24 1.27 -0.57
0.2 1.29 -0.65
0.05 1.43 -0.53
0.01 1.45 -0.45
0.04 1.31 -0.41
0.13 1.07 -0.44
0.15 1.03 -0.45
0.12 0.98 -0.43
0.09 1.02 -0.37
0.04 1.04 -0.37
0.04 1.03 -0.37
0.01 1.02 -0.43
0.01 0.99 -0.42
0.02 0.97 -0.43
0.01 0.9 -0.37
0 0.86 -0.34
0.01 0.84 -0.33
-0.1 0.26 -1.6
-3.82 -4.92 -0.83
0.72 -0.84 -0.4
0.36 2.43 2.29
0.03 1.15 -0.26
2.26 -1.86 -0.78
-0.17 0.8 0
-0.29 0.97 -0.08
-0.2 1.15 0.36
-0.43 1.6 0.18
-0.26 1.46 -0.34
-0.3 1.35 0.06
-0.7 1.22 0.09
0.43 1.66 -0.33
0.04 1.14 -0.69
0.32 0.73 -1.01
0.29 0.72 -0.77
0.13 1.07 -0.81
0.03 1.14 -0.35
0.01 1.16 -0.34
0 1.21 -0.24
0.04 1.2 -0.47
0.04 1.17 -0.47
0.02 1.16 -0.41
0 1.12 -0.33
-0.02 1.08 -0.34
0 1.03 -0.36
0.01 1.01 -0.43
0 0.98 -0.37
0 0.97 -0.31
-0.01 0.95 -0.36
-0.03 0.92 -0.37
-0.01 0.88 -0.36
-0.04 0.89 -0.34
-0.04 0.88 -0.35
-0.04 0.86 -0.36
-0.06 0.84 -0.34
-0.03 0.82 -0.36
-0.03 0.82 -0.36
-0.05 0.75 -0.36
-0.06 0.76 -0.34
-0.07 0.76 -0.34
-0.05 0.77 -0.36
-0.07 0.74 -0.36
-0.05 0.67 -0.33
-0.03 0.69 -0.37
-0.07 0.73 -0.32
-0.07 0.71 -0.31
-0.06 0.68 -0.35
-0.08 0.69 -0.32
-0.07 0.68 -0.35
-0.08 0.67 -0.33
-0.08 0.66 -0.37
-0.07 0.67 -0.32
-0.04 0.66 -0.35
-0.06 0.65 -0.34
-0.08 0.67 -0.36
-0.07 0.66 -0.34
-0.06 0.64 -0.37
-0.07 0.64 -0.35
-0.09 0.63 -0.33
-0.09 0.62 -0.3
-0.08 0.63 -0.35
-0.08 0.63 -0.33
-0.06 0.63 -0.34
-0.06 0.62 -0.35
-0.08 0.64 -0.31
-0.07 0.63 -0.33
-0.07 0.63 -0.33
-0.07 0.63 -0.34
-0.1 0.61 -0.31
-0.08 0.62 -0.33
-0.08 0.61 -0.33
-0.08 0.62 -0.31
-0.07 0.62 -0.34
-0.11 0.6 -0.34
-0.09 0.64 -0.34
-0.1 0.62 -0.31
-0.06 0.57 -0.33
-0.06 0.56 -0.34
-0.08 0.6 -0.29
-0.1 0.62 -0.33
-0.08 0.63 -0.32
-0.11 0.64 -0.33
-0.09 0.64 -0.3
-0.08 0.6 -0.33
-0.09 0.61 -0.33
-0.06 0.55 -0.3
-0.09 0.6 -0.33
-0.09 0.61 -0.33
-0.1 0.61 -0.33
-0.1 0.6 -0.33
-0.09 0.59 -0.34
-0.08 0.6 -0.34
-0.1 0.61 -0.32
-0.1 0.6 -0.35
-0.09 0.6 -0.32
-0.1 0.6 -0.31
-0.1 0.59 -0.3
-0.09 0.59 -0.32
-0.09 0.58 -0.31
-0.09 0.59 -0.33
-0.09 0.6 -0.32
-0.07 0.58 -0.32
-0.09 0.59 -0.33
-0.1 0.6 -0.34
-0.09 0.59 -0.31
-0.08 0.62 -0.32
-0.1 0.56 -0.35
-0.1 0.6 -0.32
-0.09 0.6 -0.34
-0.11 0.58 -0.28
-0.12 0.63 -0.33
-0.12 0.65 -0.32
-0.11 0.63 -0.33
-0.07 0.51 -0.34
-0.05 0.55 -0.31
-0.09 0.6 -0.31
-0.09 0.61 -0.3
-0.1 0.61 -0.32
-0.09 0.59 -0.32
-0.09 0.6 -0.28
-0.09 0.58 -0.34
-0.09 0.58 -0.32
-0.09 0.59 -0.32
-0.08 0.59 -0.37
-0.1 0.6 -0.34
-0.08 0.6 -0.33
-0.11 0.58 -0.31
-0.1 0.6 -0.31
-0.1 0.58 -0.32
-0.08 0.6 -0.31
-0.09 0.59 -0.32
-0.08 0.59 -0.31
-0.08 0.59 -0.31
-0.09 0.58 -0.34
-0.09 0.6 -0.31
-0.11 0.58 -0.33
-0.1 0.6 -0.3
-0.09 0.6 -0.31
-0.08 0.57 -0.32
-0.09 0.6 -0.32
-0.09 0.61 -0.31
-0.1 0.59 -0.32
-0.09 0.6 -0.31
-0.13 0.59 -0.33
-0.11 0.59 -0.3
-0.11 0.62 -0.31
-0.09 0.55 -0.36
-0.12 0.6 -0.32
-0.12 0.59 -0.31
-0.1 0.63 -0.3
-0.1 0.6 -0.34
-0.1 0.6 -0.32
-0.11 0.58 -0.35
-0.12 0.59 -0.34
-0.11 0.59 -0.32
