0 0 0
-8.3125 0.0625 0.5625
-7.25 0 1.125
-8.125 -0.375 -0.5625
-8.9375 -0.125 -0.0625
-6.1875 -0.0625 1.125
-6.9375 1.1875 1.6875
-8.875 2.1875 1.25
-9.6875 2.125 0.25
-10 1.5625 -0.5
-8.875 0.4375 -0.5
-5 -1.3125 0.125
-3.875 -2.0625 0.25
-5.625 -1.375 -0.125
-9.1875 0.1875 -0.9375
-12.25 1 -0.875
-12.625 1.5 -0.25
-8.5 0.625 0.5625
-5 -0.25 1
-6.25 -0.625 0.3125
-6.5 -0.6875 -0.3125
-6.4375 -0.0625 -0.625
-7.125 0.3125 -0.5625
-9.1875 0.8125 -0.125
-8.375 0.6875 0.3125
-8.375 1.125 0.6875
-10.25 1.375 1.25
-11.25 0.375 1.3125
-8.0625 -1.875 2.25
-4.625 -4.125 3
-6.8125 -6.0625 2.625
-7.5625 -9 2.6875
-3.1875 -12.5625 4
-3.625 -15.4375 4.8125
1.0625 -17.625 3.875
-0.125 -19 3.25
0.4375 -21.5625 1.75
-2.5 -23.5625 -0.8125
-3.8125 -25.3125 -2.375
2 -25.9375 -1.8125
-2.125 -26.4375 -2.9375
-8.875 -28.375 -6
-8.3125 -32.9375 -8.375
-2.1875 -38.625 -10.125
0 -42.9375 -11.125
-2.6875 -45.3125 -11.75
-7 -46.5 -12.625
-5.1875 -48.625 -14.25
2.75 -51.875 -16.6875
5.5625 -52.875 -20.8125
3.75 -52.3125 -25.9375
4.8125 -51.25 -29.1875
6.0625 -48.625 -30.4375
4.5 -45 -31
0.5 -41.875 -33.5625
-3.75 -38.9375 -37
-8.125 -35.1875 -40.4375
-8.625 -31.625 -42.5
-5.3125 -29.125 -42.75
-3.75 -25.9375 -42.375
-3.6875 -22.6875 -42.8125
0.6875 -19.3125 -43.4375
1.125 -15.5625 -45.375
-2.0625 -12.4375 -50.0625
-0.6875 -9.25 -53.4375
2.4375 -5 -56.125
-0.0625 2.1875 -58.5625
0 11.5 -59.4375
-2 20.3125 -61.125
8.25 26.3125 -59.625
24.0625 29.75 -57.1875
20.1875 32.625 -57.625
14.75 34.75 -56.875
22.6875 35 -53.75
29.5 34.6875 -54.5
32.0625 34.625 -58
34.4375 35.875 -61.875
24.875 40.625 -64.4375
17.0625 47.3125 -61.75
14.5 54 -56.1875
5.3125 60.0625 -52.25
0.1875 65.4375 -47.9375
4.875 69.4375 -44.8125
0.5 73 -45.0625
-2.75 77.0625 -44.625
-1.5 79.4375 -42.25
9.3125 81.0625 -37.1875
14.375 82.6875 -34.0625
9.625 85.875 -32.6875
3.6875 90.75 -30.8125
3.0625 94.625 -26.8125
9.5625 96.1875 -19.4375
14.1875 96.875 -10.9375
12.25 97.5 -3.9375
4.25 98.25 0.625
1.5625 96.3125 3.8125
-2.0625 95.25 7.0625
-10.875 95.5625 9.625
-12.6875 96.5 13.25
-17.6875 98.4375 19.375
-20.5625 100.6875 22.25
-26.1875 103.8125 25.3125
-10.875 101.625 25.5
-12.6875 107.5625 29.1875
-29.5 108.75 47.5625
-12.5 98.25 61.1875
8.0625 88.8125 72.25
0.8125 84.5 76.875
-13.875 85.1875 79.4375
-41.0625 83.0625 72.125
-27.125 78.125 74.375
-13.1875 72.1875 77.6875
-6.1875 68.125 79.5625
-13.3125 65.375 78.9375
-21.375 64.625 77.625
-25.8125 64.0625 77.4375
-24 61.5 76.75
-25.25 56.125 70.1875
-36.6875 53.9375 66.625
-41.5625 50 68.4375
-36.5625 44.75 73.625
-32.4375 31.8125 77.75
-40.5 26.0625 74.625
-37.5625 16.125 81.1875
-36 11.1875 86.25
-31.25 6.5 90.5
-28.25 2.4375 92.8125
-27.8125 -3.25 92.5625
-23.75 -13.8125 94.5
-26.4375 -17.875 95.125
-31.1875 -20.5625 96.125
-40.25 -22.125 93.375
-39.5625 -23.5 91.375
-38.1875 -26.375 91.125
-28.3125 -31.25 91.625
-25 -35.625 90.75
-24.3125 -38.5625 89.125
-20.4375 -41 87
-26.875 -42.8125 78.5625
-36.125 -42.875 74.8125
-39.375 -45.625 72.25
-36.5 -53.75 71
-33.9375 -57.875 69.25
-30.9375 -61.3125 66.375
-27.125 -62.375 62.75
-35.875 -59.625 57.1875
-35.6875 -53.6875 52.8125
-44.5625 -50 46
-52.5625 -48.625 39.3125
-47.5625 -50.5 34.75
-47.1875 -55.4375 27.875
-42.5625 -58.0625 24.25
-44.6875 -58.8125 20.4375
-42.9375 -61.1875 17.6875
-31.3125 -66.4375 15.6875
-22.6875 -71.4375 14.1875
-16.5625 -73.6875 13.5625
-19.9375 -73.3125 10.3125
-23.9375 -72.8125 6.3125
-21.5625 -72 3.25
-16.4375 -71.875 1.625
-19.5 -70.375 -3.1875
-26.6875 -68 -9.1875
-33.125 -64.8125 -18.6875
-30.9375 -66.125 -23.6875
-27.3125 -66.375 -27.0625
-25.5 -66.625 -29.6875
-23.8125 -65.4375 -30.1875
-23.75 -65.4375 -30.25
-12.4375 -66.5625 -30.5
3.375 -68.1875 -37.1875
0.5 -67.875 -42.25
-4.375 -67.125 -45.8125
-5.625 -66.5625 -46.1875
-3.25 -65.4375 -44.4375
-5.5 -62.625 -42.625
-4.75 -58.3125 -37.8125
4.3125 -53.9375 -32.0625
6.5 -51.0625 -31.0625
-8.8125 -42 -40.4375
-20.5 -37.1875 -50.375
-21.5625 -34.0625 -57.3125
-20.75 -31.375 -60.625
-20.1875 -31.125 -62
-12.8125 -31.75 -59.9375
-5.875 -30.4375 -54.625
-13.4375 -25.25 -51
-31.5 -18.4375 -50.3125
-35.1875 -13.5625 -49.75
-33 -11.375 -48.875
-26.6875 -12.1875 -48.4375
-18.8125 -12.875 -48.0625
-12.5625 -11.9375 -50.375
-5.625 -10.875 -50.8125
-5.4375 -8.6875 -50.25
-4.75 -6.75 -47.3125
-8.3125 -3.8125 -40.5625
-3.3125 -3.25 -35.875
-3 -3 -32.5625
-7.375 -3.5625 -30.25
-13 -3.8125 -28.1875
-17.0625 -6.875 -24.3125
-8.8125 -8.625 -19.8125
-0.625 -8.4375 -16.625
-0.75 -5.5625 -16.1875
-4.9375 -2.0625 -16.6875
-9.125 -0.125 -16.6875
-12.875 0.5625 -15.75
-14.4375 1.75 -14.5
-15.0625 3.6875 -15.375
-16.625 7.5 -16.5625
-19.375 9.375 -16
-16.5 7.125 -13.75
-6.25 2.1875 -10.5625
4.375 -2.1875 -8.0625
8.1875 -4.1875 -6.25
11.75 -3.75 -5.375
7.125 -0.625 -6
-2.125 3.8125 -6.4375
-7.9375 7.3125 -5.5625
-7.25 8.1875 -3.625
-3.5625 7.5625 -1.9375
-1.875 6.6875 -1.75
1.125 6.5 -2.125
1.0625 8.25 -3.0625
-6.8125 11.8125 -4.75
-12 15.5 -6
-13.75 18.1875 -6.6875
-14.625 19.0625 -7.125
-13.75 18.5 -7.125
-13.25 16.9375 -7.625
-13.875 15.8125 -7.5625
-13.8125 14.9375 -6.8125
-12.875 14.125 -7
-11.4375 12.125 -7.6875
-7.3125 9.5 -6.6875
-1.25 6.375 -4.25
0.3125 3.4375 -2.1875
2.9375 0.875 0.1875
7.375 -0.875 2.6875
5.125 -1.4375 3.9375
4.625 -1.375 4.6875
3.0625 -0.8125 2
-0.0625 -0.25 -0.8125
-2.1875 -0.4375 -3.0625
-0.6875 -0.8125 -3.5625
-1.5625 -1.4375 -3.8125
-2.125 -0.8125 -3
-3.0625 0.25 -2.25
-0.9375 1.875 -1.25
-2.0625 3.1875 -0.4375
-0.4375 3.1875 0.8125
0 2.375 2
2.4375 1.25 3.3125
4.5625 0.0625 4.125
2.9375 -0.5 4.1875
2.125 0.5 4.25
-0.25 1.625 2.4375
-5.625 2.75 0.25
-6.8125 3.5 -0.875
-8.1875 3.6875 -3.1875
-11.6875 3.1875 -8
-16.9375 1.6875 -11.625
-12.625 0.6875 -10.3125
-8.125 0.9375 -7.75
-10.5 3.25 -6.625
-17.5 5.75 -8.375
-19.625 6.0625 -11.8125
-14 5.0625 -14.1875
-9.5 3.75 -16.125
-9.1875 2.1875 -17.9375
-13 1.5 -18.625
-13.4375 2.1875 -16.625
-12.8125 3.5625 -12.8125
-7.6875 2.4375 -10.6875
-3.0625 -0.3125 -12.1875
2.125 -3.625 -17.5
5.375 -7.0625 -23.25
6.75 -9 -25.25
1.6875 -8.1875 -23.25
-10.875 -5.5625 -19.0625
-18.8125 -4.1875 -14
-22.875 -3.9375 -9.4375
-18.5 -4 -7.4375
-13.875 -4.5 -7.9375
-10.9375 -3.8125 -9.5625
-13.6875 -2.8125 -11.25
-12.9375 -2.5 -10.6875
-8.375 -3.125 -8.8125
-6.9375 -2.75 -5.9375
-11.5 -1.375 -4.6875
-14.625 -0.6875 -4.75
-13.1875 -0.9375 -4.75
-9.8125 -0.9375 -4.125
