0 0 0
0 0 0
0 0 0
0 0 0
0 0 0
1.35 6.11 -2.33
1.34 5.89 -2.46
1.38 5.42 -2.25
1.38 5.45 -2
1.37 5.65 -1.78
1.34 5.99 -1.59
1.37 5.94 -1.75
1.39 5.79 -2.26
1.39 5.81 -2.72
1.4 5.99 -2.62
1.35 6.19 -2.31
1.3 6.21 -1.8
1.32 6.08 -1.93
1.35 5.86 -2.12
1.35 5.7 -2.23
1.36 5.97 -2.35
1.39 6.13 -2.38
1.42 6.33 -2.38
1.4 6.35 -2.17
1.41 6.49 -2.09
1.4 6.51 -1.97
1.4 6.45 -1.57
1.31 6.62 -0.73
1.27 6.45 -0.66
1.32 6.25 -0.61
1.28 6.18 -0.33
1.19 6.53 0.19
1.52 6.4 0.04
0.99 5.33 -0.18
1.12 5.14 -0.41
1.13 4.84 -0.28
1.15 4.67 -0.37
1.06 4.67 -0.43
1.07 5.21 -0.87
1.02 4.68 -0.68
0.92 4.34 -0.56
0.62 4.01 0.78
0.53 4.05 0.95
0.45 4.19 0.56
0.38 4.32 -0.08
0.36 4.15 -0.94
0.24 3.83 -0.9
0.06 3.34 -0.92
-0.01 2.63 -2.28
-0.11 2.61 -2.9
-0.19 3.12 -3.35
-0.2 3.74 -3.92
-0.17 4.06 -4.92
-0.26 3.71 -4.97
-0.3 3.52 -5.21
-0.28 3.82 -5.65
-0.31 4.29 -5.52
-0.41 4.75 -5.27
-0.43 5.15 -5.4
-0.48 4.86 -5.69
-0.47 4.75 -5.94
-0.54 4.37 -6.11
-0.57 3.6 -6.08
-0.58 4.05 -6.26
-0.54 4.4 -6.71
-0.55 4.76 -7.35
-0.72 5.67 -8.24
-0.82 5.69 -7.85
-1.09 6.34 -6.94
-1.07 6.81 -5.81
-0.95 6.42 -5.62
-0.95 6.7 -5.19
-0.94 7.2 -4.69
-0.93 5.66 -4.62
-1.18 5.39 -4.96
-1.33 5.4 -5.62
-1.4 7.34 -7.49
-1.45 8.95 -7.85
-1.52 9.83 -7.94
-1.49 9.7 -7.86
-1.74 9.64 -7.31
-1.79 9.04 -7
-1.72 8.23 -6.67
-1.89 8.69 -6.06
-1.81 9.34 -5.54
-1.73 10.04 -5.51
-1.58 9.94 -5.48
-1.51 9.85 -5.99
-1.39 10.36 -6.15
-1.39 11.23 -5.61
-1.59 13.11 -4.23
-1.48 13.25 -3.99
-1.3 12.89 -3.99
-1.07 12.15 -4.14
-0.9 11.05 -3.54
-0.68 10.93 -3.88
-0.47 10.8 -4.22
-0.4 11 -4.63
-0.3 10.88 -4.56
0.01 10.06 -4.82
-0.16 10.25 -4.66
-0.33 9.82 -2.24
-0.25 11.63 -4.82
-0.24 12.62 -5.05
-0.53 15.32 2.38
-0.39 14.69 2.32
0.01 11.8 0.01
0.08 10.77 -0.95
0.31 8.83 -1.17
0.53 9.37 1.09
0.66 9.46 1.19
0.79 9.08 0.61
0.92 8.1 -0.82
1.29 7.91 -1.04
1.49 7.5 -1.19
1.61 6.77 -0.39
1.75 6.21 -0.21
1.82 6.09 -0.41
1.9 8.99 1.16
1.95 9.77 1.88
1.91 9.64 2.5
1.91 7.56 2.3
2.01 8.35 1.95
2.03 9.86 1.89
1.91 9.27 1.86
1.96 8.72 1.68
1.97 7.39 2.31
2.02 7.48 2.28
2.02 7.62 1.71
2.11 7.29 0.96
2.18 5.72 0.56
2.24 5.47 0.03
2.3 6.19 1.08
2.27 6.16 1.32
2.28 5.69 1.01
2.35 5.05 0.29
2.34 4.51 0.03
2.38 4.11 -0.39
2.45 3.94 -0.87
2.63 4.89 0.03
2.66 5.27 0.19
2.77 4.7 0.22
2.8 3.85 -0.35
2.76 3.48 -1.18
3.16 2.95 -3.45
3.13 3.92 -3.44
3.08 3.63 -3.13
3.34 2.1 -2.43
3.39 2.59 -1.74
3.38 2.75 -1.4
3.42 2.91 -1.08
3.46 2.68 -1.39
3.38 3.04 -0.38
3.35 3.11 -0.17
3.24 3.29 -0.42
3.3 3.59 -1.29
3.4 2.68 -2.74
3.42 2.88 -3.05
3.41 3.39 -3.13
3.46 3.49 -2.89
3.4 2.25 -3.89
3.32 2.04 -4.07
3.36 2.54 -4.02
3.12 2.64 -3.01
3.22 3.41 -3.28
3.19 4.09 -3.25
3.18 4.74 -3.46
3.13 4.96 -3.91
2.86 4.77 -3.29
2.77 4.18 -3.52
2.69 3.46 -4.25
2.65 4.5 -4.88
2.6 5.47 -4.95
2.63 6.77 -5.96
2.64 7.18 -6.69
2.6 8.06 -7.15
2.58 7.11 -7.24
2.48 5.85 -7.12
2.46 4.83 -7.54
2.56 2.8 -7.45
2.48 3.93 -7.03
2.46 4.91 -6.68
2.33 6.8 -5.5
2.41 8.03 -5.67
2.44 8.76 -6.36
2.56 8.51 -7.44
2.51 7.63 -7.66
2.42 7.57 -6.96
2.28 7.48 -5.98
2.25 7.45 -4.66
2.33 7.45 -4.72
2.4 7.34 -4.79
2.52 8.15 -5.08
2.51 8.74 -5.14
2.48 9.35 -5.12
2.45 9.56 -5.16
2.43 9.82 -5.09
2.43 9.58 -5.01
2.35 9.27 -4.65
2.31 9.25 -4.54
2.27 9.07 -4.13
2.22 9.41 -3.81
2.18 9.26 -5.25
2.22 8.58 -6.05
2.15 8.37 -6.15
2.05 8.5 -5.77
1.98 8.74 -5.5
1.93 8.78 -5.52
1.87 8.15 -5.85
1.81 8.39 -5.68
1.76 8.94 -4.77
1.59 9.63 -2.35
1.56 9.61 -2.07
1.65 9.32 -2.6
1.69 8.98 -3.51
1.72 8.35 -5.39
1.71 8.21 -6.12
1.66 8.39 -6.27
1.48 8.95 -5.17
1.41 8.94 -4.5
1.36 8.65 -4.16
1.34 8.19 -4.29
1.46 7.51 -4.93
1.59 7.25 -5.53
1.68 7.14 -5.97
1.71 7.43 -5.49
1.69 7.59 -4.89
1.66 7.68 -4.25
1.64 7.72 -3.62
1.66 7.92 -2.9
1.71 8.19 -3.04
1.72 8.28 -3.07
1.66 8.12 -2.91
1.65 8.2 -2.71
1.67 8.49 -2.41
1.59 9.48 -1.73
1.6 9.4 -1.88
1.63 9.47 -2.07
1.71 9.09 -3.01
1.7 8.69 -3.4
1.74 8.47 -3.79
1.72 8 -3.98
1.71 7.21 -4.22
1.66 7.56 -4.08
1.63 8.3 -3.93
1.62 8.58 -4.1
1.68 8.82 -4.38
1.63 8.93 -4.5
1.59 9.06 -4.66
1.52 9.07 -4.33
1.49 9.24 -3.91
1.38 9.15 -3.42
1.33 9.11 -3.35
1.31 8.85 -3.45
1.33 8.57 -3.79
1.43 8.05 -4.43
1.46 7.48 -4.36
1.49 7.56 -4.25
1.53 7.1 -3.94
1.49 6.53 -3.83
1.53 6.24 -3.61
1.46 6.87 -3.32
1.52 8.74 -3.72
1.55 8.7 -4.25
1.57 8.17 -4.7
1.51 6.72 -4.24
1.46 6.69 -3.76
1.46 6.95 -3.53
1.43 7.1 -3.38
1.54 7.9 -3.47
1.55 8.66 -3.63
1.59 9.51 -3.96
1.59 9.89 -3.88
1.41 8.51 -2.61
1.44 7.27 -2.4
1.4 6.39 -2.47
1.4 7.32 -3.07
1.47 8.71 -3.79
1.57 10.04 -4.53
1.5 11.17 -4.76
1.42 11.12 -4.5
1.3 10.64 -4.3
1.22 9.86 -4.26
1.13 8.6 -4.41
1.12 8.55 -4.64
1.13 8.86 -4.55
1.11 9.5 -4.27
1.11 10.29 -4.16
1.12 10.33 -4.47
1.17 9.9 -4.61
1.11 9.35 -4.17
1.11 9.43 -4
1.14 9.61 -4.02
1.17 9.71 -4.02
