0 0 0 0
0 0 0 0
0 0 0 0
0 0 0 0
0 0 0 0
1 -0.0044555664 -0.000061035156 0.00018310547
1 -0.005554199 0.000061035156 0.00048828125
1 -0.0063476562 0.00024414062 0.00061035156
1 -0.0071411133 0.0004272461 0.00061035156
0.99993896 -0.0079956055 0.0005493164 0.00061035156
0.99993896 -0.008728027 0.0005493164 0.00061035156
0.99993896 -0.009155273 0.0004272461 0.00061035156
0.99993896 -0.009460449 0.00024414062 0.00061035156
0.99993896 -0.0099487305 0.00012207031 0.00061035156
0.99993896 -0.0107421875 0.00012207031 0.0005493164
0.99993896 -0.011779785 0.00024414062 0.0004272461
0.99993896 -0.012878418 0.00036621094 0.0004272461
0.9998779 -0.013549805 0.00036621094 0.0004272461
0.9998779 -0.013977051 0.00036621094 0.0005493164
0.9998779 -0.014526367 0.00036621094 0.0005493164
0.9998779 -0.015075684 0.00030517578 0.0005493164
0.9998779 -0.015625 0.00030517578 0.00048828125
0.9998779 -0.016235352 0.00030517578 0.00048828125
0.9998779 -0.017028809 0.00036621094 0.00048828125
0.9998169 -0.017700195 0.0004272461 0.00048828125
0.9998169 -0.018432617 0.00048828125 0.0005493164
0.9998169 -0.01928711 0.00061035156 0.0006713867
0.9998169 -0.020263672 0.00061035156 0.0007324219
0.99975586 -0.020935059 0.00048828125 0.0009765625
0.99975586 -0.02130127 0.00012207031 0.0012207031
0.99975586 -0.021911621 -0.00036621094 0.0014648438
0.99975586 -0.022521973 -0.001159668 0.0017089844
0.99975586 -0.022827148 -0.0021972656 0.0020751953
0.9996948 -0.023132324 -0.003479004 0.0025024414
0.9996948 -0.023010254 -0.005004883 0.0028686523
0.9996948 -0.023010254 -0.006591797 0.0031738281
0.9996948 -0.023010254 -0.008422852 0.0033569336
0.9996948 -0.023254395 -0.010375977 0.0033569336
0.9996338 -0.02355957 -0.012512207 0.0031738281
0.9996338 -0.023376465 -0.014709473 0.003112793
0.99957275 -0.02355957 -0.016967773 0.0028686523
0.9995117 -0.024291992 -0.01940918 0.0024414062
0.9994507 -0.024963379 -0.022216797 0.0017700195
0.99938965 -0.02508545 -0.02545166 0.0009765625
0.9992676 -0.02508545 -0.02911377 0.00012207031
0.9991455 -0.025268555 -0.032958984 -0.00079345703
0.9989624 -0.025817871 -0.03692627 -0.0017700195
0.9987793 -0.026245117 -0.04107666 -0.0028686523
0.9985962 -0.025939941 -0.04547119 -0.0041503906
0.9984131 -0.02545166 -0.049987793 -0.00579834
0.99816895 -0.025024414 -0.05444336 -0.007873535
0.9979248 -0.024536133 -0.05883789 -0.010192871
0.9976196 -0.023864746 -0.06304932 -0.012634277
0.9973755 -0.023376465 -0.06689453 -0.015136719
0.9970703 -0.023254395 -0.070495605 -0.0178833
0.99676514 -0.0234375 -0.07385254 -0.020935059
0.99645996 -0.023925781 -0.07684326 -0.024291992
0.9961548 -0.024414062 -0.079589844 -0.027893066
0.9958496 -0.024658203 -0.082092285 -0.031433105
0.9954834 -0.024719238 -0.08441162 -0.034973145
0.9951782 -0.024841309 -0.086364746 -0.03857422
0.9949341 -0.024475098 -0.08807373 -0.042175293
0.9946289 -0.024108887 -0.08947754 -0.045959473
0.99432373 -0.023986816 -0.09063721 -0.0501709
0.99401855 -0.02368164 -0.0914917 -0.054626465
0.9937134 -0.023010254 -0.092041016 -0.059326172
0.9934082 -0.022583008 -0.09197998 -0.064208984
0.99316406 -0.022033691 -0.09112549 -0.06921387
0.99298096 -0.021606445 -0.089538574 -0.074401855
0.99279785 -0.020324707 -0.08746338 -0.07940674
0.9926758 -0.017700195 -0.08526611 -0.084106445
0.9924927 -0.015319824 -0.08270264 -0.08880615
0.9923096 -0.013427734 -0.08001709 -0.09350586
0.99212646 -0.010864258 -0.07733154 -0.09790039
0.99194336 -0.007751465 -0.07470703 -0.10229492
0.9916382 -0.0043945312 -0.07208252 -0.10699463
0.991272 -0.0008544922 -0.06939697 -0.11199951
0.99090576 0.0020141602 -0.066223145 -0.117248535
0.99053955 0.004272461 -0.062438965 -0.12231445
0.99017334 0.0063476562 -0.058044434 -0.12689209
0.9899292 0.0076904297 -0.05303955 -0.13122559
0.989624 0.008605957 -0.047546387 -0.13519287
0.9893799 0.010009766 -0.041748047 -0.13885498
0.9890747 0.011047363 -0.03564453 -0.14257812
0.98876953 0.01184082 -0.02911377 -0.14624023
0.9884033 0.012817383 -0.022399902 -0.1496582
0.9880371 0.014709473 -0.015686035 -0.15264893
0.9876709 0.017028809 -0.008972168 -0.15539551
0.98724365 0.018981934 -0.0018920898 -0.15795898
0.9868164 0.020507812 0.0056762695 -0.16040039
0.98638916 0.022033691 0.01361084 -0.16247559
0.9859619 0.024108887 0.02154541 -0.16394043
0.98553467 0.026611328 0.029418945 -0.16467285
0.98516846 0.0289917 0.037353516 -0.16479492
0.9848633 0.030700684 0.04547119 -0.16448975
0.9844971 0.032165527 0.053466797 -0.16394043
0.98413086 0.03338623 0.061401367 -0.16308594
0.98376465 0.033813477 0.06945801 -0.16192627
0.9829712 0.034362793 0.085876465 -0.1586914
0.98254395 0.034362793 0.094177246 -0.15667725
0.98205566 0.034179688 0.1027832 -0.15435791
0.98150635 0.033569336 0.1116333 -0.1517334
0.980896 0.034179688 0.12011719 -0.14923096
0.97943115 0.033203125 0.13885498 -0.1427002
0.97875977 0.03265381 0.14807129 -0.13812256
0.97821045 0.0335083 0.15618896 -0.1326294
0.9777832 0.036132812 0.16320801 -0.12652588
0.977417 0.038146973 0.16992188 -0.11987305
0.9764404 0.03845215 0.18395996 -0.10583496
0.9758911 0.03692627 0.19091797 -0.09893799
0.97528076 0.036499023 0.1973877 -0.092163086
0.97473145 0.03729248 0.20318604 -0.08526611
0.9741211 0.038635254 0.20855713 -0.078430176
0.9727173 0.040527344 0.21899414 -0.064575195
0.97198486 0.04058838 0.2241211 -0.057556152
0.9711914 0.040222168 0.22924805 -0.050476074
0.96954346 0.039916992 0.2387085 -0.0368042
0.96868896 0.03942871 0.24316406 -0.030395508
0.9678955 0.037963867 0.24743652 -0.023986816
0.967041 0.036071777 0.25134277 -0.017333984
0.9663086 0.034729004 0.25482178 -0.010437012
0.96502686 0.032958984 0.26013184 0.0038452148
0.96447754 0.031311035 0.26202393 0.010925293
0.96362305 0.028442383 0.26452637 0.025512695
0.96325684 0.027404785 0.26513672 0.03338623
0.9628906 0.026916504 0.26538086 0.04144287
0.9625244 0.026672363 0.2652588 0.049682617
0.96221924 0.026489258 0.26464844 0.057800293
0.961853 0.026916504 0.26208496 0.074035645
0.9616699 0.026977539 0.26019287 0.08227539
0.9614868 0.026733398 0.25811768 0.09075928
0.9613037 0.025634766 0.2557373 0.099121094
0.9611206 0.024597168 0.2532959 0.10736084
0.96087646 0.02368164 0.25061035 0.11553955
0.96069336 0.023620605 0.24761963 0.12347412
0.9604492 0.023864746 0.2442627 0.13128662
0.96032715 0.024169922 0.24066162 0.13897705
0.95996094 0.025390625 0.23303223 0.15338135
0.95983887 0.025268555 0.22906494 0.16021729
0.95965576 0.024414062 0.22491455 0.16687012
0.9595947 0.02319336 0.22052002 0.17340088
0.9594116 0.021484375 0.2107544 0.18609619
0.9594116 0.020874023 0.2053833 0.1921997
0.9594116 0.020507812 0.19976807 0.19799805
0.9594116 0.020385742 0.19415283 0.20343018
0.9594116 0.017944336 0.18322754 0.21356201
0.9593506 0.016845703 0.17816162 0.21832275
0.95928955 0.014831543 0.17321777 0.22265625
0.95928955 0.012023926 0.16821289 0.2265625
0.9593506 0.009643555 0.16314697 0.22998047
0.9597168 0.004760742 0.15246582 0.23596191
0.95996094 0.002746582 0.14691162 0.23846436
0.9602661 0.0005493164 0.14123535 0.24066162
0.9606323 -0.0014648438 0.13537598 0.24261475
0.9610596 -0.0024414062 0.1293335 0.2442627
0.9614868 -0.0026855469 0.123046875 0.2456665
0.9619751 -0.002319336 0.116760254 0.24694824
0.9624634 -0.002319336 0.11035156 0.24798584
0.96295166 -0.0026855469 0.10394287 0.24871826
0.96398926 -0.0031738281 0.091308594 0.24975586
0.96447754 -0.0029907227 0.08508301 0.25006104
0.96502686 -0.003112793 0.07897949 0.24993896
0.9656372 -0.00390625 0.07287598 0.24938965
0.967041 -0.0063476562 0.060913086 0.24713135
0.9678345 -0.0075683594 0.054870605 0.24542236
0.96868896 -0.008544922 0.048828125 0.24334717
0.9703369 -0.00982666 0.03692627 0.23876953
0.9711304 -0.010559082 0.031066895 0.23638916
0.9718628 -0.011291504 0.025146484 0.23400879
0.9725342 -0.011047363 0.01940918 0.23162842
0.97406006 -0.008422852 0.008239746 0.22595215
0.97491455 -0.0071411133 0.0025634766 0.22253418
0.97576904 -0.006286621 -0.0030517578 0.21881104
0.9765625 -0.005493164 -0.008666992 0.21502686
0.9772949 -0.0045166016 -0.014160156 0.21136475
0.9779663 -0.0038452148 -0.01940918 0.20788574
0.9785156 -0.003112793 -0.024353027 0.20477295
0.9789429 -0.0017700195 -0.028747559 0.2020874
0.9797363 0.00091552734 -0.03668213 0.19677734
0.98028564 0.0010375977 -0.04034424 0.19342041
0.98095703 0.00012207031 -0.043762207 0.18914795
0.9817505 -0.00091552734 -0.046936035 0.18432617
0.98254395 -0.001953125 -0.049865723 0.17919922
0.9833374 -0.0028686523 -0.052734375 0.1739502
0.9840698 -0.0032348633 -0.055603027 0.16894531
0.9846802 -0.0029907227 -0.05822754 0.16436768
0.9852295 -0.003540039 -0.060546875 0.16009521
0.9857788 -0.0056762695 -0.0625 0.15570068
0.9863281 -0.008117676 -0.064086914 0.15142822
0.98687744 -0.010498047 -0.06555176 0.14715576
0.9873657 -0.012268066 -0.06689453 0.14294434
0.9883423 -0.014404297 -0.06958008 0.13470459
0.98883057 -0.015014648 -0.070739746 0.13043213
0.98931885 -0.015075684 -0.071777344 0.12615967
0.9897461 -0.015136719 -0.072631836 0.12194824
0.99017334 -0.015197754 -0.07330322 0.11798096
0.99090576 -0.015808105 -0.07434082 0.11077881
0.99121094 -0.015808105 -0.074645996 0.107788086
0.9915161 -0.01586914 -0.07501221 0.105041504
0.99176025 -0.016235352 -0.07537842 0.10247803
0.99212646 -0.018554688 -0.07647705 0.09765625
0.99224854 -0.01977539 -0.07720947 0.09552002
0.9923096 -0.020324707 -0.078063965 0.093811035
0.9923706 -0.020202637 -0.07879639 0.09240723
0.9924927 -0.020141602 -0.07928467 0.09106445
0.9925537 -0.020385742 -0.07952881 0.08959961
0.9926758 -0.021057129 -0.07965088 0.088134766
0.99279785 -0.022033691 -0.07977295 0.08673096
0.9928589 -0.02319336 -0.07977295 0.08544922
0.99298096 -0.024353027 -0.079589844 0.08404541
0.993103 -0.0256958 -0.07910156 0.08251953
0.9932251 -0.027282715 -0.07849121 0.08099365
0.99334717 -0.028625488 -0.078063965 0.079711914
0.9934082 -0.02911377 -0.077941895 0.07879639
0.99346924 -0.028625488 -0.078125 0.078186035
0.99346924 -0.027893066 -0.078430176 0.077697754
0.9935303 -0.026855469 -0.07867432 0.07733154
0.9935913 -0.026184082 -0.07867432 0.07684326
0.99365234 -0.026367188 -0.07836914 0.076293945
0.9937134 -0.027038574 -0.077819824 0.07574463
0.9937744 -0.027709961 -0.07720947 0.07537842
0.99383545 -0.028015137 -0.07659912 0.07519531
0.9938965 -0.028198242 -0.076049805 0.07501221
0.9939575 -0.028137207 -0.07550049 0.0748291
0.99401855 -0.028076172 -0.0748291 0.074523926
0.9940796 -0.028686523 -0.07385254 0.07409668
0.99420166 -0.029785156 -0.072631836 0.07342529
0.99432373 -0.03100586 -0.07122803 0.072753906
0.9944458 -0.032287598 -0.06970215 0.072021484
0.9945679 -0.033569336 -0.06829834 0.07128906
0.9946289 -0.034729004 -0.06695557 0.070495605
0.994751 -0.035949707 -0.06573486 0.06976318
0.994812 -0.03717041 -0.064575195 0.06903076
0.9949951 -0.039367676 -0.062438965 0.06762695
0.99505615 -0.04034424 -0.061523438 0.066833496
0.9951172 -0.041015625 -0.060791016 0.066223145
0.9951782 -0.041137695 -0.0602417 0.06585693
0.9951782 -0.041137695 -0.05999756 0.06561279
0.9951782 -0.040893555 -0.05987549 0.06567383
0.99523926 -0.040283203 -0.05987549 0.06591797
0.9951782 -0.039489746 -0.060058594 0.066711426
0.9951782 -0.0390625 -0.06011963 0.06707764
0.9951782 -0.03881836 -0.06011963 0.06726074
0.9951782 -0.03881836 -0.06011963 0.06719971
0.9951782 -0.03894043 -0.060180664 0.06695557
0.9951782 -0.039001465 -0.0602417 0.06665039
0.9951782 -0.039123535 -0.06036377 0.06628418
0.9951782 -0.039245605 -0.06048584 0.06604004
0.99523926 -0.039489746 -0.06048584 0.06585693
0.99523926 -0.039611816 -0.06036377 0.06573486
0.99523926 -0.039794922 -0.06011963 0.06567383
0.99523926 -0.039794922 -0.059814453 0.06573486
0.99523926 -0.039855957 -0.059631348 0.06591797
0.99523926 -0.03967285 -0.059509277 0.066223145
0.99523926 -0.03930664 -0.059448242 0.066589355
0.99523926 -0.0390625 -0.059387207 0.06695557
0.9951782 -0.038879395 -0.059387207 0.06732178
0.9951782 -0.03894043 -0.059265137 0.06750488
0.9951782 -0.03942871 -0.059020996 0.06750488
0.9951782 -0.039978027 -0.058776855 0.06738281
0.9951782 -0.04071045 -0.058532715 0.0670166
0.99523926 -0.04168701 -0.05834961 0.06628418
0.99523926 -0.043029785 -0.05834961 0.06524658
0.99523926 -0.044067383 -0.058410645 0.06427002
0.99523926 -0.044677734 -0.058410645 0.06359863
0.9953003 -0.04559326 -0.058166504 0.06298828
0.9953003 -0.047058105 -0.057861328 0.06213379
0.9953003 -0.04864502 -0.057495117 0.061035156
0.9953003 -0.049804688 -0.05718994 0.059753418
0.9953613 -0.05053711 -0.0569458 0.05834961
0.99542236 -0.05126953 -0.056884766 0.056762695
0.9954834 -0.052246094 -0.0569458 0.055114746
0.9954834 -0.053344727 -0.056884766 0.053649902
0.99554443 -0.054382324 -0.05670166 0.052490234
0.99554443 -0.054992676 -0.05657959 0.051513672
0.99560547 -0.05517578 -0.056640625 0.050476074
0.9956665 -0.054870605 -0.057006836 0.049072266
0.99572754 -0.054260254 -0.057678223 0.047180176
0.9958496 -0.053588867 -0.058532715 0.04510498
0.99591064 -0.05328369 -0.059326172 0.04321289
0.9958496 -0.05407715 -0.059936523 0.04156494
0.9957886 -0.055541992 -0.060424805 0.040283203
0.99572754 -0.057434082 -0.06085205 0.03942871
0.99560547 -0.05895996 -0.061279297 0.03869629
0.99554443 -0.060058594 -0.061767578 0.037963867
0.9954834 -0.060913086 -0.062194824 0.03717041
0.9954834 -0.06201172 -0.0625 0.036132812
0.99542236 -0.06304932 -0.062805176 0.03515625
0.9953613 -0.06365967 -0.06317139 0.034423828
0.9953613 -0.064208984 -0.06347656 0.03387451
0.9953003 -0.06518555 -0.06359863 0.033447266
0.99523926 -0.066345215 -0.0637207 0.032958984
0.9951172 -0.06744385 -0.06390381 0.032470703
0.9951172 -0.068237305 -0.06402588 0.032104492
