0 0 0
0 0 0
0 0 0
0 0 0
0 0 0
0 0 0
0.1875 -0.0625 -0.8125
0.1875 -0.0625 -0.875
0.1875 0 -0.9375
0.25 0 -1.0625
0.25 0.0625 -1.125
0.25 0.125 -1.1875
0.25 0.25 -1.1875
0.25 0.25 -1.25
0.25 0.3125 -1.375
0.25 0.375 -1.5
0.25 0.375 -1.625
0.1875 0.375 -1.6875
0.1875 0.4375 -1.8125
0.125 0.4375 -1.875
0.125 0.4375 -1.9375
0.125 0.375 -2
0.125 0.375 -2.125
0.125 0.25 -2.375
0.1875 1.4375 22
0.1875 1.375 22
0.1875 1.3125 22
0.1875 1.0625 22
0.1875 0.9375 21.9375
0.1875 0.75 21.875
0.25 0.625 21.75
0.25 0.4375 21.625
0.3125 0.0625 21.4375
0.3125 -0.0625 21.3125
0.375 -0.3125 21.125
0.4375 -0.5625 20.875
0.5 -0.75 20.625
0.5 -0.75 20.625
0.5625 -1 20.25
0.625 -1.1875 19.8125
0.6875 -1.25 19.4375
0.75 -1.3125 19
0.8125 -1.3125 18.5625
0.875 -1.1875 18.0625
0.9375 -1 17.625
1.0625 -0.75 17.3125
1.1875 -0.4375 17.125
1.3125 0 16.9375
1.625 0.9375 16.625
1.75 1.5 16.375
1.875 2.1875 16.1875
2 2.9375 15.875
2.125 3.75 15.6875
2.25 4.625 15.5
2.4375 5.5 15.3125
2.5625 6.4375 15.1875
2.75 7.4375 15.0625
3 9.4375 14.625
3.0625 10.4375 14.3125
3.0625 11.4375 13.9375
3.0625 12.375 13.5625
3.0625 13.375 13.3125
3.125 14.375 13.1875
3.1875 15.375 13.0625
3.25 16.375 13.125
3.375 17.375 13.25
3.5 18.25 13.375
3.6875 19.125 13.375
3.6875 19.125 13.375
4 20.625 13.0625
4.1875 21.25 12.8125
4.3125 21.8125 12.5625
4.5 22.3125 12.5625
4.75 22.8125 12.5625
4.9375 23.25 12.625
5.1875 23.625 12.75
5.4375 23.9375 12.9375
5.4375 23.9375 12.9375
5.75 24.1875 13.1875
6.0625 24.5 13.5
6.75 24.875 14.25
7.0625 24.9375 14.5
7.375 24.875 14.6875
7.75 24.75 14.8125
8.125 24.4375 14.875
8.625 24.0625 15
9.125 23.5625 15.125
9.6875 22.9375 15.25
10.25 22.25 15.3125
10.75 21.5625 15.3125
11.25 20.75 15.5
11.6875 20 15.75
11.6875 20 15.75
12.125 19.1875 16.0625
12.9375 17.5625 17
12.9375 17.5625 17
13.9375 15.75 17.8125
13.9375 15.75 17.8125
14.5 14.6875 18
15.125 13.5 18.125
16.25 11.0625 18.1875
16.6875 9.9375 18.25
17.0625 8.8125 18.3125
17.5 7.6875 18.25
17.9375 6.6875 18.1875
18.375 5.75 18.0625
18.8125 4.8125 17.9375
19.1875 3.9375 17.6875
19.5625 3.0625 17.625
20.3125 1.3125 17.6875
20.6875 0.375 17.4375
20.6875 0.375 17.4375
21.375 -1.125 17.125
21.8125 -1.6875 16.9375
21.8125 -1.6875 16.9375
22.1875 -2 16.875
22.8125 -2.25 16.8125
22.9375 -2.1875 16.6875
23 -2.0625 16.625
23.0625 -1.8125 16.5
23.1875 -1 16.1875
23.3125 -0.4375 16.0625
23.375 0.25 16
23.4375 1.0625 16.0625
23.375 2.9375 15.9375
23.25 3.9375 15.875
23.1875 4.8125 15.6875
23.0625 5.75 15.4375
23 6.5625 15.125
22.9375 7.4375 14.8125
22.9375 8.3125 14.5
22.875 9.1875 14.25
22.875 10.1875 13.9375
22.8125 11.1875 13.5625
22.75 12.1875 13.0625
22.6875 13.25 12.375
22.625 14.3125 11.5625
22.5625 15.5 11.1875
22.375 16.625 11.125
22.3125 17.6875 11.0625
22.25 18.5625 10.8125
22.3125 19.375 10.5
22.375 20.125 10.125
22.5 21.6875 9.625
22.5 21.6875 9.625
22.5 22.4375 9.5625
22.4375 23.1875 9.4375
22.5 24.4375 8.9375
22.5625 25 8.5625
22.6875 25.625 8.25
22.75 26.1875 8.25
22.75 26.1875 8.25
22.75 26.6875 8.4375
22.8125 27.125 8.5625
23 27.375 8.625
23.125 27.5625 8.75
23.375 27.6875 9
23.5625 27.75 9.3125
23.75 27.75 9.5625
24 27.6875 9.8125
24.25 27.5 10
24.5 27.25 10
24.9375 26.875 10
25.6875 26.0625 10.375
26.125 25.5625 10.6875
26.5 25.0625 11
26.875 24.5 11.375
27.3125 23.9375 11.6875
27.75 23.3125 12
28.25 22.6875 12.3125
28.8125 22 12.6875
29.3125 21.25 13.0625
30.1875 19.625 13.8125
30.1875 19.625 13.8125
30.625 18.75 14.125
31 17.8125 14.375
31.75 15.75 14.6875
31.75 15.75 14.6875
32.125 14.6875 14.875
32.5 13.5625 15.0625
33 12.5 15.3125
33.5625 11.375 15.5625
34.125 10.3125 15.75
34.75 9.25 15.875
35.3125 8.25 15.75
35.8125 7.3125 15.75
36.25 6.4375 15.875
36.75 5.625 16.0625
37.1875 4.75 16.125
37.625 3.9375 16.1875
38.0625 3.1875 16.3125
38.4375 2.5 16.4375
38.75 1.9375 16.5
39.0625 1.375 16.5
39.375 0.9375 16.625
39.6875 0.3125 16.9375
39.8125 0.125 17.1875
39.8125 0.125 17.1875
39.8125 0 17.375
39.875 0 17.5
39.875 -0.0625 17.5625
39.8125 -0.125 17.625
39.6875 -0.125 17.6875
39.5625 -0.0625 17.8125
39.4375 -0.0625 17.9375
39.3125 0 18
39.25 0 18
39.125 0.0625 17.9375
39 0.125 17.8125
38.875 0.1875 17.75
38.5625 0.375 17.625
38.4375 0.5 17.5625
38.3125 0.625 17.5
38.3125 0.625 17.5
38.0625 0.875 17.3125
38.0625 0.875 17.3125
37.9375 0.9375 17.1875
37.8125 1 17.125
37.6875 1.125 17
37.625 1.1875 16.875
37.5625 1.3125 16.8125
37.5 1.375 16.75
37.375 1.4375 16.625
37.3125 1.5 16.5
37.1875 1.5 16.4375
37.125 1.5625 16.375
37.0625 1.5 16.3125
37.0625 1.5 16.25
37.0625 1.5 16.1875
37.0625 1.5 16.0625
37.0625 1.4375 15.9375
37 1.4375 15.875
37 1.375 15.75
37 1.3125 15.6875
37 1.3125 15.5625
37 1.25 15.5
37.0625 1.125 15.3125
37.0625 1.125 15.3125
37.125 1.0625 15.1875
37.1875 1.0625 15.125
37.1875 1 15
37.25 1 14.9375
37.3125 0.9375 14.8125
37.3125 0.9375 14.75
37.375 0.9375 14.625
37.375 0.9375 14.5625
37.4375 0.9375 14.5
37.4375 0.9375 14.375
37.5 0.9375 14.3125
37.5 0.9375 14.25
37.5 0.9375 14.125
37.5 1 14
37.4375 1 13.875
37.4375 1.0625 13.875
37.4375 1.0625 13.8125
37.4375 1.125 13.6875
37.4375 1.125 13.625
37.375 1.1875 13.5625
37.375 1.1875 13.4375
37.375 1.25 13.3125
