0 0 0
-9.625 0.5 -1.4375
-11.6875 2.0625 -3.75
-11.5 2.6875 -3.4375
-12 2.0625 -3.0625
-10.0625 1.375 -2.125
-9.3125 0.1875 -1.0625
-8.75 -1.4375 -1.0625
-5.9375 -4.75 -1.9375
-5.1875 -6.3125 -1.875
-5.375 -7 -1.375
-3.9375 -7.25 -0.5
-3.5 -5.75 0.9375
-4.875 -4.25 0.9375
-9.25 -2.3125 0.125
-12.3125 -1.25 -0.4375
-9.4375 -1.625 0.875
-6.5625 -2.125 1.875
-5.25 -1.875 2.375
-5.375 -1.0625 2.3125
-10.5 2.5 0.1875
-12.375 3.8125 -0.6875
-11.9375 4.0625 -0.4375
-8.625 4.25 0.375
-4.4375 5.125 1.5
1.125 8.1875 -0.5
-1.0625 10.1875 -2.25
-1.125 12.3125 -2.5
-3.5 13.6875 -3.6875
-9.875 14.5625 -5.25
-12.9375 14.6875 -6.125
-7.75 17.5 -5.1875
-10.8125 19.5625 -5.875
-14.6875 21.3125 -6.75
-20.625 22.25 -9.5
-23.6875 21.875 -11.25
-29.375 22.125 -11.1875
-38.1875 20.625 -10.0625
-41.3125 16.125 -8.75
-41.75 9.375 -7.4375
-43.8125 2.125 -6.6875
-46.0625 -5.5 -6.4375
-47.625 -13.125 -5.75
-45.4375 -21.3125 -5.25
-33.375 -29.8125 -5.8125
-21.5625 -37.75 -7.1875
-17.625 -45.0625 -8.25
-17.1875 -52.625 -7.9375
-17.9375 -59.6875 -6.5625
-21.6875 -66.25 -4
-24.875 -73.0625 -1.25
-26.3125 -85.9375 0.375
-21.375 -92.625 -1.0625
-17 -98.6875 -2.4375
-16.6875 -102.8125 -2.5
-17.8125 -105.625 -1.5625
-23.25 -105.6875 2
-31.25 -104.9375 6.4375
-33.875 -103.9375 10.3125
-42.5625 -100.5 12.5625
-39.625 -98.6875 15.3125
-25.6875 -100.3125 14.8125
-18.1875 -102.8125 11.25
-12.9375 -104.375 7.4375
-2.375 -106.125 2.8125
7.1875 -105.625 -1.625
3.1875 -99.6875 -4.1875
-9.625 -91.125 -4.6875
-19.625 -83.25 -4.0625
-28.125 -75.125 -2.25
-34.0625 -67.6875 -3.125
-29.5625 -62.4375 -6.25
-14.4375 -58.5625 -9.375
-8 -54.125 -13.5
-3.25 -48.5 -16.125
-0.875 -42.8125 -19.5625
2.4375 -39.0625 -25.25
9.75 -37.375 -29.875
16.25 -36.4375 -33.4375
22.5 -33.0625 -34.6875
18.6875 -25.6875 -34.625
9.625 -14.9375 -33.4375
1.1875 -3.625 -32.875
-4.1875 7.625 -36.1875
-8.625 18.4375 -42.625
-6.9375 29.0625 -49.9375
-6.3125 38.4375 -56.5625
-8.125 47.1875 -60.4375
-12.8125 55.8125 -62.75
-13.5 61.625 -62.4375
2.0625 65.4375 -58.3125
12.125 68.5625 -56.1875
21.1875 70.5 -56.8125
32.25 70.75 -58.625
38.3125 71.0625 -61.3125
37.6875 73.1875 -64.375
23.5625 81.1875 -68.625
5.3125 91.4375 -75
2.6875 100.1875 -78
2.125 105.75 -76
-7 108.5625 -71.25
-2.4375 106.9375 -63.75
1.9375 103 -58.375
-7.625 98 -57.375
-13.0625 84.375 -57.75
-17.25 81.125 -56.6875
-23.5 79.375 -55
-7.875 77.625 -50.6875
5.0625 77.75 -49.375
-5.75 81.8125 -51.3125
-21.1875 87.3125 -49.5
-20.9375 77.125 -48.125
-15.5625 60.125 -48
-16.75 42.1875 -48.1875
-7.625 25.125 -44
0.875 9.875 -36.625
-3.3125 -1.5625 -26.3125
-8.375 -10.6875 -13.625
-10.1875 -19.125 -4.0625
-12.375 -36.625 -0.6875
-16.9375 -48.375 -3.4375
-13.75 -62.5 -3.125
1.75 -88.3125 9
-2.0625 -94.8125 15.375
-7.8125 -97.4375 19.9375
-11.375 -96.9375 22.0625
-16.3125 -92.875 23.375
-26.1875 -88.0625 22.75
-30.125 -85.5 22.375
-32.6875 -85 20.0625
-35 -88.625 15.9375
-30.5625 -98.3125 17.75
-37.3125 -101.5625 21.1875
-51.875 -102.875 24.9375
-72.5 -104.25 26.5625
-80.3125 -110.3125 25.6875
-43.5625 -117.25 27
-5 -115.75 26.5
-4.375 -105.125 20.5
-24.25 -90.3125 14.5
-37.8125 -80.5625 9.75
-37.9375 -78.125 6.125
-34.9375 -80.1875 4.5625
-23.9375 -82.1875 7
-10.8125 -80.3125 11.1875
-11.3125 -75.0625 12.375
-21.25 -68 9.9375
-34.625 -61.375 6.6875
-39.625 -58.4375 3.125
-33.25 -59.1875 0.125
-5.125 -60.0625 0.375
16 -55.4375 -0.625
6.8125 -44 -6.5
-1.9375 -30.3125 -11.125
1.8125 -21.625 -17
11.8125 -16.5 -22.1875
14.75 -11.4375 -25.5
16.0625 -4.8125 -25.6875
15.1875 3.75 -24.75
2.1875 13.75 -26.625
-11.1875 23 -31.0625
-16.5625 29.1875 -38.0625
-5.5625 33.5625 -42.125
7 37.5625 -45.625
15.9375 45.5625 -48.75
21.25 47.125 -49.3125
16.5 50.0625 -50.75
12.0625 53.25 -54.125
14.375 55.625 -60.25
16.9375 58.3125 -64.6875
19.4375 63.125 -63.75
22.1875 69.125 -60.375
24.1875 74.4375 -58
19.3125 80.6875 -54.8125
13.1875 87.8125 -53.6875
5.8125 94.9375 -52.5
11.375 99.75 -49.25
13.625 100.3125 -52.1875
13.1875 100.125 -56.75
17.4375 100.8125 -63.6875
14.25 98.6875 -72.9375
14.0625 95.3125 -76.25
1 92.5 -75.125
-14.3125 88.5625 -70.1875
-7.875 81.0625 -62.6875
11.75 74.625 -57.625
11.5 74.375 -57.8125
2.0625 74.75 -59.5625
5.5 72.6875 -56.25
11.625 65.5 -51.625
12.375 57.125 -47.9375
4.5 51.5625 -43.4375
2.375 45.5 -38.8125
8.8125 37.8125 -33.75
14.25 30.5625 -26.25
21.3125 22.875 -17.5625
22.625 16.5625 -11.0625
19.625 11.1875 -7.125
12.625 8.4375 -3.5625
5.9375 6.625 0.375
7.375 4.4375 5.3125
8.4375 3.0625 10.0625
9.5 1.4375 12.5625
10.4375 -0.0625 13.25
8.3125 -1.3125 11.8125
1.9375 -2.0625 10.3125
-5.8125 -1.875 10.4375
-11.5 -2.0625 12.25
-10.5 -3.375 14.75
-5.6875 -5.5625 16.25
-4.5 -7.3125 15.75
-6.6875 -8 15
-6.6875 -8.4375 14.625
-7.0625 -7.75 15.25
-10.625 -6.1875 15.4375
-11.5 -5.125 14.9375
-10.6875 -4.9375 12.8125
-13.0625 -5.9375 10.125
-9.5 -6.8125 9.1875
-6.375 -7.5625 8.875
-8.5 -6.5625 9
-12.1875 -4.0625 9.6875
-10.8125 -1.875 11
-6.0625 -0.5625 10.3125
-6.9375 0.6875 7.4375
-8.0625 1.4375 3.8125
-6.25 1.4375 1.5625
-5.0625 2.375 1.1875
-10.625 3.4375 0.75
-13 3.625 0.3125
-10.375 3.1875 0.8125
-8.5625 3.5 1.125
-9.8125 4.5625 0.625
-9.6875 5.0625 -0.625
-9.75 5.1875 -2.3125
-8.875 5 -3.625
-9.875 4.625 -4.3125
-10.625 3.875 -4.75
-10.125 2.6875 -4.625
-10.25 2.25 -4.3125
-9.375 1.8125 -3.8125
-9.6875 1.5 -4.0625
-9.4375 0.875 -4.125
-8.625 0.5 -4.0625
-9.4375 0.3125 -3.75
-9 -0.4375 -3.0625
-7.875 -1.5 -2.875
-6.6875 -2.0625 -2.3125
-8.4375 -1.9375 -1.4375
-12.5625 -1.625 -0.0625
-13.5625 -1.6875 1.75
-10.4375 -2.4375 3
-5.25 -3.3125 3.6875
-5.375 -2.9375 2.6875
-9.125 -3 1
-7.125 -3.5625 0.75
-6.25 -3.375 1.375
-11.5 -2.5625 1.25
-13.5625 -2.375 1.5
-10.75 -2.3125 2.25
