0 0 0
0 0 0
0 0 0
0 0 0
0 0 0
-0.08 3.96 -0.08
-0.11 3.76 0.08
-0.13 3.49 0.22
-0.1 3.71 -0.02
-0.07 3.86 -0.28
-0.04 4.12 -0.86
-0.06 4.12 -1.2
-0.01 4.09 -1.54
-0.02 3.66 -1.87
-0.01 3.67 -1.69
-0.02 3.82 -1.38
-0.01 4.18 -1.04
0.03 3.97 -1.26
0.1 3.58 -1.92
0.16 3.43 -2.12
0.17 3.29 -2.14
0.13 3.82 -1.7
0.13 3.9 -1.7
0.14 3.87 -1.85
-0.02 -0.87 -1.59
0 -1.24 -1.74
0.07 -0.82 -1.82
0.03 -0.97 -1.45
0.04 -0.98 -1.29
0.06 -0.75 -1.1
0.06 -0.49 -0.99
0.19 -0.44 -1.06
0.24 -0.37 -0.79
0.28 -0.83 0.46
0.31 -0.34 1.08
0.41 0.34 1.54
0.4 0.9 2.42
0.28 1.26 5.06
0.21 1.27 6.08
0.14 1.27 6.73
0.04 1.28 7.61
0 1.32 7.95
-0.07 1.18 8.23
-0.29 0.82 8.41
-0.29 0.82 8.41
-0.69 0.55 7.97
-0.8 1.08 7.95
-0.77 2.09 7.43
-0.75 2.43 7.23
-0.85 2.62 7.05
-0.99 2.3 6.71
-1.37 1.23 5.74
-1.63 0.71 5.22
-1.89 0.72 4.5
-2.19 1.51 2.48
-2.33 2.84 0.28
-2.36 3.3 -0.5
-2.46 2.64 -1.65
-2.51 2.04 -2.41
-2.53 1.54 -2.49
-2.6 -1.02 -1.78
-2.64 -1.8 -2.01
-2.68 -2.17 -2.53
-2.8 -2.67 -3
-2.48 -2.56 -5.27
-2.32 -1.77 -6.85
-2.12 -1 -7.81
-1.76 -0.11 -7.8
-1.74 -0.26 -7.71
-1.68 -1.26 -7.43
-1.72 -2.36 -6.72
-1.5 -3.25 -5.93
-1.53 -3.49 -6
-1.56 -3.22 -6.11
-1.63 -4.02 -6.16
-1.68 -4.3 -5.82
-1.7 -3.95 -5.62
-1.75 -3.64 -5.55
-1.49 -2.12 -7.31
-1.37 -1.51 -8.56
-1.25 -1.03 -9.6
-1.21 -1.86 -10.29
-1.26 -3.03 -10.25
-1.24 -3.99 -9.98
-1.28 -4.35 -9.73
-1.5 -3.64 -8.56
-1.69 -2.75 -7.94
-1.81 -2.01 -7.45
-2.31 -0.4 -5.46
-2.39 0.16 -4.89
-2.5 -0.44 -4.61
-2.53 -1.17 -4.25
-2.51 -1.53 -3.88
-2.27 -1.33 -4.2
-2.08 -1.11 -4.92
-1.89 -1.25 -6.93
-1.8 -1.22 -6.69
-1.74 -0.05 -5.69
-1.58 1.5 -4.36
-1.65 3.89 -0.97
-1.56 4.31 0.49
-1.41 4.05 1.44
-1.47 2.38 2.82
-1.3 2.28 3.42
-1.05 2.9 3.43
-0.85 3.89 2.98
-0.75 4.16 3.04
-0.59 3.54 2.81
-0.37 3.41 2.06
-0.63 4.5 4.95
-0.88 4.23 9.96
-0.85 3.97 12.61
-0.81 4.63 13.92
-0.67 5.86 13.55
-0.55 7.07 13.21
-0.45 9.54 12.17
-0.45 9.64 11.82
-0.52 8.31 11.5
-0.72 6.4 11.27
-1.41 3.06 11.57
-1.59 3.77 11.75
-1.76 5.76 10.11
-1.81 5.89 8.18
-1.78 5.1 4.11
-1.58 3.38 0.84
-1.55 2.96 -0.55
-1.6 2.33 -1.02
-1.7 1.64 -0.6
-1.8 0.72 0.05
-1.97 0.58 0.85
-2.06 1.57 1.08
-2.04 3.63 -0.33
-2.15 3.79 -0.97
-2.49 2.27 -0.55
-2.49 2.27 -0.55
-2.73 0.84 -1.09
-2.59 -0.23 -3.83
-1.79 -1.88 -8.85
-1.68 -1.51 -9.1
-1.74 -1.29 -7.7
-1.76 -0.64 -4.4
-1.86 0.16 -3.53
-1.83 1.1 -3.77
-1.72 1.43 -4.88
-1.4 -0.01 -6.7
-1.35 -0.66 -6.91
-1.39 -0.96 -6.4
-1.66 -1.41 -4.22
-1.75 -1.34 -3.56
-1.78 -0.9 -4.17
-1.75 -1.43 -6.02
-1.5 -2.73 -9.24
-1.44 -2.61 -9.17
-1.49 -3.1 -8.07
-1.53 -2.34 -7.19
-1.54 -1.51 -7.34
-1.38 -0.53 -7.87
-1.19 -0.36 -8.39
-1.01 -1.76 -8.43
-0.94 -2.85 -7.59
-0.91 -3.52 -6.55
-0.98 -2.63 -5.37
-1.13 -2.46 -5.26
-1.36 -1.78 -5.17
-1.6 -0.98 -4.83
-2.12 -0.69 -4.65
-2.27 -1.23 -4.64
-2.61 -1.48 -4.55
-2.62 0 -4.88
-2.53 1.5 -5.41
-2.46 2.15 -5.62
-2.13 2.52 -5.52
-1.9 2.54 -5.75
-1.55 1.94 -5.76
-1.36 1.94 -5.28
-1.66 1.36 -3.05
-1.76 -0.2 -2.07
-1.8 -0.62 -1.44
-1.75 -1.75 -0.67
-1.63 -0.81 0.06
-1.46 1.36 0.53
-1.5 4.77 1.62
-1.55 5.69 2.7
-1.52 5.76 3.43
-1.42 5.02 2.92
-1.33 3.66 1.42
-1.38 3.78 2.19
-1.45 5.79 3.17
-1.49 6.34 5.11
-1.45 6.7 5.47
-1.31 7.02 5.15
-1.19 6.91 5.48
-1.12 7.6 5.99
-1.05 8.19 6.15
-0.98 8.25 5.88
-0.92 6.8 4.75
-0.89 6.38 3.85
-0.81 6.21 3.01
-0.8 6.14 2.59
-0.78 5.86 1.83
-0.79 5.12 1.48
-0.75 4.26 1.22
-0.75 3.41 0.91
-0.69 2.41 0.16
-0.64 2.58 -0.11
-0.54 3.02 -0.37
-0.59 3.48 -0.02
-0.63 3.18 0.12
-0.65 2.55 0.03
-0.65 2.05 -0.2
-0.49 1.83 -0.77
-0.5 2 -1.04
-0.51 2.14 -1.47
-0.51 1.64 -1.78
-0.58 1.32 -1.66
-0.65 0.77 -1.37
-0.72 0.63 -1.23
-0.68 1.35 -1.33
-0.61 1.48 -1.61
-0.52 1.75 -2.12
-0.38 1.97 -2.54
-0.36 1.49 -2.43
-0.4 0.79 -2.31
-0.41 0.29 -2.28
-0.43 0.15 -1.92
-0.42 0.81 -1.87
-0.39 1.34 -1.94
-0.36 1.47 -1.64
-0.38 1.64 -1.34
-0.36 1.82 -1.23
-0.34 1.73 -1.37
-0.37 1.41 -1.46
-0.36 1.21 -1.32
-0.4 1.19 -1.23
-0.44 1.76 -0.99
-0.49 1.87 -0.77
-0.47 2.08 -0.66
-0.46 2.3 -0.62
-0.5 2.56 -0.7
-0.47 2.51 -0.81
-0.52 2.43 -0.77
-0.53 2.58 -0.66
-0.49 2.77 -0.69
-0.53 2.86 -0.64
-0.56 2.88 -0.54
-0.52 2.94 -0.64
-0.56 3.11 -0.84
-0.54 3.38 -1.05
-0.54 3.59 -0.99
-0.54 3.51 -0.8
-0.57 3.2 -0.72
-0.59 2.9 -0.87
-0.54 2.23 -1.22
-0.53 2.47 -1.24
-0.48 2.69 -1.18
-0.47 2.93 -1.56
-0.46 2.84 -1.59
-0.44 2.89 -1.48
-0.48 3.02 -1.53
-0.48 2.88 -1.94
