0 0 0
-7.375 0.6875 0
-7.9375 2.125 0.3125
-10.25 4.5625 0.8125
-10.8125 4.8125 0.75
-9.6875 3.75 -0.0625
-6.8125 1.875 -0.875
-4.6875 0.3125 -1.9375
-4.6875 -1.1875 -2.9375
-3.875 -1.5625 -1.75
-4.125 -1.25 0.3125
-4.0625 -0.1875 2.1875
-4.4375 1.625 3.0625
-8.375 3.1875 1.6875
-11.9375 3.5625 0.125
-12.875 3.0625 -0.6875
-13.4375 1.8125 -0.5625
-11.5 0.3125 -0.0625
-9.0625 -0.9375 0.25
-6.875 -1.75 0.4375
-5.0625 -2.3125 0.0625
-4.3125 -1.75 -0.0625
-4.5 -1.25 -0.8125
-8.5625 -1.3125 -1.6875
-10.5625 -1.875 -0.3125
-5.25 -2.875 2.4375
-1.125 -3.5625 4.6875
-1.625 -2.75 5.875
-1.8125 -1.625 5.375
0.8125 -0.6875 3.875
1.8125 0.5 1.4375
-4.5 1.9375 -1.5625
-6 3 -2.8125
0.5625 3.375 -3
-1.8125 5.3125 -3.625
-11.875 8.125 -4.8125
-18.3125 10.25 -5.625
-21.4375 10.8125 -6.625
-22.0625 11.0625 -7.125
-21.0625 10.3125 -8.1875
-27.5625 7.625 -10.1875
-32.5 3.6875 -9.6875
-34.5 -2.25 -7.4375
-36.0625 -11.4375 -5.125
-34.625 -21.1875 -3.4375
-31.5625 -30.6875 -2.9375
-27 -38.375 -3.3125
-22.0625 -43.5625 -2.875
-20.75 -47.5625 -2.875
-22 -50.75 -1.25
-22.625 -52.25 2.0625
-27.4375 -54.4375 4.875
-26.5625 -58.3125 8.75
-28.9375 -62.375 11.5625
-30.9375 -68.1875 10.875
-29.1875 -74.5 9.125
-31.875 -79.0625 8.5625
-32.9375 -83.4375 9.4375
-33.875 -87.4375 11.625
-38.25 -91.125 13.8125
-44.1875 -95.6875 15.1875
-52.8125 -99 16.1875
-57.6875 -103 16.5
-51.1875 -109.4375 18.5
-39.125 -118.4375 20.5
-32.875 -124.0625 22.3125
-36.8125 -126.8125 24.125
-36.3125 -127.0625 26.5
-29.6875 -125 28.625
-12.0625 -122.875 29
-5.9375 -120.125 25.875
-11.8125 -115.8125 21.9375
-16.625 -111.1875 18.9375
-16.8125 -107.9375 15.8125
-9.9375 -103.5625 13.3125
-11.0625 -97.5625 8.5625
-10.5 -86.4375 -4.125
-10.8125 -83 -9.625
-7.1875 -79.625 -12.875
-4.3125 -74.25 -15
-3.375 -66.5 -15.5
-0.0625 -56.4375 -14.1875
0 -46.75 -14.4375
3.8125 -39.875 -18.125
5.5 -34.625 -24.4375
13.375 -29.0625 -28.75
23.5 -22.5 -32.125
19.9375 -12.9375 -38.5
6.5625 -2 -45.5625
-3.875 9.1875 -50.75
-12.1875 21.625 -55
-17.75 33.4375 -58.75
-7.6875 40.625 -63.875
6.625 44.3125 -71.125
11.25 49.875 -77.8125
11 58.0625 -82.125
12.4375 67 -83.0625
12.8125 75.8125 -79.875
14.4375 82.625 -74.875
22.25 86.9375 -71.4375
27.9375 92.4375 -68.25
24.5625 103.4375 -64.5625
8.8125 116.25 -63
4.9375 122.625 -62.6875
15.125 121.375 -64.8125
20.0625 115.25 -70.5
20.1875 107.3125 -74.375
26 98 -72.75
33.625 89.75 -67.625
36.3125 85.5 -62.4375
19.3125 88.625 -59.5
-2.4375 97.25 -57
-18.1875 104.9375 -54.5
-16.9375 107.6875 -51.5
-6.5625 105.1875 -47.875
3.3125 99.625 -46.625
5.125 93.5625 -48.3125
0.3125 88.3125 -49.75
-8.5 79.9375 -50.375
-24.0625 70.625 -48.875
-28.625 58.75 -44.5
-23.8125 45.8125 -41.5
-19.125 32.4375 -39.25
-15.125 16.5625 -38.125
-10.75 -2 -36.5625
0.375 -19.5625 -29.1875
7.3125 -35 -19.875
5.625 -48.125 -10.5
2.25 -58.75 0.3125
5.0625 -66.375 12.4375
1.875 -72.125 18.8125
-9.125 -78.25 17.5625
-6.6875 -85.8125 16.75
-4.25 -90.4375 18.4375
-10.6875 -91.3125 20.125
-15.4375 -90.5 21.875
-12.6875 -89.9375 24.375
-12.375 -90.625 25
-20.1875 -91.75 24.6875
-30.625 -91.8125 26.9375
-40 -91.8125 31.0625
-48.0625 -92.25 35.4375
-51.9375 -93.75 38.0625
-50.0625 -96.875 39.0625
-49.4375 -103.3125 36.625
-50 -111.625 33.875
-57.9375 -127.1875 35.8125
-53 -131.375 42.875
-53 -131.375 42.875
-45.0625 -129 49.625
-33.5625 -120.625 50.4375
-26.6875 -109 45.5625
-27.4375 -98.5 35
-23.875 -92.0625 23.5625
-15.875 -88.4375 14.1875
-15.375 -84.0625 9.9375
-19.75 -78 11
-15.4375 -73.8125 15.5625
-4.375 -69.875 18.75
-6.0625 -64.125 16.5625
-4.5625 -56.4375 12
1.625 -47 6.3125
8.875 -36.875 -0.5625
1.875 -15 -15.4375
-16.6875 -5.125 -22.6875
-20.3125 0.3125 -27.75
-1.25 4.125 -29.75
11.5625 10.875 -34.25
-14.625 37.4375 -47.625
-14.125 49.1875 -53.25
-8.0625 56.0625 -59.6875
-1.25 59 -65.9375
9.8125 58.0625 -71.375
22.6875 56.1875 -73.875
27.6875 54.875 -74.6875
29.5625 52.6875 -73.25
26.4375 51.3125 -68.0625
26.0625 50.1875 -61.9375
38.75 51.5625 -54.5625
34.25 56.5 -59.6875
27.5625 61.4375 -67.9375
31.625 65.4375 -75.875
32.25 70.0625 -85.375
33.8125 74.5 -89.3125
46.625 78.3125 -86.875
35.3125 84.5 -85.25
20.625 92.375 -81.75
10.1875 94.875 -75.125
16.3125 90.9375 -70.625
23.8125 85.375 -66.0625
18.375 79.5 -65.1875
18.75 72.5625 -65.3125
24.5 67.9375 -66
19.9375 65.25 -68.0625
11.625 64.375 -68.125
3.0625 64.8125 -63.625
6 57.5 -56.25
3.9375 48.25 -49.5625
-5.8125 41.5 -43.125
-3.75 36 -35.375
5 31.125 -26.1875
7.4375 26 -18.1875
7.8125 20.5625 -13.8125
10.125 15.875 -12.5625
5.6875 12.3125 -12.25
7.6875 8.3125 -9.5625
11.1875 4.4375 -6.3125
5.875 0.9375 -4.75
3.5 -2.1875 -1.375
2.3125 -5.0625 2.9375
3.375 -6.5625 8.6875
2.625 -5.5 14.125
-3.3125 -2.9375 16.5625
-8.75 -1 16.125
-14 0.1875 14.4375
-16 -0.875 12.125
-13.125 -3.75 10.5
-5.0625 -6.25 11.5
-2.0625 -6.875 13
-6.5625 -6.5625 13.625
-8.625 -6.75 14
-7.5625 -7.5 13.75
-8.8125 -7.9375 13.1875
-8.8125 -7.125 14.875
-5.6875 -4.6875 16.625
-8.9375 -1.125 15.75
-14.5625 2.0625 13.0625
-9.875 3.125 10.125
-6.6875 3.375 6.75
-8 4.375 4.4375
-11.0625 5.8125 3.3125
-14.5625 6.125 2.1875
-17.4375 5.625 0.8125
-16.6875 4.1875 -0.9375
-11.9375 2.3125 -2.1875
-9.5 2.1875 -3.25
-10.1875 2.375 -4.6875
-9.875 2.875 -5
-10.625 3.875 -4.5
-13.1875 5.5 -4.0625
-14.75 5.9375 -4
-15 5.8125 -4
-15.8125 5.375 -3.5
-14.625 4.375 -2.8125
-13.875 3 -1.9375
-12.3125 2.125 -1.125
-13.25 0.9375 -0.5
-13.5 -0.625 -0.6875
-10.375 -2.4375 -0.5
-7.9375 -3.4375 0
-8.8125 -2.5625 2.625
-11.4375 -1.4375 3.6875
-13.25 0.1875 4.625
-12.125 0.625 4.6875
-15.125 2 3.6875
-14 1.625 4.125
-12.6875 1.5 4.375
-15.25 2.5625 4.9375
-16.75 3 5.0625
-16.625 3.6875 5.9375
-17.625 3.125 5.25
