0 0 0
0 0 0
0 0 0
0 0 0
0 0 0
-0.94 3.33 -0.22
-0.93 3.32 -0.23
-0.9 3.79 -0.46
-0.89 4.35 -0.76
-0.87 4.75 -1.14
-0.86 4.75 -1.35
-0.89 4.17 -1.75
-0.86 3.62 -1.62
-0.85 3.37 -1.31
-0.84 3.74 -0.51
-0.84 3.93 -0.3
-0.82 4.02 -0.11
-0.83 4.04 -0.12
-0.8 3.89 -0.52
-0.8 3.88 -0.78
-0.79 3.86 -0.99
-0.81 3.8 -1.09
-0.85 4 -0.92
-0.85 4.6 -0.74
-0.88 4.99 -0.6
-0.89 4.75 -1.12
-0.84 4.37 -1.54
-0.85 3.81 -1.76
-0.83 3.31 -1.92
-0.78 2.78 -2.2
-0.73 2.73 -2.22
-0.69 3.05 -2.09
-0.62 3.64 -1.94
-0.56 3.64 -2.11
-0.47 3.66 -2.07
-0.4 3.85 -1.67
-0.35 4.06 -0.22
-0.3 4.27 0.42
-0.37 4.35 1.15
-0.57 4.62 3.12
-0.66 5.46 4.13
-0.76 6.18 5.13
-0.96 6.37 6.25
-1.33 6.2 7.12
-1.44 5.8 6.92
-1.54 5.48 6.28
-1.6 5.74 4.61
-1.68 5.8 4.06
-1.75 6.17 3.67
-1.76 6.86 3.18
-1.78 6.99 3.21
-1.87 7.11 3.49
-1.9 6.94 3.5
-1.8 5.11 3.88
-1.73 4.85 3.76
-1.73 5.09 3.38
-1.75 5.68 3.06
-1.58 6.46 2.85
-1.65 6.66 2.88
-1.8 6.63 3.17
-2.08 6.4 2.48
-2.34 6.36 2.81
-2.65 6.45 3.15
-2.82 6.43 3.46
-3.05 6.16 1.49
-3.18 6.15 0.35
-3.32 6.14 -0.63
-3.33 5.05 -2.62
-3.39 4.09 -3.13
-3.41 3.1 -3.84
-3.41 3.1 -3.84
-3.22 2.6 -4.96
-3.25 2.32 -4.87
-3.25 2.32 -5.25
-3.09 1.07 -6
-3.11 0.68 -6.24
-3.14 0.36 -6.07
-2.87 1.56 -5.84
-2.77 1.88 -6.44
-2.77 1.88 -6.44
-2.44 2.56 -8.17
-2.47 1.78 -7.86
-2.52 0.68 -7.45
-2.5 -0.2 -7.13
-2.33 0.2 -7.51
-2.27 0.24 -8.13
-2.16 -0.23 -9.06
-2.24 -0.1 -9.85
-2.26 0.46 -9.89
-2.37 0.63 -9.78
-2.46 0.83 -9.33
-2.83 -0.18 -6.93
-2.97 -0.49 -6.22
-3 -0.06 -6.46
-3.23 2.04 -7.46
-3.33 3.37 -7.48
-3.37 4.74 -7.19
-3.44 5.54 -6.65
-3.35 5.65 -5.51
-3.21 5.82 -5.97
-3.1 6.06 -7
-3.55 4.98 -5.87
-3.79 4.36 -3.45
-3.86 3.52 -1.08
-3.85 2.8 0.64
-3.73 4.8 2.73
-3.53 6.57 3.01
-3.42 7.8 2.66
-2.92 8.57 0
-2.73 8.4 -1.65
-2.56 8.38 -2.63
-2.58 8.32 -2.12
-3.13 8.2 1.35
-3.35 8.08 3.12
-3.35 8.08 3.12
-3.2 6.96 4.83
-3.03 7.16 6.16
-2.85 7.83 7.58
-2.74 8.67 8.78
-2.6 9.62 10.93
-2.5 8.92 11.65
-2.45 8.75 12.37
-2.74 8.63 14.56
-2.86 9.35 15.11
-2.86 9.35 15.11
-3.02 11.78 13.86
-3.1 12.47 11.67
-3.26 12.87 10.35
-3.42 12.81 8.95
-3.75 8.97 6.68
-3.93 7.34 6.42
-4.01 7.33 5.84
-3.99 7.82 4.71
-3.71 7.96 2.33
-3.71 7.96 2.33
-3.7 7.72 1.32
-3.66 6.8 0.98
-3.68 7.04 0.65
-3.63 7.87 0.17
-3.63 7.87 0.17
-3.58 8.1 0.02
-3.76 7.43 0.23
-3.95 6.73 0.6
-4.26 5.19 2.03
-4.42 5.6 2.21
-4.57 6.4 1.95
-4.68 7.48 1.43
-4.7 8.76 -0.98
-4.8 7.5 -2.31
-4.8 6.36 -3.83
-4.45 1.52 -7.93
-4.45 0.02 -7.71
-4.49 -0.59 -7.04
-4.25 0.82 -6.38
-4.08 2.61 -6.63
-4.05 4.13 -6.55
-4 4.71 -5.92
-3.99 3.47 -6.29
-3.99 1.91 -6.85
-3.96 0.89 -7.49
-3.73 -0.5 -8.64
-3.54 -1.06 -8.82
-3.29 -1.17 -9.03
-2.72 -0.5 -7.94
-2.74 0.18 -6.77
-2.7 0.76 -6.39
-2.54 -0.05 -7.88
-2.52 0.08 -8.6
-2.89 0.31 -5.73
-3.15 0.38 -4
-3.43 0.56 -2.63
-3.71 1.01 -1.37
-4.07 3.14 -0.58
-4.17 4.03 -0.53
-4.24 5.14 -0.4
-4.08 7.15 -0.66
-3.89 6.97 -0.87
-3.74 6.46 -1.46
-3.99 2.1 -4.03
-3.99 2.1 -4.03
-4.5 1.4 -4.07
-4.6 2.61 -4.22
-4.68 4.97 -3.93
-4.58 6.42 -4.02
-4.31 6.99 -4.43
-4.37 8.23 -3.26
-4.39 7.85 -1.54
-4.49 7.61 0
-4.71 8.36 2.25
-4.7 7.92 2.47
-4.95 6.85 3.01
-4.81 6.46 1.76
-4.62 6.94 1.56
-4.4 7.89 1.47
-4.3 10.63 3.37
-4.25 10.87 5.45
-4.07 10.91 5.48
-3.88 10.84 4.71
-3.74 11.28 4.11
-3.64 11.45 4.18
-3.61 10.98 4.52
-3.64 8.89 4.42
-3.64 8.23 3.91
-3.63 8.13 3.66
-3.64 8.6 3.58
-3.74 8.31 2.85
-3.79 8.23 2.48
-3.78 8.6 2.02
-3.75 8.91 0.9
-3.72 8.98 -0.04
-3.67 8.24 -0.79
-3.67 7.2 -1.44
-3.64 5.38 -1.36
-3.64 4.89 -1.01
-3.68 4.48 -0.44
-3.66 5.1 0
-3.66 5.46 -0.41
-3.65 5.5 -1
-3.69 5.19 -1.21
-3.74 4.82 -1.26
-3.72 4.69 -1.38
-3.71 4.79 -1.62
-3.6 5.35 -2.54
-3.57 4.83 -2.95
-3.57 4.01 -3.19
-3.59 3.44 -2.93
-3.6 3.05 -2.19
-3.54 3.19 -2.07
-3.46 3.76 -2.14
-3.46 3.76 -2.14
-3.32 4.18 -1.66
-3.37 4.12 -1.28
-3.42 4.06 -0.92
-3.49 4.38 -1.08
-3.52 4.43 -1.34
-3.53 4.64 -1.49
-3.53 5.1 -1.57
-3.53 5.67 -1.7
-3.53 5.74 -1.65
-3.56 5.64 -1.38
-3.6 5.83 -0.89
-3.65 5.96 -0.65
-3.63 6.1 -0.52
-3.64 6.13 -0.36
-3.59 6.18 -0.38
-3.61 6 -0.3
-3.62 5.93 -0.27
-3.57 6.09 -0.53
-3.57 6.25 -0.91
-3.55 6.47 -1.29
-3.55 6.37 -1.91
-3.57 6.09 -1.78
-3.55 5.84 -1.74
-3.55 5.73 -1.76
-3.57 5.87 -1.59
-3.58 6.05 -1.45
-3.53 6.05 -1.61
0 -0.04 -0.13
0 0 -0.07
-0.03 -0.28 0.37
-0.05 -0.14 0.45
