0 0 0 0
0 0 0 0
0 0 0 0
0 0 0 0
0 0 0 0
1 -0.0053710938 0.0017089844 0.00012207031
1 -0.00592041 0.0018920898 0.000061035156
1 -0.0063476562 0.0018920898 -0.00012207031
1 -0.006713867 0.0017700195 -0.00036621094
1 -0.007080078 0.0016479492 -0.00048828125
1 -0.007446289 0.0015258789 -0.00048828125
0.99993896 -0.007751465 0.0015258789 -0.00030517578
0.99993896 -0.008117676 0.0016479492 -0.000061035156
0.99993896 -0.008850098 0.001953125 0.000061035156
0.99993896 -0.009887695 0.0022583008 0.000061035156
0.99993896 -0.010925293 0.0025024414 0
0.99993896 -0.012084961 0.0026855469 0
0.99993896 -0.013061523 0.0026855469 0.000061035156
0.9998779 -0.0138549805 0.0025634766 0.000061035156
0.9998779 -0.014404297 0.0024414062 0.000061035156
0.9998779 -0.014831543 0.0022583008 0.000061035156
0.9998779 -0.015197754 0.0020751953 0.000061035156
0.9998779 -0.015625 0.001953125 0
0.9998779 -0.016296387 0.0018310547 -0.00018310547
0.9998779 -0.017211914 0.0017089844 -0.00018310547
0.9998169 -0.01763916 0.0014648438 0.000061035156
0.9998169 -0.01776123 0.001159668 0.00048828125
0.9998169 -0.0178833 0.00091552734 0.0009765625
0.9998169 -0.018066406 0.00079345703 0.0014038086
0.9998169 -0.018005371 0.0007324219 0.0017700195
0.9998169 -0.017822266 0.0007324219 0.0018920898
0.9998169 -0.018188477 0.00091552734 0.0017700195
0.9998169 -0.018737793 0.001159668 0.0015258789
0.9998169 -0.018737793 0.0014648438 0.0012207031
0.9998169 -0.018859863 0.0018920898 0.00091552734
0.9998169 -0.019897461 0.0025634766 0.00048828125
0.99975586 -0.02142334 0.0034179688 0
0.9996948 -0.023254395 0.004333496 -0.0005493164
0.9996948 -0.02508545 0.0052490234 -0.001159668
0.9996338 -0.026916504 0.0061035156 -0.0018920898
0.99957275 -0.02923584 0.0067749023 -0.002746582
0.9994507 -0.031982422 0.007019043 -0.003540039
0.9993286 -0.03491211 0.0068359375 -0.0041503906
0.9992676 -0.037963867 0.005859375 -0.0045776367
0.9991455 -0.040893555 0.0040893555 -0.004760742
0.99902344 -0.0435791 0.0015258789 -0.0048828125
0.9989624 -0.045898438 -0.0017700195 -0.005004883
0.99884033 -0.047729492 -0.005432129 -0.005126953
0.99871826 -0.04949951 -0.009460449 -0.0051879883
0.9985962 -0.0513916 -0.01373291 -0.005065918
0.9984131 -0.053344727 -0.018127441 -0.004699707
0.99816895 -0.055664062 -0.022644043 -0.0040893555
0.9979248 -0.0579834 -0.027526855 -0.003112793
0.9976196 -0.060424805 -0.032714844 -0.0018920898
0.9972534 -0.06311035 -0.03845215 -0.0007324219
0.9968262 -0.06561279 -0.044677734 0.00036621094
0.9963379 -0.06829834 -0.05126953 0.0014038086
0.9957886 -0.07110596 -0.05822754 0.0025024414
0.9951172 -0.07397461 -0.06555176 0.0038452148
0.99432373 -0.07727051 -0.07312012 0.0053710938
0.9934082 -0.08099365 -0.08105469 0.007019043
0.9923096 -0.085510254 -0.08929443 0.008666992
0.99102783 -0.09039307 -0.097839355 0.010375977
0.98968506 -0.09472656 -0.106933594 0.012329102
0.9882202 -0.09802246 -0.11669922 0.0146484375
0.9866333 -0.10083008 -0.12689209 0.017211914
0.9848633 -0.104003906 -0.13726807 0.019897461
0.9829712 -0.1071167 -0.14770508 0.022827148
0.98101807 -0.109680176 -0.15783691 0.025939941
0.979126 -0.11077881 -0.16778564 0.02935791
0.9772339 -0.111328125 -0.17749023 0.03253174
0.97528076 -0.11230469 -0.18688965 0.035217285
0.9732666 -0.11364746 -0.19586182 0.037597656
0.97125244 -0.114990234 -0.20465088 0.03967285
0.9692993 -0.11566162 -0.21307373 0.04156494
0.96551514 -0.116882324 -0.22845459 0.043945312
0.9637451 -0.117370605 -0.2355957 0.04425049
0.9619751 -0.11773682 -0.24249268 0.044067383
0.9602661 -0.11773682 -0.24908447 0.043701172
0.95874023 -0.117492676 -0.25531006 0.04309082
0.9572754 -0.1171875 -0.26086426 0.042419434
0.9561157 -0.11669922 -0.26556396 0.041870117
0.9550781 -0.11621094 -0.2694702 0.041137695
0.95428467 -0.115356445 -0.27282715 0.040161133
0.9536133 -0.11419678 -0.2758789 0.038635254
0.953125 -0.11236572 -0.27844238 0.03692627
0.9529419 -0.10961914 -0.28045654 0.035095215
0.9529419 -0.107055664 -0.28179932 0.032592773
0.95306396 -0.10546875 -0.28234863 0.02911377
0.95336914 -0.10461426 -0.2821045 0.024841309
0.9538574 -0.10430908 -0.2808838 0.019897461
0.95458984 -0.10437012 -0.27868652 0.014465332
0.9555054 -0.10357666 -0.27600098 0.0087890625
0.95666504 -0.101379395 -0.27301025 0.0028076172
0.95788574 -0.09869385 -0.26965332 -0.0036621094
0.9592285 -0.09588623 -0.265625 -0.010498047
0.9607544 -0.09295654 -0.26086426 -0.01751709
0.9623413 -0.090026855 -0.2553711 -0.024291992
0.9640503 -0.08709717 -0.24920654 -0.030700684
0.9658203 -0.08355713 -0.24273682 -0.03668213
0.96765137 -0.079589844 -0.23571777 -0.0423584
0.96954346 -0.075927734 -0.2277832 -0.047851562
0.9715576 -0.07348633 -0.21868896 -0.053588867
0.97351074 -0.0713501 -0.20898438 -0.059387207
0.9753418 -0.068359375 -0.19946289 -0.06518555
0.9769287 -0.06488037 -0.19049072 -0.07128906
0.9782715 -0.061340332 -0.1821289 -0.077697754
0.9793701 -0.057434082 -0.17462158 -0.08380127
0.9803467 -0.05303955 -0.16772461 -0.08935547
0.9812012 -0.048461914 -0.16119385 -0.09436035
0.9819946 -0.04534912 -0.15423584 -0.09942627
0.98272705 -0.044006348 -0.1463623 -0.10455322
0.98339844 -0.043884277 -0.13769531 -0.109680176
0.9840698 -0.043701172 -0.12878418 -0.11456299
0.9846802 -0.04272461 -0.12011719 -0.119018555
0.98516846 -0.04095459 -0.11206055 -0.123168945
0.98553467 -0.039123535 -0.10443115 -0.12750244
0.9857788 -0.037719727 -0.09729004 -0.13189697
0.9857788 -0.037109375 -0.09069824 -0.13641357
0.98565674 -0.037902832 -0.08465576 -0.14093018
0.9854126 -0.03930664 -0.079589844 -0.14501953
0.98516846 -0.04046631 -0.07562256 -0.14880371
0.98480225 -0.041381836 -0.07281494 -0.15228271
0.98431396 -0.042175293 -0.0713501 -0.15557861
0.9838257 -0.042907715 -0.0715332 -0.1586914
0.98327637 -0.04296875 -0.07324219 -0.16107178
0.9828491 -0.04272461 -0.076293945 -0.16253662
0.98236084 -0.04284668 -0.080444336 -0.16320801
0.9819946 -0.04345703 -0.08532715 -0.16296387
0.98168945 -0.044067383 -0.09088135 -0.1616211
0.9813843 -0.04498291 -0.09680176 -0.15979004
0.980896 -0.046936035 -0.10308838 -0.15808105
0.9803467 -0.048828125 -0.11004639 -0.1564331
0.9796753 -0.05053711 -0.11743164 -0.15454102
0.9789429 -0.05279541 -0.12475586 -0.15258789
0.97821045 -0.055480957 -0.13189697 -0.15057373
0.977417 -0.0579834 -0.13909912 -0.1482544
0.9765625 -0.060424805 -0.14630127 -0.14587402
0.97558594 -0.0635376 -0.15344238 -0.14361572
0.97454834 -0.06750488 -0.16052246 -0.14129639
0.9733887 -0.07232666 -0.16741943 -0.13873291
0.97216797 -0.077819824 -0.17419434 -0.1359253
0.9708252 -0.083740234 -0.18103027 -0.13293457
0.9694214 -0.089538574 -0.18817139 -0.12982178
0.9677124 -0.09527588 -0.19580078 -0.12683105
0.9657593 -0.101135254 -0.20410156 -0.1239624
0.96099854 -0.11395264 -0.22247314 -0.11816406
0.958374 -0.12042236 -0.23217773 -0.11437988
0.9556885 -0.12652588 -0.24188232 -0.11010742
0.9529419 -0.13238525 -0.25134277 -0.105651855
0.95043945 -0.13726807 -0.26013184 -0.10095215
0.9480591 -0.14129639 -0.26812744 -0.09655762
0.94573975 -0.14508057 -0.27539062 -0.09320068
0.94348145 -0.1482544 -0.28222656 -0.09075928
0.94122314 -0.15057373 -0.28900146 -0.08892822
0.9390259 -0.15264893 -0.29541016 -0.087402344
0.93688965 -0.15509033 -0.30133057 -0.085998535
0.9348755 -0.15722656 -0.30682373 -0.084228516
0.9331665 -0.15856934 -0.31207275 -0.08190918
0.9314575 -0.15991211 -0.3168335 -0.07989502
0.928772 -0.16131592 -0.32470703 -0.07714844
0.92785645 -0.16088867 -0.32763672 -0.076416016
0.9272461 -0.15985107 -0.32995605 -0.07635498
0.9267578 -0.1593628 -0.33135986 -0.07727051
0.9262085 -0.16009521 -0.3319702 -0.07946777
0.9257202 -0.16088867 -0.33215332 -0.082214355
0.9256592 -0.16009521 -0.3322754 -0.08465576
0.9258423 -0.15820312 -0.3319702 -0.0871582
0.92663574 -0.15631104 -0.3283081 -0.09527588
0.92736816 -0.15557861 -0.3250122 -0.10046387
0.9282837 -0.15405273 -0.3213501 -0.10614014
0.92926025 -0.15185547 -0.31756592 -0.11212158
0.9302368 -0.1486206 -0.31396484 -0.11816406
0.9312744 -0.14428711 -0.31072998 -0.12408447
0.93218994 -0.1395874 -0.3076172 -0.12988281
0.93310547 -0.13476562 -0.30462646 -0.13549805
0.9338989 -0.13031006 -0.30163574 -0.1408081
0.9347534 -0.12609863 -0.29864502 -0.14556885
0.93652344 -0.11639404 -0.29278564 -0.15362549
0.9375 -0.111450195 -0.28936768 -0.15808105
0.93829346 -0.10681152 -0.28546143 -0.16333008
0.9390869 -0.1015625 -0.28137207 -0.16918945
0.9397583 -0.095947266 -0.27703857 -0.17578125
0.9404297 -0.090026855 -0.27233887 -0.18267822
0.9411621 -0.08312988 -0.26745605 -0.18908691
0.94189453 -0.07702637 -0.26190186 -0.19567871
0.94348145 -0.06762695 -0.24841309 -0.20874023
0.94415283 -0.0635376 -0.24145508 -0.21508789
0.9447632 -0.059143066 -0.23486328 -0.2208252
0.9453125 -0.05432129 -0.2288208 -0.22607422
0.9456177 -0.050048828 -0.22314453 -0.2312622
0.9458008 -0.045898438 -0.21795654 -0.2364502
0.94573975 -0.041381836 -0.21325684 -0.24151611
0.9456177 -0.037231445 -0.2086792 -0.24682617
0.9453125 -0.03375244 -0.20404053 -0.2522583
0.94506836 -0.03100586 -0.19909668 -0.2574463
0.9447632 -0.028320312 -0.19476318 -0.2619629
0.944458 -0.026123047 -0.19110107 -0.2659912
0.94415283 -0.024963379 -0.18774414 -0.2695923
0.9439087 -0.023925781 -0.18487549 -0.272583
0.9437866 -0.022399902 -0.18255615 -0.2746582
0.9437866 -0.020874023 -0.18066406 -0.27600098
0.9437866 -0.019592285 -0.17926025 -0.27703857
0.9437256 -0.018188477 -0.17822266 -0.27789307
0.94366455 -0.01727295 -0.1774292 -0.2788086
0.9435425 -0.016296387 -0.17694092 -0.27947998
0.94348145 -0.015197754 -0.17687988 -0.2798462
0.9434204 -0.0146484375 -0.17694092 -0.28015137
0.9433594 -0.014404297 -0.17718506 -0.2802124
0.9433594 -0.014404297 -0.17767334 -0.27990723
0.9434204 -0.014404297 -0.17822266 -0.2791748
0.9437256 -0.014526367 -0.17871094 -0.2779541
0.94403076 -0.015136719 -0.17889404 -0.2767334
0.944397 -0.016113281 -0.17871094 -0.27557373
0.94470215 -0.01739502 -0.17840576 -0.27459717
0.9449463 -0.018920898 -0.17803955 -0.27386475
0.9451294 -0.020202637 -0.17803955 -0.2732544
0.94525146 -0.020935059 -0.17840576 -0.2723999
0.9454956 -0.02142334 -0.17889404 -0.2713623
0.9456787 -0.022338867 -0.17926025 -0.2703247
0.9458618 -0.023376465 -0.17956543 -0.26934814
0.9460449 -0.024353027 -0.17993164 -0.26837158
0.946228 -0.02545166 -0.18035889 -0.26739502
0.94641113 -0.026550293 -0.1807251 -0.26635742
0.9467163 -0.027404785 -0.1809082 -0.26507568
0.9470215 -0.028381348 -0.18078613 -0.26397705
0.94732666 -0.029663086 -0.18023682 -0.26312256
0.9475708 -0.030578613 -0.17974854 -0.26245117
0.9477539 -0.03112793 -0.17932129 -0.26202393
0.947876 -0.03173828 -0.17877197 -0.26184082
0.94799805 -0.03253174 -0.17803955 -0.26171875
0.9481201 -0.03363037 -0.1772461 -0.2617798
0.94818115 -0.03491211 -0.1763916 -0.26202393
0.94818115 -0.036132812 -0.17565918 -0.2623291
0.9481201 -0.036987305 -0.17523193 -0.2626953
0.9480591 -0.03765869 -0.17486572 -0.26312256
0.947937 -0.038330078 -0.17443848 -0.26367188
0.94781494 -0.039001465 -0.17401123 -0.2642212
0.9477539 -0.039733887 -0.17346191 -0.26470947
0.9476929 -0.04058838 -0.17272949 -0.2652588
0.94763184 -0.04156494 -0.17193604 -0.2658081
0.9475708 -0.04260254 -0.17114258 -0.26641846
0.94750977 -0.043701172 -0.17034912 -0.26690674
0.94744873 -0.044677734 -0.16967773 -0.26739502
0.94744873 -0.045715332 -0.16912842 -0.26776123
0.9473877 -0.04663086 -0.16870117 -0.26800537
0.94732666 -0.047668457 -0.16833496 -0.26818848
0.9472656 -0.04876709 -0.16809082 -0.26849365
0.9472046 -0.049682617 -0.16802979 -0.26861572
0.9470215 -0.051086426 -0.16821289 -0.26867676
0.9470215 -0.051879883 -0.16821289 -0.26861572
0.9470215 -0.05291748 -0.16802979 -0.26849365
0.9470825 -0.054016113 -0.16772461 -0.26831055
0.94714355 -0.05505371 -0.1673584 -0.2680664
0.9472046 -0.057373047 -0.16644287 -0.2678833
0.9472656 -0.058532715 -0.16595459 -0.26776123
0.94732666 -0.059570312 -0.16552734 -0.26757812
0.8942261 0.3059082 -0.097229004 -0.31188965
0.8954468 0.3034668 -0.09613037 -0.31121826
0.8960571 0.3022461 -0.095581055 -0.31079102
0.8966675 0.30096436 -0.09503174 -0.3104248
