0 0 0
0 0 0
0 0 0
0 0 0
0 0 0
0 0 0
0 0 -0.5625
0 -0.0625 -0.6875
0 -0.0625 -0.8125
0.0625 -0.0625 -0.875
0.0625 -0.0625 -0.9375
0.0625 -0.0625 -1.0625
0.0625 -0.125 -1.1875
0.125 -0.125 -1.3125
0.125 -0.125 -1.5
0.125 -0.125 -1.5625
0.125 -0.0625 -1.625
0.0625 -0.0625 -1.6875
0.0625 -0.0625 -1.8125
0.0625 -0.0625 -1.875
0 -0.0625 -1.9375
0 -0.0625 -2.0625
0 -0.0625 -2.25
0 -0.0625 -2.25
0 -0.0625 -2.3125
359.9375 -0.0625 -2.4375
359.9375 -0.0625 -2.5625
359.875 -0.0625 -2.8125
359.875 -0.0625 -3
359.8125 0 -3.25
359.8125 0.125 -3.5
359.8125 0.375 -3.875
359.75 0.625 -4.375
359.6875 0.9375 -5.0625
359.5625 1.375 -5.6875
359.4375 1.8125 -6.3125
359.3125 2.3125 -6.8125
359.25 2.8125 -7.3125
359.375 3.3125 -7.6875
359.625 3.8125 -7.875
0 4.3125 -7.9375
0.5625 4.75 -8.1875
1.1875 5.125 -8.375
1.875 5.4375 -8.6875
2.6875 5.75 -9.0625
3.5625 6 -9.625
4.625 6.3125 -10.375
5.75 6.5625 -11.25
7 6.9375 -12.0625
8.0625 7.25 -12.375
8.9375 7.5 -12.4375
9.8125 7.625 -12.75
10.625 7.625 -13.1875
11.375 7.625 -13.5
12.0625 7.625 -13.5625
12.75 7.6875 -13.625
13.4375 7.6875 -13.5625
14.0625 7.625 -13.4375
14.625 7.4375 -13.375
15.25 7.1875 -13.4375
15.9375 6.8125 -13.625
16.625 6.375 -13.875
17.375 5.875 -14.125
18.125 5.3125 -14.4375
18.875 4.625 -14.9375
20.3125 2.75 -16.1875
20.3125 2.75 -16.1875
21.4375 0.4375 -17.125
21.9375 -0.8125 -17.6875
21.9375 -0.8125 -17.6875
22.375 -2.1875 -18.5625
22.8125 -3.5 -19.5
23.25 -4.625 -20.3125
23.5625 -5.625 -20.875
23.75 -6.5625 -21.3125
23.875 -7.5625 -21.625
24 -8.75 -22.0625
24.0625 -11.5625 -23.125
24.0625 -11.5625 -23.125
24 -15.1875 -25.3125
24 -15.1875 -25.3125
23.875 -17.125 -26.8125
23.6875 -18.9375 -27.9375
23.3125 -22.3125 -29.3125
23.3125 -22.3125 -29.3125
22.6875 -25.0625 -30.3125
22.3125 -26.3125 -30.375
21.875 -27.5625 -30.625
21.5 -28.75 -30.875
20.9375 -29.9375 -31.1875
20.25 -31.25 -31.0625
19.375 -32.6875 -30.5
19.375 -32.6875 -30.5
18.375 -34.125 -30.25
17.25 -35.5625 -29.8125
14.8125 -38.5625 -28.875
14.8125 -38.5625 -28.875
13.5 -40.125 -28.5
11.9375 -41.75 -28.625
8.3125 -44.875 -28.3125
8.3125 -44.875 -28.3125
274.1875 -47.5 -26.375
274.1875 -47.5 -26.375
269.625 -49.6875 -22.5
267.1875 -50.625 -19.9375
267.1875 -50.625 -19.9375
264.75 -51.375 -17.125
262.4375 -51.9375 -14.125
260.375 -52.375 -11.0625
258.625 -52.5625 -8.25
257.0625 -52.5 -6
255.6875 -52.25 -4.1875
254.375 -51.9375 -2.8125
253.0625 -51.375 -1.75
251.875 -50.6875 -0.8125
250.6875 -49.875 0
248.5 -47.9375 1
247.5 -46.8125 1.5625
246.5625 -45.625 2.0625
335.625 -44.375 2.25
335.625 -44.375 2.25
334.6875 -43.0625 2.375
333.875 -41.5625 2.6875
333.125 -40 3.125
332.5 -38.375 3.625
331.875 -36.875 3.8125
331.3125 -35.375 3.875
330.75 -33.875 3.6875
330.25 -32.4375 3.25
329.8125 -30.9375 2.875
329.3125 -29.3125 2.625
328.875 -27.75 2.4375
328.5 -26.1875 2.25
328.125 -24.6875 1.625
327.9375 -23.1875 1.375
327.75 -21.75 1.1875
327.5625 -19.1875 0.25
327.4375 -17.9375 -0.1875
327.3125 -16.8125 -0.6875
327.1875 -15.6875 -1.125
327.125 -14.5625 -1.4375
327.1875 -13.5 -1.6875
327.3125 -12.5 -2
327.5 -11.4375 -2.375
327.8125 -10.4375 -2.8125
328.125 -9.4375 -3.4375
328.4375 -8.4375 -4
328.875 -7.3125 -4.4375
329.375 -6.1875 -4.8125
329.9375 -5.125 -5
330.5625 -4 -5.0625
331.25 -2.9375 -5.25
331.8125 -2 -5.3125
332.3125 -1.0625 -5.4375
332.8125 -0.0625 -5.6875
333.3125 0.8125 -5.75
334.1875 2.75 -5.1875
334.1875 2.75 -5.1875
334.625 3.625 -4.9375
335.125 4.5 -4.875
335.5625 5.1875 -4.875
336.0625 5.875 -4.875
336.5625 6.4375 -4.8125
337.0625 6.9375 -4.8125
338.375 7.75 -5.1875
339.3125 8.125 -5.5625
340.1875 8.5 -5.625
341.0625 8.9375 -5.4375
341.875 9.3125 -5.1875
342.625 9.625 -4.9375
343.25 9.9375 -4.75
343.25 9.9375 -4.75
343.875 10.125 -4.75
344.5625 10.3125 -4.875
345.25 10.4375 -5
345.9375 10.5625 -4.9375
346.75 10.625 -4.75
347.5 10.6875 -4.3125
348.3125 10.625 -3.8125
349.1875 10.5 -3.5
350.0625 10.3125 -3.3125
350.9375 10.0625 -3.25
351.625 9.9375 -3.125
352.1875 9.8125 -2.9375
352.625 9.6875 -2.8125
352.9375 9.5 -2.875
353.25 9.3125 -3.0625
353.4375 9.125 -3.125
353.75 8.875 -3.1875
354.125 8.625 -3.25
354.5 8.4375 -3.1875
354.875 8.25 -3.1875
355.25 8.0625 -3.125
355.5 7.8125 -3.125
355.75 7.5625 -3.25
356 7.25 -3.5
356.5 6.6875 -3.75
356.5 6.6875 -3.75
356.875 6.3125 -3.75
356.875 6.3125 -3.75
357.0625 6 -3.8125
357.0625 5.8125 -3.8125
357.125 5.6875 -3.8125
357.125 5.5 -3.8125
357.1875 5.3125 -3.8125
357.1875 5.3125 -3.8125
357.125 4.875 -3.8125
357.125 4.875 -3.8125
357.0625 4.5625 -3.75
357 4.5 -3.625
356.875 4.375 -3.5
356.875 4.375 -3.5
356.8125 4.3125 -3.4375
356.75 4.1875 -3.375
356.625 3.9375 -3.5
356.625 3.875 -3.5625
356.625 3.75 -3.5625
356.625 3.75 -3.5625
356.5625 3.5625 -3.6875
356.5625 3.5 -3.75
356.5625 3.375 -3.875
356.5625 3.375 -3.875
356.4375 3.125 -4
356.4375 3 -4.125
356.375 2.875 -4.125
356.3125 2.75 -4.1875
356.3125 2.5625 -4.1875
356.3125 2.4375 -4.3125
356.3125 2.4375 -4.3125
356.3125 2.25 -4.4375
356.3125 2.0625 -4.625
356.375 1.875 -4.8125
356.375 1.75 -4.875
356.4375 1.5625 -4.9375
356.5 1.5 -5
356.5 1.375 -5.125
356.5625 1.3125 -5.1875
356.5625 1.25 -5.25
356.5625 1.125 -5.3125
356.625 1.0625 -5.375
356.6875 0.9375 -5.5625
356.6875 0.8125 -5.6875
356.625 0.8125 -5.75
356.625 0.75 -5.8125
356.5625 0.6875 -5.875
356.5 0.625 -5.9375
356.4375 0.5625 -6
356.3125 0.4375 -6.25
356.25 0.3125 -6.375
356.1875 0.1875 -6.4375
356.125 0.0625 -6.625
356.125 0 -6.75
356.0625 -0.0625 -6.8125
