0 0 0
-8.9375 0.625 0.125
-9.6875 1.125 0.1875
-7.3125 0.25 0.1875
-8.9375 0.9375 -0.625
-10.125 1.5 -1.125
-10.3125 1.875 -1.3125
-8.375 1.5625 -1.375
-7.25 1 -1.3125
-6 0.6875 -1.1875
-8.0625 1.125 -0.9375
-11 1.8125 -1.5625
-13.0625 1.5625 -2.1875
-9.5625 -0.5625 -1.0625
-7.375 -1.125 0.5625
-7.3125 -0.6875 1
-7.8125 0.0625 1.625
-8.6875 0.375 2.1875
-8.375 0.375 2.4375
-8.625 0.375 2.25
-10.1875 0.375 1.375
-10.25 -0.5 0.75
-9.8125 -0.9375 0.75
-9.3125 -0.5625 1.9375
-10.8125 0.1875 3.0625
-14.9375 0.1875 3.125
-20.6875 -0.6875 2.8125
-22.75 -4.625 2.125
-23.25 -9.75 1.6875
-28.5625 -15.1875 1.0625
-35.75 -21.375 1.625
-55.1875 -27.8125 2.5
-70.8125 -35.0625 6.375
-64.0625 -43.5625 12.1875
-60.125 -48.4375 13.8125
-56.875 -51.75 9.5625
-48.25 -52.25 1.4375
-38.5625 -50.5 -11.4375
-19.5 -49 -27.3125
-10.25 -44.1875 -43
-27.3125 -37.75 -58.375
-27.6875 -32.125 -67.9375
-40.0625 -24.125 -74.125
-47.9375 -17.5 -80.875
-64.5 -13 -89.875
-85.125 -10.0625 -100.625
-106.75 -9.125 -115.75
-96.125 -12 -121.1875
-42.3125 -12.6875 -107.6875
-24.4375 -5.25 -94.1875
-42.625 7.5625 -84.5625
-52.875 16.875 -76.3125
-41.4375 18.1875 -71.0625
-20.125 14.3125 -69.25
-12.5625 12.8125 -69
-4.375 14.9375 -68.1875
5.3125 21.5625 -63.0625
0.25 33.1875 -58.3125
-19.1875 44.625 -57.25
-27.3125 53.6875 -59.4375
-32.75 60.5625 -63.1875
-33.0625 67.375 -66.0625
-43.1875 77.8125 -68.0625
-61.375 93.875 -64.4375
-70.8125 108.75 -58.4375
-68.6875 121.125 -50.8125
-56.25 130.0625 -42.8125
-42.9375 139.9375 -33.375
-56.5625 153.1875 -25.875
-89.5625 157.875 -24.125
-94.6875 147.875 -23.5
-78.4375 131.125 -20.375
-51.8125 116.0625 -13.0625
-38.875 107.8125 -5.375
-33 110.125 4.25
-35.25 122.3125 13.0625
-42.9375 138.9375 18.5625
-57.0625 159.5625 23.3125
-85.3125 182.25 28.1875
-118.25 200.25 34.6875
-134.1875 204.125 38.4375
-102.6875 193.3125 44.1875
-63.3125 176.8125 49.625
-50.125 158.8125 51.5
-51.625 142.125 52.875
-34.875 124.3125 59
-11.9375 112.8125 67.4375
-20.9375 106.9375 64.5
-26.75 105.5625 63.625
-36 103.1875 70.625
-7.875 97.5625 94.1875
27.0625 100.75 122.6875
-13.875 99.375 127
-4.875 96.0625 135.625
-8.1875 93.25 138.5625
-14.3125 97.625 147.75
-28.6875 101.875 147.75
-81.625 107.4375 152.6875
-92.875 99.625 164.625
-79.4375 81.625 178.5625
-65.0625 61.875 189.6875
-50.6875 43.1875 204.0625
-31.4375 26 220.3125
-18.625 12.875 235.4375
-12 5.125 246.625
1.75 -1 249.8125
10.25 -4.4375 243.5625
29.3125 -8 228
32.625 -15.6875 197.375
14.375 -25.8125 164.9375
-0.625 -35.0625 143.0625
-23 -45.75 125.25
-41 -59.0625 113.375
-34.8125 -74.1875 107.3125
-35.8125 -86.375 100
-53.875 -95.0625 92.8125
-48.6875 -104.75 89.625
-31.75 -114.0625 88
-34.3125 -119.125 84.125
-50.625 -124.25 79.0625
-55.5 -135.5625 75.3125
-33.375 -149.1875 75.8125
-10 -158.125 75.625
-2.5 -160.5 71.25
-18.875 -156.9375 62.875
-26.6875 -151.625 55.1875
-43.75 -147.5 45.125
-65 -149.625 36.75
-53.8125 -155.1875 37.3125
-45.375 -161.5 38.5625
-32.75 -162.5625 40.375
-39.375 -158.5 35.25
-69.75 -155.6875 23.5
-32.9375 -155.75 17.5
-23.3125 -147.375 11
-48 -136.5 3.3125
-49.75 -129.75 2
-53.3125 -125.125 3.125
-51.625 -119.5625 5.8125
-48.3125 -116 5.125
-26.8125 -109.3125 -8.875
-29.25 -105.9375 -18.375
-33.5 -103.5625 -27.0625
-39.6875 -101.8125 -34.375
-55.625 -102.125 -39.5625
-53.375 -105.75 -42.75
-41.0625 -109.0625 -49.375
-30.5 -109.8125 -57.75
-13.625 -109.125 -64.8125
-3.8125 -106.8125 -71.125
-10.5625 -102.1875 -72.6875
-4.6875 -96.8125 -65.1875
-13.75 -91.625 -57.8125
-26.6875 -93.1875 -57
-2.6875 -97.375 -54.5625
20.3125 -97.25 -50.1875
31.6875 -93.1875 -47.3125
22.4375 -87.5 -50.3125
3.8125 -79.9375 -54.5625
-5.9375 -71.0625 -53.875
-1.8125 -63.4375 -51.1875
1 -55.5 -51.5
-5.4375 -45.8125 -54.3125
-15.6875 -38.1875 -61.5
-42.25 -34.0625 -77.3125
-47.0625 -32.0625 -90.5625
-23.125 -31.875 -94.625
5.125 -32.6875 -92.1875
15.9375 -30.8125 -86.6875
11.625 -27.875 -79.3125
10.4375 -23.75 -67.75
-11.9375 -17.8125 -63.8125
-29.125 -11.9375 -65.875
-21.375 -8.5 -69.8125
-8.125 -4.6875 -73.6875
4.25 -2.1875 -80.5625
30.8125 2.5625 -81.875
31.5625 10.5625 -85.75
20.3125 19.75 -91.3125
-1.0625 27.375 -91.375
-10.5625 27.125 -85
-0.25 20.375 -74.25
10.5 15.625 -58.5625
7.625 15.75 -42.5625
-11 18.9375 -32.25
-26.3125 21.5 -26.9375
-13.375 23.0625 -22.125
-7.625 24.625 -27.4375
-11 25.1875 -35.8125
-4.5625 24.75 -38.375
-2.75 23.4375 -39.6875
-0.9375 22 -37
-3.9375 24.125 -29
-15.125 28.625 -23.25
-26.875 31.8125 -23.75
-20.375 31.1875 -22.8125
-11.0625 28.25 -21.5625
-8.125 23.1875 -20.125
0.375 19.5 -14.8125
-2.5 18.75 -10.625
-6.375 17.4375 -7.6875
-0.3125 15.8125 -4.375
1.5625 15.5 -2.5625
1.9375 17.4375 -1.625
-1.625 19.875 -1.375
0.5 21.875 0.9375
-3.3125 21.75 1.625
-0.5625 18.125 3
9.8125 13.625 6.5625
14.875 10.375 8.875
13.625 9.5625 8.5
5.125 9.625 6.0625
3.8125 10 6.5
0.375 11.375 8.0625
-10.4375 12 5.3125
-8 9.9375 3.4375
-0.5625 8.5625 3.125
-3.5625 9.8125 2.375
-8.3125 10.3125 1
-7.75 10.25 0.875
-7.0625 11 2.5625
-7.9375 11.375 4.4375
-9.875 13.125 5.8125
-8.5625 13.6875 6.375
-4 13.625 5.625
-2.125 13.125 3.125
-3.625 14.6875 1.625
-10.125 17.375 1.3125
-14.375 19 1.125
-17.6875 18.9375 -0.0625
-17.875 17 -1.0625
-10.9375 13.625 -1.9375
-4.375 10.375 -3.0625
-3.0625 9.5 -3.4375
-5.375 9.375 -2.875
-8.75 9 -2.5
-7.75 8.3125 -2.125
-6.625 8.1875 -1.125
-6.625 8.0625 -2.6875
-7.8125 8.75 -2.625
-11.5 9 -1.5625
-9.125 7.375 0.5
-6.8125 5.5625 2.875
-6.25 3.6875 5.625
-5.8125 4.25 6.4375
-9.875 5.875 6.625
-11.9375 6.75 5.6875
-10.875 7.9375 6
-10.1875 9.875 7.3125
-12 11.1875 7.375
-14.625 11.6875 5.875
-12.9375 10.875 4.0625
-11 9.9375 1.625
