0 0 0
0 0 0
0 0 0
0 0 0
0 0 0
2 5.8 -2.51
1.95 5.88 -2.35
1.96 6.07 -2.25
1.98 6.12 -2.27
1.98 6.13 -2.42
1.99 6.08 -2.52
1.96 6.04 -2.19
1.95 6.3 -1.9
1.9 6.49 -1.76
1.95 6.59 -2.31
1.92 6.52 -2.53
1.92 6.49 -2.58
1.93 6.34 -2.46
1.91 6.2 -2.46
1.98 5.92 -2.19
1.97 6.02 -2.06
2 6.27 -2.14
2.05 6.59 -2.31
2.05 6.64 -2.4
2.01 6.44 -2.18
1.97 6.29 -1.71
1.82 5.93 -0.05
1.81 5.92 0.43
1.81 5.95 0.73
1.83 6.2 1.06
1.87 6.82 1.66
1.88 7.43 1.92
1.82 7.49 2.31
1.74 4.48 0.63
1.66 2.73 -0.27
1.59 1.17 -1.36
1.53 -0.39 -2.42
1.14 -2.49 -3.49
1.1 -2.02 -4.49
1.06 -1.35 -4.83
0.75 1.57 -5.25
0.71 2.43 -5.37
0.41 2.27 -4.99
0.36 2.33 -4.54
-0.53 1.27 -2.9
-0.39 0.84 -2.23
-0.65 2.89 -1.11
-0.52 11.08 -2.52
-0.52 11.08 -2.52
-0.08 10.89 -5.74
0.15 10.53 -5.17
-0.8 8.11 -1.4
-1.09 7.11 -0.66
-1.12 6.81 -1.23
-0.91 7.65 -3.88
-0.75 8.57 -5.39
-0.6 8.53 -6.74
-0.51 7.59 -7.11
-0.71 5.75 -6.46
-0.87 5.53 -6.07
-1.16 5.79 -6.2
-1.11 7.57 -8.1
-1.07 9.02 -8.64
-1.24 9.77 -8.09
-1.49 10.42 -6.9
-1.73 10.92 -5.66
-2.01 11.35 -5.47
-2.24 11.16 -5.57
-2.26 10.11 -3.4
-3 8.69 4.05
-2.87 9.2 5.93
-2.74 10.48 5.94
-1.87 12.01 1.85
-1.87 12.01 1.85
-1.22 12.55 -4.81
-1.33 11.8 -6.85
-2.06 11.47 -9.73
-2.46 11.6 -9.83
-2.98 11.78 -8.27
-3.81 9.67 0.07
-3.82 9.95 4.07
-3.36 10 6.38
-2.99 9.56 7.83
-2.14 9.94 8.1
-1.78 10.81 8.32
-1.5 12.38 6.65
-0.61 8.62 2.66
-0.39 10.1 1.09
-0.32 12.76 1.25
-0.45 16.52 2.47
-0.79 17.72 0.16
-0.89 12.52 1.45
-1.28 12.35 1.64
0.1 11.87 0.05
-2.05 11.81 -1.54
-0.56 10.49 -2.33
-0.61 10.97 -1.71
-1.26 13.44 4.59
-1.01 13.57 7.31
-0.94 13 8.22
-1.36 14.52 8.64
-1.64 14.45 8.36
-1.8 13.9 7.31
-1.83 12.48 5.79
-1.96 7.22 4.42
-1.33 3.68 4.21
-1.01 0.01 4.62
0.4 -6.59 6.12
1.36 -5.32 6.33
2.04 -2.97 6.37
2.57 -1.56 7
2.76 1.61 8.1
2.65 2.55 8.24
2.65 2.55 8.24
2.74 3.41 6.33
2.46 4.09 6.23
2.33 3.98 5.69
2.51 3.69 4.68
2.67 3.47 5.34
2.37 3.87 6.79
1.99 4.36 7.32
1.77 3.08 4.26
2.23 2.19 2.02
2.51 1.61 0.46
2.54 1.45 -0.33
3.19 1.23 0.29
3.27 2.72 1.92
2.66 4.72 2.57
2.81 5.14 1.87
2.94 4.51 0
3.18 2.62 -1.45
3.73 1.62 -1.78
3.32 2.43 -2.87
3.83 1.89 -4.94
4 2.36 -5.48
4.21 5.3 -4.1
4.18 5.56 -3.83
4.34 6.06 -4.1
4.21 4.88 -3.63
4.12 2.07 -3.88
4.31 1.57 -4.22
4.11 1.25 -4.03
4.18 1.71 -3.02
3.98 3.13 -1.69
3.61 3.45 -0.63
3.49 1.62 -1.55
3.26 1.41 -2.35
3.07 1.64 -3.27
3.07 3.52 -4.85
2.99 5.79 -5
3.02 8.05 -5.18
2.92 8.34 -4.72
2.71 6.13 -1.99
2.68 6.56 -2.51
2.71 6.75 -3.61
2.89 5.55 -5.87
3 4.66 -6.56
3.03 4.95 -7.37
3.22 6.15 -7.55
3.38 6.25 -7.29
3.5 5.38 -7.72
3.48 4.6 -7.86
3.18 1.49 -6.21
2.97 0.34 -5.21
2.74 1.73 -4.56
2.75 4.21 -4.06
2.73 8.12 -4.05
2.81 9.21 -4.63
2.79 10.31 -4.81
2.81 10.43 -5.78
2.78 8.41 -6.2
2.58 6.68 -6.35
2.55 5.71 -6.02
2.16 4.69 -6.23
2.17 4.57 -6.16
2.03 5.85 -7.15
2.07 5.73 -8.18
1.91 6.53 -8.6
1.59 8.35 -7.13
1.46 10.24 -4.68
1.36 13.27 -2.51
1.56 14.4 -3.44
1.66 14.19 -4.72
1.72 12.9 -5.79
1.71 10.39 -5.46
1.62 8.96 -5.42
1.61 6.31 -5.52
1.18 6.14 -4.46
1.07 7.16 -4.16
1.3 7.75 -4.1
1.34 9 -4.13
1.39 11 -5.52
1.51 9.82 -5.83
1.65 8.25 -5.53
1.36 8.42 -3.27
1.33 8.39 -2.27
1.29 8.85 -1.73
1.23 9.86 -1.81
1.42 9.55 -2.88
1.35 9.47 -2.62
1.37 9.31 -2.88
1.53 8.61 -3.86
1.71 8.32 -4.44
1.79 8.3 -4.35
1.83 8.75 -4.07
1.76 8.22 -2.42
1.75 8.67 -1.59
1.81 8.97 -1.5
1.94 7.95 -2.49
2.07 7.21 -3.25
2.17 7.08 -3.61
2.18 7.72 -3.74
2.04 7.44 -4.07
1.96 6.65 -3.62
1.87 6.86 -3.17
1.79 7.46 -3.92
1.75 7.33 -4.18
1.69 7.4 -3.97
1.72 7.84 -3.96
1.71 8.64 -4.11
1.72 8.62 -4.2
1.71 8.5 -4.3
1.63 7.51 -3.99
1.72 7.17 -4.14
1.75 6.84 -4.14
1.84 7.23 -4.68
1.95 7.81 -4.84
1.86 7.7 -4.3
1.81 7.47 -3.71
1.79 7.53 -2.5
1.84 7.56 -2.32
1.91 7.7 -2.6
2 8.12 -3.14
2.11 8.63 -3.56
2.14 8.64 -3.48
2.19 8.77 -3.49
2.27 8.55 -3.79
2.26 8.32 -3.68
2.24 8.59 -3.79
2.11 9.57 -3.11
2.05 9.84 -2.81
2.02 9.83 -2.86
1.99 9.33 -3.37
1.98 9.17 -3.69
1.96 8.79 -4.34
1.97 8.58 -4.28
2.04 8.94 -4.49
2.07 8.93 -4.56
2.01 8.06 -4.03
1.95 7.71 -3.62
1.97 7.49 -3.25
1.96 7.47 -3.17
1.86 7.98 -2.63
