0 0 0 0
0 0 0 0
0 0 0 0
0 0 0 0
0 0 0 0
1 -0.0051879883 0.0004272461 -0.00012207031
1 -0.0060424805 0.0005493164 -0.00024414062
1 -0.0067749023 0.0006713867 -0.00036621094
1 -0.007385254 0.00079345703 -0.00048828125
0.99993896 -0.00793457 0.0008544922 -0.00061035156
0.99993896 -0.008605957 0.00091552734 -0.0006713867
0.99993896 -0.009521484 0.0010986328 -0.00079345703
0.99993896 -0.011779785 0.0012817383 -0.001159668
0.99993896 -0.012573242 0.0012817383 -0.0012817383
0.9998779 -0.0138549805 0.0010986328 -0.0012207031
0.9998779 -0.014465332 0.0010375977 -0.001159668
0.9998779 -0.015136719 0.0010375977 -0.0010375977
0.9998779 -0.01586914 0.0010375977 -0.0008544922
0.9998779 -0.016601562 0.0010375977 -0.00061035156
0.9998779 -0.017333984 0.0010375977 -0.0004272461
0.9998169 -0.018188477 0.0010986328 -0.00030517578
0.9998169 -0.019042969 0.0010986328 -0.00024414062
0.9998169 -0.019897461 0.0009765625 -0.00018310547
0.99975586 -0.020690918 0.0009765625 0
0.99975586 -0.021606445 0.0009765625 0.00024414062
0.99975586 -0.022827148 0.0009765625 0.00048828125
0.9996948 -0.024597168 0.0009765625 0.0007324219
0.9996338 -0.026489258 0.0005493164 0.00091552734
0.99957275 -0.028503418 -0.00024414062 0.0010986328
0.9995117 -0.030883789 -0.0015258789 0.0012207031
0.99938965 -0.03387451 -0.0033569336 0.0014038086
0.9992676 -0.03857422 -0.0056762695 0.0017089844
0.9989624 -0.044555664 -0.008666992 0.002319336
0.9986572 -0.049926758 -0.012268066 0.003479004
0.99835205 -0.054992676 -0.016357422 0.004760742
0.99798584 -0.059814453 -0.020690918 0.0057373047
0.9976196 -0.06384277 -0.02508545 0.0060424805
0.99731445 -0.06707764 -0.029418945 0.0053100586
0.9970703 -0.068603516 -0.03375244 0.0032348633
0.9968872 -0.06933594 -0.037719727 -0.00018310547
0.99658203 -0.07147217 -0.041259766 -0.0049438477
0.99627686 -0.07354736 -0.044311523 -0.010620117
0.9957886 -0.076660156 -0.046813965 -0.016845703
0.9953003 -0.080444336 -0.048706055 -0.023742676
0.9945679 -0.085510254 -0.05029297 -0.031433105
0.9935913 -0.09222412 -0.051635742 -0.040161133
0.99224854 -0.10070801 -0.05291748 -0.05029297
0.9907837 -0.10827637 -0.05456543 -0.060791016
0.98968506 -0.11138916 -0.056396484 -0.069885254
0.9888916 -0.112976074 -0.057617188 -0.077819824
0.98791504 -0.11608887 -0.057495117 -0.08514404
0.98687744 -0.11999512 -0.05645752 -0.091918945
0.9859619 -0.12298584 -0.05529785 -0.0982666
0.9852295 -0.12420654 -0.0546875 -0.10424805
0.9845581 -0.124816895 -0.05419922 -0.11016846
0.9838867 -0.12475586 -0.053649902 -0.11602783
0.9834595 -0.12384033 -0.05255127 -0.12145996
0.9829712 -0.12322998 -0.05041504 -0.12664795
0.9822998 -0.12408447 -0.04711914 -0.13195801
0.9815674 -0.12548828 -0.04296875 -0.13757324
0.98065186 -0.12731934 -0.038208008 -0.14355469
0.9796753 -0.12902832 -0.032958984 -0.14990234
0.9785156 -0.13140869 -0.026733398 -0.15649414
0.97717285 -0.1350708 -0.018859863 -0.16296387
0.975647 -0.13934326 -0.0095825195 -0.16912842
0.9741211 -0.14318848 0.00079345703 -0.17480469
0.9727173 -0.14593506 0.01184082 -0.1798706
0.9714966 -0.14733887 0.02355957 -0.18426514
0.9699707 -0.14959717 0.03668213 -0.18817139
0.9678345 -0.15454102 0.050720215 -0.1918335
0.96551514 -0.15991211 0.06402588 -0.1953125
0.9633179 -0.1642456 0.07574463 -0.19830322
0.96154785 -0.16662598 0.085876465 -0.20062256
0.960083 -0.16796875 0.095214844 -0.20227051
0.95880127 -0.1687622 0.10479736 -0.20324707
0.9573364 -0.16937256 0.115478516 -0.20355225
0.95562744 -0.17028809 0.12768555 -0.20361328
0.95336914 -0.171875 0.14190674 -0.20343018
0.9503174 -0.17523193 0.15838623 -0.20269775
0.94628906 -0.18078613 0.17700195 -0.20129395
0.9416504 -0.18743896 0.19616699 -0.19927979
0.9373779 -0.19158936 0.21392822 -0.19708252
0.9338989 -0.19274902 0.22973633 -0.19482422
0.9307251 -0.1930542 0.24389648 -0.19238281
0.9277344 -0.19366455 0.2567749 -0.18945312
0.925354 -0.19311523 0.26800537 -0.18609619
0.923584 -0.1907959 0.27807617 -0.18237305
0.9216919 -0.18920898 0.28778076 -0.17852783
0.9196167 -0.18817139 0.29742432 -0.17462158
0.91741943 -0.1876831 0.30706787 -0.16986084
0.91607666 -0.1843872 0.31622314 -0.1638794
0.9154053 -0.1776123 0.3255005 -0.15667725
0.9140625 -0.17388916 0.3352661 -0.14794922
0.9128418 -0.16918945 0.34466553 -0.13873291
0.91156006 -0.16467285 0.35394287 -0.12915039
0.90997314 -0.16027832 0.36364746 -0.118652344
0.9077759 -0.15692139 0.37371826 -0.107788086
0.90460205 -0.15734863 0.38464355 -0.09490967
0.90130615 -0.15826416 0.3951416 -0.08062744
0.8985596 -0.15777588 0.40423584 -0.06549072
0.8964844 -0.15588379 0.41174316 -0.049682617
0.89501953 -0.15240479 0.41784668 -0.03302002
0.89416504 -0.14691162 0.42266846 -0.015563965
0.8936157 -0.13989258 0.42651367 0.0026855469
0.8930054 -0.13189697 0.4296875 0.02166748
0.89245605 -0.12261963 0.432312 0.04046631
0.8916626 -0.11291504 0.43444824 0.05847168
0.8909302 -0.10229492 0.4360962 0.074645996
0.8904419 -0.09246826 0.43676758 0.08843994
0.89019775 -0.08508301 0.43615723 0.10046387
0.89019775 -0.079589844 0.43450928 0.11151123
0.8905029 -0.07623291 0.43164062 0.12207031
0.8911133 -0.07458496 0.42749023 0.13250732
0.892334 -0.072509766 0.42218018 0.14227295
0.8939209 -0.070617676 0.41583252 0.15161133
0.8956909 -0.07019043 0.40844727 0.16107178
0.8977661 -0.06933594 0.40039062 0.17016602
0.90008545 -0.06713867 0.39172363 0.17852783
0.9024658 -0.06518555 0.3826294 0.18676758
0.9049072 -0.06451416 0.3727417 0.19506836
0.90753174 -0.06414795 0.3618164 0.2033081
0.91052246 -0.061828613 0.35021973 0.2109375
0.9136963 -0.057495117 0.3381958 0.21783447
0.9168701 -0.052734375 0.32611084 0.22418213
0.9197998 -0.04949951 0.31384277 0.23022461
0.9225464 -0.04711914 0.3017578 0.23583984
0.9251709 -0.046447754 0.28948975 0.24102783
0.9277344 -0.047607422 0.27661133 0.24609375
0.9302368 -0.047668457 0.26348877 0.2508545
0.93273926 -0.04699707 0.24993896 0.25549316
0.9350586 -0.045166016 0.23657227 0.26000977
0.93725586 -0.044128418 0.2232666 0.26416016
0.93927 -0.045715332 0.20947266 0.2678833
0.94140625 -0.04449463 0.19641113 0.27044678
0.94348145 -0.042785645 0.1842041 0.2722168
0.94525146 -0.04345703 0.17218018 0.27374268
0.9468384 -0.04437256 0.16070557 0.27508545
0.9482422 -0.045654297 0.14941406 0.27648926
0.9493408 -0.046936035 0.13867188 0.27807617
0.9503174 -0.048034668 0.12823486 0.27947998
0.95251465 -0.047546387 0.10888672 0.28027344
0.9537964 -0.047546387 0.099609375 0.27947998
0.95513916 -0.048034668 0.09033203 0.2779541
0.95648193 -0.0491333 0.08105469 0.2758789
0.9578247 -0.051513672 0.0713501 0.27349854
0.9591675 -0.053649902 0.061340332 0.270813
0.9606323 -0.0546875 0.051330566 0.26745605
0.96221924 -0.05493164 0.041503906 0.26342773
0.9639282 -0.053833008 0.031982422 0.258667
0.96569824 -0.052001953 0.022888184 0.25335693
0.9673462 -0.050842285 0.014038086 0.2479248
0.96875 -0.04925537 0.0057373047 0.24298096
0.96990967 -0.04852295 -0.002319336 0.23864746
0.97088623 -0.048828125 -0.010681152 0.23431396
0.97180176 -0.04711914 -0.018981934 0.23022461
0.97265625 -0.04345703 -0.026733398 0.22650146
0.9734497 -0.03894043 -0.033996582 0.22302246
0.9741821 -0.03527832 -0.040893555 0.21923828
0.97491455 -0.033325195 -0.047607422 0.21502686
0.9755249 -0.032287598 -0.053710938 0.2107544
0.97613525 -0.031066895 -0.05908203 0.20666504
0.9767456 -0.029785156 -0.06378174 0.20257568
0.97735596 -0.029174805 -0.06781006 0.19818115
0.9781494 -0.02947998 -0.0713501 0.19311523
0.97906494 -0.031921387 -0.07507324 0.18652344
0.98010254 -0.034729004 -0.07873535 0.17883301
0.9812012 -0.03552246 -0.081970215 0.17089844
0.9822998 -0.033996582 -0.0848999 0.16339111
0.98327637 -0.03161621 -0.08746338 0.15637207
0.98413086 -0.029724121 -0.08984375 0.14996338
0.9848633 -0.028015137 -0.09185791 0.14447021
0.9854126 -0.028320312 -0.09362793 0.13909912
0.98602295 -0.030090332 -0.09515381 0.13342285
0.98669434 -0.031188965 -0.09625244 0.1274414
0.9873657 -0.031188965 -0.09692383 0.12121582
0.9881592 -0.030151367 -0.09729004 0.11456299
0.9890747 -0.026977539 -0.09698486 0.10797119
0.9899292 -0.02368164 -0.0960083 0.10101318
0.99090576 -0.02142334 -0.09436035 0.09350586
0.9918213 -0.020996094 -0.09222412 0.08581543
0.99261475 -0.02142334 -0.090148926 0.078552246
0.9932251 -0.020996094 -0.08862305 0.072265625
0.9937134 -0.01977539 -0.08734131 0.06744385
0.9940796 -0.018920898 -0.085998535 0.06390381
0.99432373 -0.019714355 -0.08453369 0.061035156
0.9945679 -0.021850586 -0.08288574 0.05859375
0.994812 -0.022888184 -0.08105469 0.05657959
0.9951172 -0.023498535 -0.07910156 0.054138184
0.99542236 -0.024291992 -0.0770874 0.05102539
0.99572754 -0.024536133 -0.07513428 0.047729492
0.9960327 -0.024597168 -0.07324219 0.044311523
0.99627686 -0.024536133 -0.07147217 0.041137695
0.996521 -0.024780273 -0.06951904 0.038635254
0.9967041 -0.026000977 -0.06719971 0.036499023
0.99694824 -0.028259277 -0.06463623 0.034301758
0.9970703 -0.029907227 -0.06213379 0.032165527
0.9972534 -0.030822754 -0.059814453 0.030273438
0.9974365 -0.03149414 -0.0579834 0.028442383
0.9975586 -0.031433105 -0.05633545 0.027160645
0.99768066 -0.031677246 -0.05480957 0.026184082
0.9977417 -0.032165527 -0.053344727 0.02545166
0.99780273 -0.032226562 -0.05206299 0.025024414
0.99786377 -0.032104492 -0.050720215 0.024780273
0.99798584 -0.031982422 -0.04925537 0.024597168
0.9980469 -0.032104492 -0.047607422 0.024414062
0.9981079 -0.032165527 -0.045715332 0.024475098
0.99823 -0.03253174 -0.043884277 0.024536133
0.998291 -0.032592773 -0.0423584 0.024719238
0.99835205 -0.031799316 -0.04119873 0.025268555
0.99835205 -0.030578613 -0.040222168 0.026062012
0.9984131 -0.02947998 -0.039367676 0.026794434
0.9984741 -0.02911377 -0.03857422 0.027282715
0.9984741 -0.028808594 -0.03765869 0.027832031
0.9984741 -0.028869629 -0.03668213 0.028503418
0.9984741 -0.029785156 -0.035705566 0.028869629
0.9984741 -0.030517578 -0.034851074 0.02911377
0.99853516 -0.030517578 -0.034118652 0.02935791
0.99853516 -0.030883789 -0.033325195 0.029541016
0.99853516 -0.03161621 -0.032470703 0.02960205
0.99853516 -0.032287598 -0.03161621 0.02960205
0.99853516 -0.03289795 -0.030700684 0.029785156
0.99853516 -0.03363037 -0.029724121 0.030090332
0.99853516 -0.034484863 -0.028625488 0.030517578
0.99853516 -0.03527832 -0.02746582 0.03100586
0.99853516 -0.03564453 -0.026306152 0.031433105
0.99853516 -0.035888672 -0.02520752 0.031677246
0.99853516 -0.036254883 -0.023925781 0.03173828
0.99853516 -0.03717041 -0.022521973 0.031799316
0.99853516 -0.038391113 -0.020935059 0.031799316
0.99853516 -0.039978027 -0.01940918 0.031677246
0.9984741 -0.041503906 -0.018005371 0.03149414
0.9984741 -0.04248047 -0.016906738 0.031311035
0.9984741 -0.04284668 -0.016052246 0.03100586
0.9984741 -0.043151855 -0.015258789 0.030639648
0.9984741 -0.043640137 -0.014465332 0.030395508
0.9984741 -0.04437256 -0.01373291 0.030090332
0.9984741 -0.045043945 -0.013061523 0.029907227
0.9984131 -0.045654297 -0.012390137 0.029785156
0.9984131 -0.047058105 -0.011047363 0.029296875
0.9984131 -0.047729492 -0.010375977 0.0289917
0.99835205 -0.048706055 -0.009643555 0.028869629
0.998291 -0.04949951 -0.009033203 0.028808594
0.998291 -0.050109863 -0.008544922 0.0289917
0.99823 -0.05126953 -0.007873535 0.029846191
0.99816895 -0.051757812 -0.007507324 0.030395508
0.9981079 -0.052612305 -0.007019043 0.030883789
0.9980469 -0.053649902 -0.0064697266 0.03137207
0.99798584 -0.054626465 -0.00579834 0.031799316
0.9979248 -0.055480957 -0.0049438477 0.032409668
0.99786377 -0.056518555 -0.003967285 0.032958984
0.9977417 -0.057800293 -0.0029907227 0.03338623
0.99768066 -0.05895996 -0.0021362305 0.033691406
0.9976196 -0.05987549 -0.0012817383 0.03375244
